
sets
i        orders          /0*10/
k        routes          /1*10/
p        positions       /0*10/
;

alias(i,j)
alias(i,h)
alias(i,hh)
alias(i,jj)
alias(k,kk)
                
                    Parameters

rho(i)	Processing time
/
0	0
1	83
2	31
3	74
4	86
5	85
6	42
7	43
8	32
9	90
10	45
/

gamma(i)	Duedate
/
0	0
1	71
2	84
3	69
4	37
5	58
6	59
7	97
8	60
9	86
10	13
/

sigma(i)	Size
/
0	0
1	1
2	3
3	4
4	2
5	9
6	9
7	4
8	1
9	7
10	3
/

epsilon(i)	Priority
/
0	0
1	7
2	9
3	5
4	1
5	1
6	1
7	7
8	3
9	5
10	7
/

psi	Vehicle Capacity
/ 25 /
;

Table kappa(i,j)                 Setup
         0        1        2        3        4        5        6        7        8        9        10       
0        0        278      115      145      154      295      177      270      217      204      253      
1        278      0        178      206      182      403      267      127      363      206      93       
2        115      178      0        58       50       268      123      154      207      108      138      
3        145      206      58       0        24       213      67       142      159      59       140      
4        154      182      50       24       0        233      88       122      182      57       117      
5        295      403      268      213      233      0        146      294      80       197      316      
6        177      267      123      67       88       146      0        178      96       71       188      
7        270      127      154      142      122      294      178      0        271      107      37       
8        217      363      207      159      182      80       96       271      0        164      284      
9        204      206      108      59       57       197      71       107      164      0        120      
10       253      93       138      140      117      316      188      37       284      120      0        
;



Table delta(i,j)                 Distance
         0        1        2        3        4        5        6        7        8        9        10       
0        0        1420     2120     3840     2260     5500     1100     4220     2840     5120     800      
1        1420     0        115      254      59       271      105      268      174      267      32       
2        2120     115      0        181      95       169      67       183      65       154      100      
3        3840     254      181      0        267      268      150      33       130      214      224      
4        2260     59       95       267      0        225      121      274      160      231      76       
5        5500     271      169      268      225      0        230      247      157      59       265      
6        1100     105      67       150      121      230      0        163      88       205      75       
7        4220     268      183      33       274      247      163      0        124      191      239      
8        2840     174      65       130      160      157      88       124      0        120      152      
9        5120     267      154      214      231      59       205      191      120      0        254      
10       800      32       100      224      76       265      75       239      152      254      0        
;

