

sets
i        orders          /0*10/
k        routes          /1*10/
p        positions       /0*10/
;

alias(i,j)
alias(i,h)
alias(i,hh)
alias(i,jj)
alias(k,kk)
                            Parameters

rho(i)	Processing time
/
0	0
1	41
2	96
3	49
4	57
5	34
6	6
7	19
8	32
9	51
10	33
/

gamma(i)	Duedate
/
0	0
1	61
2	12
3	62
4	68
5	34
6	66
7	78
8	15
9	73
10	45
/

sigma(i)	Size
/
0	0
1	5
2	5
3	4
4	9
5	7
6	3
7	4
8	6
9	5
10	8
/

epsilon(i)	Priority
/
0	0
1	3
2	8
3	5
4	3
5	3
6	3
7	8
8	6
9	9
10	2
/

psi	Vehicle Capacity
/ 23 /
;

Table kappa(i,j)                 Setup
         0        1        2        3        4        5        6        7        8        9        10       
0        0        561      663      371      512      484      209      658      786      766      501      
1        561      0        937      451      446      144      539      1065     629      608      994      
2        663      937      0        1008     521      962      484      253      589      587      418      
3        371      451      1008     0        693      310      524      1029     956      934      868      
4        512      446      521      693      0        516      333      704      276      256      715      
5        484      144      962      310      516      0        516      1058     736      715      956      
6        209      539      484      524      333      516      0        542      594      576      456      
7        658      1065     253      1029     704      1058     542      0        825      821      230      
8        786      629      589      956      276      736      594      825      0        22       903      
9        766      608      587      934      256      715      576      821      22       0        893      
10       501      994      418      868      715      956      456      230      903      893      0        
;



Table delta(i,j)                 Distance
         0        1        2        3        4        5        6        7        8        9        10       
0        0        2020     1530     2090     280      1930     850      1640     1450     2600     2140     
1        2020     0        256      148      174      92       155      110      75       169      119      
2        1530     256      0        334      156      297      112      155      181      201      186      
3        2090     148      334      0        190      55       222      230      182      312      258      
4        280      174      156      190      0        168      67       141      118      239      190      
5        1930     92       297      55       168      0        185      180      132      257      203      
6        850      155      112      222      67       185      0        83       81       175      132      
7        1640     110      155      230      141      180      83       0        48       99       49       
8        1450     75       181      182      118      132      81       48       0        141      85       
9        2600     169      201      312      239      257      175      99       141      0        55       
10       2140     119      186      258      190      203      132      49       85       55       0        
;

