
sets
i        orders          /0*40/
k        routes          /1*40/
p        positions       /0*40/
;

alias(i,j)
alias(i,h)
alias(i,hh)
alias(i,jj)
alias(k,kk)
                
                    Parameters

rho(i)	Processing time
/
0	0
1	75
2	33
3	16
4	95
5	8
6	89
7	19
8	95
9	7
10	95
11	3
12	39
13	58
14	99
15	5
16	59
17	8
18	70
19	57
20	25
21	29
22	15
23	18
24	6
25	34
26	81
27	93
28	23
29	93
30	92
31	29
32	33
33	11
34	84
35	97
36	83
37	28
38	33
39	42
40	11
/

gamma(i)	Duedate
/
0	0
1	49
2	86
3	70
4	57
5	68
6	77
7	97
8	34
9	56
10	95
11	55
12	98
13	13
14	55
15	78
16	26
17	55
18	11
19	97
20	53
21	69
22	99
23	18
24	33
25	58
26	19
27	88
28	34
29	66
30	3
31	66
32	67
33	86
34	54
35	31
36	98
37	11
38	95
39	34
40	65
/

sigma(i)	Size
/
0	0
1	4
2	6
3	6
4	5
5	2
6	4
7	2
8	9
9	5
10	6
11	3
12	8
13	6
14	1
15	1
16	6
17	3
18	4
19	8
20	2
21	6
22	4
23	4
24	3
25	5
26	9
27	8
28	6
29	1
30	8
31	6
32	9
33	6
34	6
35	2
36	3
37	9
38	1
39	5
40	4
/

epsilon(i)	Priority
/
0	0
1	6
2	5
3	6
4	7
5	6
6	8
7	3
8	3
9	6
10	7
11	8
12	7
13	4
14	8
15	5
16	6
17	4
18	8
19	9
20	5
21	3
22	5
23	6
24	2
25	5
26	3
27	9
28	2
29	6
30	4
31	8
32	1
33	9
34	4
35	1
36	1
37	1
38	6
39	1
40	3
/

psi	Vehicle Capacity
/ 20 /
;

Table kappa(i,j)                 Setup
         0        1        2        3        4        5        6        7        8        9        10       11       12       13       14       15       16       17       18       19       20       21       22       23       24       25       26       27       28       29       30       31       32       33       34       35       36       37       38       39       40       
0        0        415      387      175      387      247      367      340      406      146      212      393      418      326      92       193      413      443      324      302      313      376      161      368      336      203      401      204      304      180      105      320      354      353      364      398      264      402      167      420      365      
1        415      0        362      283      339      208      145      80       200      319      203      283      55       92       343      227      306      40       337      172      382      195      309      188      145      214      102      228      369      254      337      195      329      392      194      140      241      27       247      33       58       
2        387      362      0        232      24       405      452      304      175      246      323      86       315      304      301      280      75       352      63       208      88       498      233      488      428      336      440      253      90       380      287      460      40       58       168      229      167      334      317      393      313      
3        175      283      232      0        227      204      295      202      232      37       123      222      269      191      83       72       244      301      171      135      181      327      26       316      264      129      308      57       168      159      70       276      194      215      190      230      89       263      95       299      226      
4        387      339      24       227      0        391      434      283      150      243      310      62       292      284      299      269      52       329      65       189      102      480      229      470      410      324      419      242      101      369      285      444      33       78       145      205      154      312      307      371      292      
5        247      208      405      204      391      0        120      164      313      223      83       358      238      151      212      133      384      246      352      210      376      132      223      123      90       74       160      158      363      67       214      76       364      406      280      270      238      209      112      199      182      
6        367      145      452      295      434      120      0        154      318      323      175      387      195      150      323      223      413      184      411      244      446      51       319      43       32       175      51       240      433      186      323      62       414      468      297      262      298      161      218      119      156      
7        340      80       304      202      283      164      154      0        165      238      132      233      80       14       265      149      259      102      270      100      311      204      228      194      137      146      136      147      298      193      258      182      267      326      143      112      166      62       173      100      25       
8        406      200      175      232      150      313      318      165      0        265      250      89       147      172      315      230      108      182      173      111      224      369      250      359      302      266      292      209      215      318      302      345      152      219      42       60       145      173      269      233      163      
9        146      319      246      37       243      223      323      238      265      0        148      246      306      226      56       100      267      337      183      171      182      351      15       341      291      151      339      91       171      170      41       298      210      220      223      267      120      299      111      334      262      
10       212      203      323      123      310      83       175      132      250      148      0        282      213      118      151      50       308      233      269      140      293      203      145      193      143      16       197      74       279      68       149      152      282      322      212      218      156      192      46       207      157      
11       393      283      86       222      62       358      387      233      89       246      282      0        233      236      302      248      26       269      100      148      149      435      231      425      366      297      368      222      143      346      288      403      71       135      90       145      136      255      288      315      239      
12       418      55       315      269      292      238      195      80       147      306      213      233      0        95       339      226      255      37       297      143      344      246      295      238      190      227      156      220      332      274      331      239      285      350      147      88       213      34       253      89       57       
13       326      92       304      191      284      151      150      14       172      226      118      236      95       0        251      135      262      117      267      97       307      199      217      189      131      131      137      135      294      179      245      173      266      324      147      122      160      76       159      109      39       
14       92       343      301      83       299      212      323      265      315      56       151      302      339      251      0        116      323      367      238      214      234      344      70       334      291      148      348      119      223      149      14       288      266      273      273      310      172      327      106      354      289      
15       193      227      280      72       269      133      223      149      230      100      50       248      226      135      116      0        273      252      223      119      244      254      96       243      191      59       239      27       230      100      110      203      239      274      189      210      114      212      40       238      174      
16       413      306      75       244      52       384      413      259      108      267      308      26       255      262      323      273      0        291      106      175      151      462      252      451      393      324      393      247      148      372      309      430      74       130      116      167      161      279      313      339      264      
17       443      40       352      301      329      246      184      102      182      337      233      269      37       117      367      252      291      0        334      179      381      234      326      227      185      246      139      249      369      289      360      235      322      388      184      124      249      40       275      67       77       
18       324      337      63       171      65       352      411      270      173      183      269      100      297      267      238      223      106      334      0        170      50       454      170      444      385      281      404      196      43       323      224      413      33       56       152      216      115      310      258      365      283      
19       302      172      208      135      189      210      244      100      111      171      140      148      143      97       214      119      175      179      170      0        211      290      158      280      221      156      234      99       198      207      203      255      169      226      72       96       70       147      158      198      116      
20       313      382      88       181      102      376      446      311      224      182      293      149      344      307      234      244      151      381      50       211      0        486      172      476      418      303      443      218      13       339      220      441      78       40       201      265      148      355      274      409      327      
21       376      195      498      327      480      132      51       204      369      351      203      435      246      199      344      254      462      234      454      290      486      0        349      10       69       200      96       274      473      198      345      56       459      510      347      313      339      212      241      167      207      
22       161      309      233      26       229      223      319      228      250      15       145      231      295      217      70       96       252      326      170      158      172      349      0        339      287      150      333      83       161      174      56       297      196      209      208      252      105      289      112      325      252      
23       368      188      488      316      470      123      43       194      359      341      193      425      238      189      334      243      451      227      444      280      476      10       339      0        59       190      90       263      462      189      336      48       448      500      337      304      328      204      231      161      197      
24       336      145      428      264      410      90       32       137      302      291      143      366      190      131      291      191      393      185      385      221      418      69       287      59       0        143      71       209      405      156      291      50       389      441      278      249      270      156      185      125      143      
25       203      214      336      129      324      74       175      146      266      151      16       297      227      131      148      59       324      246      281      156      303      200      150      190      143      0        201      85       290      52       147      147      296      333      228      234      169      205      42       216      170      
26       401      102      440      308      419      160      51       136      292      339      197      368      156      137      348      239      393      139      404      234      443      96       333      90       71       201      0        251      430      222      346      114      403      461      277      233      295      123      242      72       129      
27       204      228      253      57       242      158      240      147      209      91       74       222      220      135      119      27       247      249      196      99       218      274      83       263      209      85       251      0        205      127      111      225      212      248      167      194      87       209      66       242      172      
28       304      369      90       168      101      363      433      298      215      171      279      143      332      294      223      230      148      369      43       198      13       473      161      462      405      290      430      205      0        326      210      428      74       49       191      255      135      343      261      396      314      
29       180      254      380      159      369      67       186      193      318      170      68       346      274      179      149      100      372      289      323      207      339      198      174      189      156      52       222      127      326      0        153      142      340      372      280      286      215      249      64       252      216      
30       105      337      287      70       285      214      323      258      302      41       149      288      331      245      14       110      309      360      224      203      220      345      56       336      291      147      346      111      210      153      0        290      251      259      260      299      159      320      105      349      282      
31       320      195      460      276      444      76       62       182      345      298      152      403      239      173      288      203      430      235      413      255      441      56       297      48       50       147      114      225      428      142      290      0        420      468      318      294      297      206      187      174      191      
32       354      329      40       194      33       364      414      267      152      210      282      71       285      266      266      239      74       322      33       169      78       459      196      448      389      296      403      212      74       340      251      420      0        67       137      200      126      301      276      359      278      
33       353      392      58       215      78       406      468      326      219      220      322      135      350      324      273      274      130      388      56       226      40       510      209      500      441      333      461      248      49       372      259      468      67       0        203      267      171      365      307      421      339      
34       364      194      168      190      145      280      297      143      42       223      212      90       147      147      273      189      116      184      152      72       201      347      208      337      278      228      277      167      191      280      260      318      137      203      0        64       104      166      229      225      148      
35       398      140      229      230      205      270      262      112      60       267      218      145      88       122      310      210      167      124      216      96       265      313      252      304      249      234      233      194      255      286      299      294      200      267      64       0        154      113      246      173      106      
36       264      241      167      89       154      238      298      166      145      120      156      136      213      160      172      114      161      249      115      70       148      339      105      328      270      169      295      87       135      215      159      297      126      171      104      154      0        217      153      266      184      
37       402      27       334      263      312      209      161      62       173      299      192      255      34       76       327      212      279      40       310      147      355      212      289      204      156      205      123      209      343      249      320      206      301      365      166      113      217      0        235      60       37       
38       167      247      317      95       307      112      218      173      269      111      46       288      253      159      106      40       313      275      258      158      274      241      112      231      185      42       242      66       261      64       105      187      276      307      229      246      153      235      0        253      198      
39       420      33       393      299      371      199      119      100      233      334      207      315      89       109      354      238      339      67       365      198      409      167      325      161      125      216      72       242      396      252      349      174      359      421      225      173      266      60       253      0        82       
40       365      58       313      226      292      182      156      25       163      262      157      239      57       39       289      174      264      77       283      116      327      207      252      197      143      170      129      172      314      216      282      191      278      339      148      106      184      37       198      82       0        
;



Table delta(i,j)                 Distance
         0        1        2        3        4        5        6        7        8        9        10       11       12       13       14       15       16       17       18       19       20       21       22       23       24       25       26       27       28       29       30       31       32       33       34       35       36       37       38       39       40       
0        0        2700     6100     7260     6740     4460     4160     4600     2260     3060     6660     3940     5100     3760     3240     4560     4180     4560     4380     1640     4520     6520     3360     4060     3240     2540     6440     3540     6400     6480     3180     3820     5120     7720     6160     3940     3220     3380     1240     2140     4800     
1        2700     0        182      240      203      204      77       154      128      237      209      166      195      167      42       156      251      170      113      175      99       212      52       228      115      14       227      45       192      193      209      79       142      260      182      138      171      91       170      179      169      
2        6100     182      0        230      92       215      154      120      307      345      204      319      316      201      145      128      425      151      213      357      84       40       137      398      275      196      93       164      28       161      294      114      207      230      186      279      239      145      316      362      131      
3        7260     240      230      0        145      406      164      318      288      478      32       235      187      377      242      324      355      348      145      365      210      267      246      323      226      242      323      195      207      69       444      250      108      28       59       200      398      293      409      351      334      
4        6740     203      92       145      0        299      141      204      307      410      124      293      272      279      179      212      411      235      179      371      118      126      176      381      259      212      184      165      66       81       364      164      158      140      114      252      311      206      364      369      217      
5        4460     204      215      406      299      0        256      95       303      163      374      365      399      38       177      88       423      64       312      305      197      207      169      408      316      214      164      235      243      341      106      158      332      416      349      342      65       119      189      326      84       
6        4160     77       154      164      141      256      0        181      166      313      132      164      166      222      81       186      275      206      63       232      80       192      87       247      122      81       226      31       152      116      280      100      76       183      106      125      236      137      247      228      198      
7        4600     154      120      318      204      95       181      0        276      232      286      319      340      81       114      7        401      31       243      302      109      118      104      380      269      167      93       168      148      251      177      82       255      325      262      288      122      66       222      316      17       
8        2260     128      307      288      307      303      166      276      0        265      263      85       146      265      170      277      124      286      144      77       223      339      180      105      63       113      355      145      313      268      264      207      181      314      242      95       251      210      175      63       290      
9        3060     237      345      478      410      163      313      232      265      0        445      348      402      152      239      225      356      210      347      225      292      349      238      354      308      238      319      282      369      424      57       246      379      495      419      342      109      204      91       254      230      
10       6660     209      204      32       124      374      132      286      263      445      0        217      175      344      209      293      339      317      119      339      178      242      213      307      202      211      296      163      183      43       411      217      82       52       26       179      365      260      378      326      303      
11       3940     166      319      235      293      365      164      319      85       348      217      0        64       327      205      322      122      336      113      155      240      356      216      90       50       153      384      159      317      234      342      240      141      263      202      41       320      257      259      131      335      
12       5100     195      316      187      272      399      166      340      146      402      175      64       0        362      227      344      172      362      103      219      246      355      237      140      93       185      393      172      308      202      389      258      113      215      166      60       362      284      315      195      357      
13       3760     167      201      377      279      38       222      81       265      152      344      327      362      0        141      74       385      57       276      269      169      199      134      370      277      176      166      199      228      314      96       127      297      388      319      303      43       85       161      289      77       
14       3240     42       145      242      179      177      81       114      170      239      209      205      227      141      0        117      293      134      135      213      64       172      10       270      155      56       185      58       158      186      201      37       156      258      183      173      156      58       185      219      131      
15       4560     156      128      324      212      88       186      7        277      225      293      322      344      74       117      0        401      24       247      300      115      125      107      381      272      169      98       172      156      258      170      86       261      332      269      291      115      67       218      315      13       
16       4180     251      425      355      411      423      275      401      124      356      339      122      172      385      293      401      0        410      233      131      342      459      304      32       153      237      479      261      427      356      369      331      262      383      324      162      366      334      267      102      415      
17       4560     170      151      348      235      64       206      31       286      210      317      336      362      57       134      24       410      0        267      304      138      144      124      391      286      183      109      190      179      282      154      106      282      356      292      307      100      79       211      320      21       
18       4380     113      213      145      179      312      63       243      144      347      119      113      103      276      135      247      233      267      0        220      144      252      143      202      85       109      289      77       207      125      322      161      37       170      97       72       284      193      270      208      260      
19       1640     175      357      365      371      305      232      302      77       225      339      155      219      269      213      300      131      304      220      0        274      384      221      131      141      162      389      206      368      340      240      247      257      390      317      172      243      236      136      30       313      
20       4520     99       84       210      118      197      80       109      223      292      178      240      246      169      64       115      342      138      144      274      0        117      59       316      194      112      146      82       94       144      248      46       149      219      153      203      196      89       247      278      126      
21       6520     212      40       267      126      207      192      118      339      349      242      356      355      199      172      125      459      144      252      384      117      0        163      433      310      226      59       199      60       200      295      137      247      265      226      317      240      160      331      391      123      
22       3360     52       137      246      176      169      87       104      180      238      213      216      237      134      10       107      304      124      143      221      59       163      0        281      166      67       174      66       151      188      198      26       163      261      187      184      151      50       188      229      120      
23       4060     228      398      323      381      408      247      380      105      354      307      90       140      370      270      381      32       391      202      131      316      433      281      0        124      214      455      234      399      324      362      307      231      351      292      130      354      314      263      101      395      
24       3240     115      275      226      259      316      122      269      63       308      202      50       93       277      155      272      153      286      85       141      194      310      166      124      0        103      336      112      275      210      297      191      120      252      182      34       273      207      222      125      285      
25       2540     14       196      242      212      214      81       167      113      238      211      153      185      176      56       169      237      183      109      162      112      226      67       214      103      0        241      50       205      198      212      93       140      263      185      127      178      103      166      165      183      
26       6440     227      93       323      184      164      226      93       355      319      296      384      393      166      185      98       479      109      289      389      146      59       174      455      336      241      0        225      118      254      263      148      291      323      277      348      209      154      316      401      90       
27       3540     45       164      195      165      235      31       168      145      282      163      159      172      199      58       172      261      190      77       206      82       199      66       234      112      50       225      0        167      147      251      86       100      214      136      123      210      116      216      204      185      
28       6400     192      28       207      66       243      152      148      313      369      183      317      308      228      158      156      427      179      207      368      94       60       151      399      275      205      118      167      0        140      319      131      196      205      168      276      264      167      336      370      159      
29       6480     193      161      69       81       341      116      251      268      424      43       234      202      314      186      258      356      282      125      340      144      200      188      324      210      198      254      147      140      0        386      187      93       75       35       194      338      231      363      331      266      
30       3180     209      294      444      364      106      280      177      264      57       411      342      389      96       201      170      369      154      322      240      248      295      198      362      297      212      263      251      319      386      0        202      351      459      385      329      55       158      105      267      174      
31       3820     79       114      250      164      158      100      82       207      246      217      240      258      127      37       86       331      106      161      247      46       137      26       307      191      93       148      86       131      187      202      0        176      262      191      207      151      44       205      255      99       
32       5120     142      207      108      158      332      76       255      181      379      82       141      113      297      156      261      262      282      37       257      149      247      163      231      120      140      291      100      196      93       351      176      0        133      62       101      310      213      305      244      273      
33       7720     260      230      28       140      416      183      325      314      495      52       263      215      388      258      332      383      356      170      390      219      265      261      351      252      263      323      214      205      75       459      262      133      0        77       227      412      305      430      377      341      
34       6160     182      186      59       114      349      106      262      242      419      26       202      166      319      183      269      324      292      97       317      153      226      187      292      182      185      277      136      168      35       385      191      62       77       0        163      339      234      352      305      279      
35       3940     138      279      200      252      342      125      288      95       342      179      41       60       303      173      291      162      307      72       172      203      317      184      130      34       127      348      123      276      194      329      207      101      227      163      0        302      229      256      153      305      
36       3220     171      239      398      311      65       236      122      251      109      365      320      362      43       156      115      366      100      284      243      196      240      151      354      273      178      209      210      264      338      55       151      310      412      339      302      0        106      124      266      120      
37       3380     91       145      293      206      119      137      66       210      204      260      257      284      85       58       67       334      79       193      236      89       160      50       314      207      103      154      116      167      231      158      44       213      305      234      229      106      0        171      249      80       
38       1240     170      316      409      364      189      247      222      175      91       378      259      315      161      185      218      267      211      270      136      247      331      188      263      222      166      316      216      336      363      105      205      305      430      352      256      124      171      0        164      227      
39       2140     179      362      351      369      326      228      316      63       254      326      131      195      289      219      315      102      320      208      30       278      391      229      101      125      165      401      204      370      331      267      255      244      377      305      153      266      249      164      0        328      
40       4800     169      131      334      217      84       198      17       290      230      303      335      357      77       131      13       415      21       260      313      126      123      120      395      285      183      90       185      159      266      174      99       273      341      279      305      120      80       227      328      0        
;

