
sets
i        orders          /0*10/
k        routes          /1*10/
p        positions       /0*10/
;

alias(i,j)
alias(i,h)
alias(i,hh)
alias(i,jj)
alias(k,kk)
                
                    Parameters

rho(i)	Processing time
/
0	0
1	4
2	85
3	17
4	82
5	36
6	44
7	19
8	92
9	12
10	12
/

gamma(i)	Duedate
/
0	0
1	17
2	6
3	44
4	9
5	61
6	44
7	39
8	50
9	60
10	80
/

sigma(i)	Size
/
0	0
1	7
2	9
3	5
4	6
5	4
6	7
7	9
8	4
9	9
10	7
/

epsilon(i)	Priority
/
0	0
1	1
2	1
3	2
4	6
5	9
6	5
7	6
8	8
9	8
10	4
/

psi	Vehicle Capacity
/ 22 /
;

Table kappa(i,j)                 Setup
         0        1        2        3        4        5        6        7        8        9        10       
0        0        11       57       44       7        37       35       10       34       23       50       
1        11       0        45       33       8        49       47       16       44       24       39       
2        57       45       0        15       52       94       92       59       85       56       7        
3        44       33       15       0        41       82       78       49       70       41       8        
4        7        8        52       41       0        42       41       8        42       28       46       
5        37       49       94       82       42       0        14       36       32       51       88       
6        35       47       92       78       41       14       0        38       18       42       85       
7        10       16       59       49       8        36       38       0        42       34       53       
8        34       44       85       70       42       32       18       42       0        30       78       
9        23       24       56       41       28       51       42       34       30       0        49       
10       50       39       7        8        46       88       85       53       78       49       0        
;



Table delta(i,j)                 Distance
         0        1        2        3        4        5        6        7        8        9        10       
0        0        2320     1340     1900     1860     140      100      1820     580      400      680      
1        2320     0        51       21       35       109      114      63       95       96       88       
2        1340     51       0        29       25       61       66       63       52       48       36       
3        1900     21       29       0        18       89       94       57       76       75       66       
4        1860     35       25       18       0        87       92       73       78       74       60       
5        140      109      61       89       87       0        5        84       22       13       30       
6        100      114      66       94       92       5        0        87       24       18       35       
7        1820     63       63       57       73       84       87       0        62       73       81       
8        580      95       52       76       78       22       24       62       0        14       35       
9        400      96       48       75       74       13       18       73       14       0        22       
10       680      88       36       66       60       30       35       81       35       22       0        
;

