
sets
i        orders          /0*40/
k        routes          /1*40/
p        positions       /0*40/
;

alias(i,j)
alias(i,h)
alias(i,hh)
alias(i,jj)
alias(k,kk)
                
                    Parameters

rho(i)	Processing time
/
0	0
1	7
2	10
3	24
4	74
5	20
6	19
7	44
8	36
9	38
10	72
11	60
12	74
13	67
14	83
15	21
16	66
17	95
18	51
19	24
20	11
21	55
22	99
23	71
24	79
25	15
26	92
27	71
28	76
29	46
30	53
31	39
32	96
33	96
34	74
35	5
36	56
37	33
38	68
39	50
40	4
/

gamma(i)	Duedate
/
0	0
1	75
2	22
3	16
4	39
5	17
6	4
7	91
8	29
9	1
10	92
11	16
12	62
13	66
14	23
15	93
16	33
17	91
18	35
19	31
20	83
21	5
22	80
23	24
24	92
25	75
26	78
27	7
28	74
29	33
30	1
31	27
32	27
33	82
34	71
35	50
36	67
37	21
38	66
39	54
40	4
/

sigma(i)	Size
/
0	0
1	5
2	4
3	2
4	7
5	3
6	5
7	7
8	5
9	1
10	4
11	7
12	2
13	4
14	1
15	8
16	3
17	1
18	4
19	8
20	1
21	9
22	1
23	8
24	4
25	9
26	9
27	5
28	6
29	5
30	1
31	2
32	9
33	5
34	9
35	2
36	8
37	7
38	9
39	9
40	2
/

epsilon(i)	Priority
/
0	0
1	9
2	5
3	7
4	5
5	4
6	7
7	3
8	8
9	7
10	9
11	4
12	4
13	7
14	3
15	9
16	9
17	8
18	1
19	7
20	5
21	1
22	1
23	3
24	6
25	9
26	9
27	6
28	5
29	8
30	6
31	6
32	9
33	3
34	1
35	4
36	5
37	1
38	6
39	5
40	4
/

psi	Vehicle Capacity
/ 10 /
;

Table kappa(i,j)                 Setup
         0        1        2        3        4        5        6        7        8        9        10       11       12       13       14       15       16       17       18       19       20       21       22       23       24       25       26       27       28       29       30       31       32       33       34       35       36       37       38       39       40       
0        0        699      978      1167     506      1149     543      514      982      803      854      340      567      1176     946      497      833      1011     847      949      968      831      507      621      818      294      716      436      760      638      192      321      481      707      682      712      480      1006     716      612      1084     
1        699      0        516      638      579      452      344      601      393      376      168      644      754      717      292      202      226      678      227      343      281      226      192      419      495      795      97       307      682      146      531      399      283      285      571      559      254      319      451      827      389      
2        978      516      0        194      1062     527      842      566      194      882      567      1073     672      211      682      593      693      203      307      232      606      298      607      366      190      907      420      751      433      658      883      672      519      800      1083     1074     709      620      279      1307     488      
3        1167     638      194      0        1209     495      980      760      247      977      643      1240     858      133      734      754      775      309      412      299      647      412      764      560      382      1102     552      907      607      784      1061     855      698      910      1208     1194     862      650      474      1457     478      
4        506      579      1062     1209     0        977      236      844      970      417      654      187      960      1272     676      472      559      1182     803      921      740      799      455      808      974      779      658      315      1048     438      352      499      584      379      185      221      352      771      890      248      924      
5        1149     452      527      495      977      0        746      941      336      621      325      1079     1084     625      328      651      426      729      344      316      245      366      643      715      654      1209     438      752      911      555      983      837      694      605      905      879      700      223      683      1214     65       
6        543      344      842      980      236      746      0        721      738      259      421      344      858      1050     460      276      340      979      571      688      514      568      253      632      776      757      428      150      890      202      351      386      411      174      252      255      156      548      701      483      691      
7        514      601      566      760      844      941      721      0        657      914      761      757      152      729      892      471      822      530      597      648      864      575      497      228      378      350      544      571      246      655      523      346      334      802      960      972      570      898      290      1041     880      
8        982      393      194      247      970      336      738      657      0        730      399      1014     787      346      501      529      531      398      167      51       420      171      535      431      325      970      312      676      585      539      854      661      501      663      961      947      628      431      374      1218     294      
9        803      376      882      977      417      621      259      914      730      0        336      577      1062     1073     293      443      205      1054     577      679      376      584      417      774      871      1004     473      385      1041     264      610      611      581      112      293      262      361      399      821      621      581      
10       854      168      567      643      654      325      421      761      399      336      0        755      913      745      134      363      132      755      261      349      115      275      349      564      598      963      220      436      816      232      676      564      451      291      597      575      385      153      577      894      270      
11       340      644      1073     1240     187      1079     344      757      1014     577      755      0        852      1284     804      486      684      1164     852      969      855      844      478      772      957      628      704      339      983      524      234      434      561      514      373      408      390      890      862      287      1020     
12       567      754      672      858      960      1084     858      152      787      1062     913      852      0        808      1045     619      974      594      741      783      1016     719      644      369      482      328      696      707      271      805      621      473      484      949      1089     1104     711      1049     412      1139     1024     
13       1176     717      211      133      1272     625      1050     729      346      1073     745      1284     808      0        846      805      876      220      497      396      762      492      818      556      361      1078     624      962      542      862      1090     878      728      998      1288     1277     920      769      462      1518     605      
14       946      292      682      734      676      328      460      892      501      293      134      804      1045     846      0        472      120      876      384      454      89       400      454      698      728      1078     354      514      950      308      760      674      574      296      583      554      466      105      710      902      294      
15       497      202      593      754      472      651      276      471      529      443      363      486      619      805      472      0        376      710      372      486      479      361      25       356      504      606      228      157      617      188      336      201      141      330      528      530      123      516      426      714      587      
16       833      226      693      775      559      426      340      822      531      205      132      684      974      876      120      376      0        876      386      480      182      397      355      645      708      981      311      398      907      197      645      575      493      180      479      453      353      212      673      790      381      
17       1011     678      203      309      1182     729      979      530      398      1054     755      1164     594      220      876      710      876      0        494      434      804      480      729      397      208      880      581      866      325      812      952      737      604      963      1228     1223     833      820      303      1419     691      
18       847      227      307      412      803      344      571      597      167      577      261      852      741      497      384      372      386      494      0        118      318      22       375      372      350      873      148      513      590      373      704      526      370      501      796      783      464      341      353      1051     282      
19       949      343      232      299      921      316      688      648      51       679      349      969      783      396      454      486      480      434      118      0        375      125      491      420      338      950      265      630      596      489      815      627      468      611      910      895      581      388      374      1169     266      
20       968      281      606      647      740      245      514      864      420      376      115      855      1016     762      89       479      182      804      318      375      0        336      464      658      668      1077     320      546      900      339      789      679      562      363      660      633      495      37       660      973      205      
21       831      226      298      412      799      366      568      575      171      584      275      844      719      492      400      361      397      480      22       125      336      0        365      350      331      852      141      505      569      372      691      509      353      505      797      785      456      360      331      1047     304      
22       507      192      607      764      455      643      253      497      535      417      349      478      644      818      454      25       355      729      375      491      464      365      0        380      524      626      228      143      642      164      340      220      166      305      506      507      103      502      448      699      580      
23       621      419      366      560      808      715      632      228      431      774      564      772      369      556      698      356      645      397      372      420      658      350      380      0        197      546      343      499      267      510      555      340      224      667      884      887      476      689      95       1036     655      
24       818      495      190      382      974      654      776      378      325      871      598      957      482      361      728      504      708      208      350      338      668      331      524      197      0        722      400      659      260      619      747      532      396      774      1027     1024     627      691      101      1211     603      
25       294      795      907      1102     779      1209     757      350      970      1004     963      628      328      1078     1078     606      981      880      873      950      1077     852      626      546      722      0        775      618      578      786      430      406      518      896      942      967      646      1114     628      906      1145     
26       716      97       420      552      658      438      428      544      312      473      220      704      696      624      354      228      311      581      148      265      320      141      228      343      400      775      0        365      599      238      563      399      257      382      663      653      316      354      363      906      373      
27       436      307      751      907      315      752      150      571      676      385      436      339      707      962      514      157      398      866      513      630      546      505      143      499      659      618      365      0        750      207      247      236      274      280      391      401      52       583      576      556      691      
28       760      682      433      607      1048     911      890      246      585      1041     816      983      271      542      950      617      907      325      590      596      900      569      642      267      260      578      599      750      0        777      752      553      479      934      1140     1146     734      928      240      1262     858      
29       638      146      658      784      438      555      202      655      539      264      232      524      805      862      308      188      197      812      373      489      339      372      164      510      619      786      238      207      777      0        452      380      321      157      425      415      158      376      561      685      496      
30       192      531      883      1061     352      983      351      523      854      610      676      234      621      1090     760      336      645      952      704      815      789      691      340      555      747      430      563      247      752      452      0        215      364      515      512      538      294      826      648      519      920      
31       321      399      672      855      499      837      386      346      661      611      564      434      473      878      674      201      575      737      526      627      679      509      220      340      532      406      399      236      553      380      215      0        160      500      616      630      249      717      433      708      772      
32       481      283      519      698      584      694      411      334      501      581      451      561      484      728      574      141      493      604      370      468      562      353      166      224      396      518      257      274      479      321      364      160      0        470      661      666      255      599      306      815      629      
33       707      285      800      910      379      605      174      802      663      112      291      514      949      998      296      330      180      963      501      611      363      505      305      667      774      896      382      280      934      157      515      500      470      0        306      286      251      393      718      609      557      
34       682      571      1083     1208     185      905      252      960      961      293      597      373      1089     1288     583      528      479      1228     796      910      660      797      506      884      1027     942      663      391      1140     425      512      616      661      306      0        39       407      686      954      331      860      
35       712      559      1074     1194     221      879      255      972      947      262      575      408      1104     1277     554      530      453      1223     783      895      633      785      507      887      1024     967      653      401      1146     415      538      630      666      286      39       0        411      658      954      368      835      
36       480      254      709      862      352      700      156      570      628      361      385      390      711      920      466      123      353      833      464      581      495      456      103      476      627      646      316      52       734      158      294      249      255      251      407      411      0        532      549      597      639      
37       1006     319      620      650      771      223      548      898      431      399      153      890      1049     769      105      516      212      820      341      388      37       360      502      689      691      1114     354      583      928      376      826      717      599      393      686      658      532      0        688      1002     191      
38       716      451      279      474      890      683      701      290      374      821      577      862      412      462      710      426      673      303      353      374      660      331      448      95       101      628      363      576      240      561      648      433      306      718      954      954      549      688      0        1122     627      
39       612      827      1307     1457     248      1214     483      1041     1218     621      894      287      1139     1518     902      714      790      1419     1051     1169     973      1047     699      1036     1211     906      906      556      1262     685      519      708      815      609      331      368      597      1002     1122     0        1164     
40       1084     389      488      478      924      65       691      880      294      581      270      1020     1024     605      294      587      381      691      282      266      205      304      580      655      603      1145     373      691      858      496      920      772      629      557      860      835      639      191      627      1164     0        
;



Table delta(i,j)                 Distance
         0        1        2        3        4        5        6        7        8        9        10       11       12       13       14       15       16       17       18       19       20       21       22       23       24       25       26       27       28       29       30       31       32       33       34       35       36       37       38       39       40       
0        0        5400     3810     21390    20340    10980    21270    15900    19140    16950    12420    5100     14670    18450    18420    4860     12720    6360     15660    18270    10530    15000    19380    15930    14340    15510    13170    16020    18540    10650    11310    16470    13740    21660    23790    22110    4800     18810    14850    16140    8490     
1        5400     0        304      794      676      210      630      472      669      574      583      350      371      549      655      152      491      374      560      681      526      565      561      651      543      683      467      652      724      522      320      525      539      671      856      815      90       722      380      637      346      
2        3810     304      0        717      742      493      810      627      682      626      331      78       607      713      652      276      457      169      568      625      257      527      750      507      507      433      496      511      604      279      481      629      476      810      809      743      285      622      613      535      337      
3        21390    794      717      0        344      789      634      538      225      325      511      648      708      565      198      641      302      550      266      115      568      230      634      239      251      493      351      233      143      509      567      431      257      530      110      26       704      103      701      183      448      
4        20340    676      742      344      0        583      294      255      126      115      686      699      443      245      165      542      309      610      192      277      710      270      309      465      278      716      245      459      423      653      366      158      327      186      311      343      592      379      433      378      404      
5        10980    210      493      789      583      0        459      339      616      505      715      520      183      398      615      240      501      511      527      674      673      563      389      707      544      807      438      706      756      654      226      425      558      527      826      805      208      741      194      667      385      
6        21270    630      810      634      294      459      0        184      409      324      868      794      277      100      439      547      495      729      413      549      868      497      69       705      494      925      397      701      689      821      332      234      539      119      606      635      571      650      265      625      509      
7        15900    472      627      538      255      339      184      0        324      213      692      610      188      85       340      371      334      545      281      434      687      354      134      556      346      755      235      552      560      642      156      108      385      199      541      546      403      528      178      484      327      
8        19140    669      682      225      126      616      409      324      0        113      582      629      505      342      42       523      227      535      115      151      614      167      410      344      183      602      203      339      297      556      389      215      227      309      217      228      581      253      497      258      354      
9        16950    574      626      325      115      505      324      213      113      0        584      584      392      243      127      434      201      496      93       228      602      178      313      385      180      623      130      380      365      547      280      106      229      245      331      333      488      327      384      302      289      
10       12420    583      331      511      686      715      868      692      582      584      0        254      759      769      541      476      383      209      495      462      78       417      827      272      407      103      475      277      371      61       594      641      359      821      620      537      523      407      760      343      373      
11       5100     350      78       648      699      520      794      610      629      584      254      0        614      695      596      287      402      98       517      561      184      469      738      432      450      357      454      436      530      201      472      598      414      783      743      674      312      550      618      465      298      
12       14670    371      607      708      443      183      277      188      505      392      759      614      0        225      516      331      459      576      442      598      735      501      207      683      487      839      370      681      708      702      169      293      516      354      723      719      333      683      11       624      390      
13       18450    549      713      565      245      398      100      85       342      243      769      695      225      0        367      455      399      629      327      471      767      407      69       614      402      827      300      610      606      721      239      143      446      129      552      570      484      570      214      537      408      
14       18420    655      652      198      165      615      439      340      42       127      541      596      516      367      0        506      195      501      94       112      575      130      436      302      147      560      188      297      258      516      389      233      189      344      211      206      566      215      508      216      330      
15       4860     152      276      641      542      240      547      371      523      434      476      287      331      455      506      0        338      271      411      528      433      412      483      506      391      571      320      506      573      415      216      401      386      565      704      662      63       570      337      486      193      
16       12720    491      457      302      309      501      495      334      227      201      383      402      459      399      195      338      0        308      118      190      401      75       464      225      54       430      99       222      255      346      296      262      58       438      370      323      401      240      455      168      147      
17       6360     374      169      550      610      511      729      545      535      496      209      98       576      629      501      271      308      0        425      462      162      372      678      338      353      309      368      342      434      147      421      521      317      707      644      575      314      453      579      366      221      
18       15660    560      568      266      192      527      413      281      115      93       495      517      442      327      94       411      118      425      0        156      518      84       396      292      88       530      93       288      280      461      302      184      137      338      301      280      471      247      435      211      239      
19       18270    681      625      115      277      674      549      434      151      228      462      561      598      471      112      528      190      462      156      0        507      115      541      203      137      467      236      197      145      447      453      332      151      456      184      134      591      102      591      120      337      
20       10530    526      257      568      710      673      868      687      614      602      78       184      735      767      575      433      401      162      518      507      0        447      822      330      434      176      484      336      431      60       575      647      387      831      674      594      474      464      737      392      361      
21       15000    565      527      230      270      563      497      354      167      178      417      469      501      407      130      412      75       372      84       115      447      0        475      208      21       447      131      204      207      388      347      264      59       423      294      250      475      182      496      130      222      
22       19380    561      750      634      309      389      69       134      410      313      827      738      207      69       436      483      464      678      396      541      822      475      0        681      470      889      364      678      676      777      269      211      512      161      619      639      505      640      196      605      460      
23       15930    651      507      239      465      707      705      556      344      385      272      432      683      614      302      506      225      338      292      203      330      208      681      0        211      264      322      6        101      272      517      472      170      630      348      265      568      135      679      86       323      
24       14340    543      507      251      278      544      494      346      183      180      407      450      487      402      147      391      54       353      88       137      434      21       470      211      0        442      116      207      220      376      331      260      49       425      316      271      453      198      482      139      200      
25       15510    683      433      493      716      807      925      755      602      623      103      357      839      827      560      571      430      309      530      467      176      447      889      264      442      0        527      270      350      162      671      692      393      866      603      517      621      393      839      347      449      
26       13170    467      496      351      245      438      397      235      203      130      475      454      370      300      188      320      99       368      93       236      484      131      364      322      116      527      0        319      337      432      217      166      151      347      394      367      378      313      365      255      159      
27       16020    652      511      233      459      706      701      552      339      380      277      436      681      610      297      506      222      342      288      197      336      204      678      6        207      270      319      0        96       277      515      468      167      625      342      259      569      130      677      81       323      
28       18540    724      604      143      423      756      689      560      297      365      371      530      708      606      258      573      255      434      280      145      431      207      676      101      220      350      337      96       0        374      550      464      197      601      253      168      637      47       703      88       382      
29       10650    522      279      509      653      654      821      642      556      547      61       201      702      721      516      415      346      147      461      447      60       388      777      272      376      162      432      277      374      0        538      597      329      780      615      535      461      405      703      332      319      
30       11310    320      481      567      366      226      332      156      389      280      594      472      169      239      389      216      296      421      302      453      575      347      269      517      331      671      217      515      550      538      0        209      354      354      600      582      247      529      167      464      222      
31       16470    525      629      431      158      425      234      108      215      106      641      598      293      143      233      401      262      521      184      332      647      264      211      472      260      692      166      468      464      597      209      0        305      185      433      439      445      429      284      394      300      
32       13740    539      476      257      327      558      539      385      227      229      359      414      516      446      189      386      58       317      137      151      387      59       512      170      49       393      151      167      197      329      354      305      0        474      336      280      450      185      512      110      192      
33       21660    671      810      530      186      527      119      199      309      245      821      783      354      129      344      565      438      707      338      456      831      423      161      630      425      866      347      625      601      780      354      185      474      0        493      529      601      559      342      546      486      
34       23790    856      809      110      311      826      606      541      217      331      620      743      723      552      211      704      370      644      301      184      674      294      619      348      316      603      394      342      253      615      600      433      336      493      0        86       766      212      715      284      517      
35       22110    815      743      26       343      805      635      546      228      333      537      674      719      570      206      662      323      575      280      134      594      250      639      265      271      517      367      259      168      535      582      439      280      529      86       0        725      130      712      209      470      
36       4800     90       285      704      592      208      571      403      581      488      523      312      333      484      566      63       401      314      471      591      474      475      505      568      453      621      378      569      637      461      247      445      450      601      766      725      0        634      340      550      257      
37       18810    722      622      103      379      741      650      528      253      327      407      550      683      570      215      570      240      453      247      102      464      182      640      135      198      393      313      130      47       405      529      429      185      559      212      130      634      0        677      88       377      
38       14850    380      613      701      433      194      265      178      497      384      760      618      11       214      508      337      455      579      435      591      737      496      196      679      482      839      365      677      703      703      167      284      512      342      715      712      340      677      0        619      389      
39       16140    637      535      183      378      667      625      484      258      302      343      465      624      537      216      486      168      366      211      120      392      130      605      86       139      347      255      81       88       332      464      394      110      546      284      209      550      88       619      0        294      
40       8490     346      337      448      404      385      509      327      354      289      373      298      390      408      330      193      147      221      239      337      361      222      460      323      200      449      159      323      382      319      222      300      192      486      517      470      257      377      389      294      0        
;

