
sets
i        orders          /0*40/
k        routes          /1*40/
p        positions       /0*40/
;

alias(i,j)
alias(i,h)
alias(i,hh)
alias(i,jj)
alias(k,kk)
                
                    Parameters

rho(i)	Processing time
/
0	0
1	81
2	83
3	6
4	6
5	33
6	38
7	44
8	21
9	39
10	79
11	39
12	51
13	99
14	41
15	41
16	75
17	41
18	90
19	1
20	84
21	32
22	87
23	91
24	54
25	51
26	2
27	20
28	80
29	47
30	77
31	34
32	96
33	95
34	98
35	8
36	79
37	33
38	99
39	64
40	28
/

gamma(i)	Duedate
/
0	0
1	89
2	75
3	33
4	24
5	55
6	58
7	47
8	59
9	88
10	19
11	15
12	54
13	62
14	22
15	35
16	20
17	44
18	53
19	13
20	8
21	41
22	15
23	20
24	2
25	1
26	15
27	33
28	3
29	72
30	71
31	1
32	21
33	86
34	42
35	36
36	95
37	64
38	18
39	17
40	11
/

sigma(i)	Size
/
0	0
1	4
2	7
3	5
4	2
5	6
6	1
7	1
8	5
9	8
10	9
11	2
12	6
13	2
14	7
15	6
16	2
17	1
18	3
19	2
20	9
21	4
22	3
23	6
24	6
25	5
26	7
27	4
28	2
29	6
30	4
31	3
32	3
33	2
34	5
35	3
36	9
37	9
38	6
39	8
40	6
/

epsilon(i)	Priority
/
0	0
1	1
2	1
3	8
4	1
5	2
6	8
7	5
8	5
9	3
10	8
11	3
12	4
13	3
14	2
15	1
16	6
17	3
18	8
19	2
20	3
21	4
22	3
23	6
24	4
25	8
26	8
27	8
28	2
29	1
30	2
31	7
32	1
33	6
34	3
35	8
36	1
37	3
38	2
39	9
40	4
/

psi	Vehicle Capacity
/ 42 /
;

Table kappa(i,j)                 Setup
         0        1        2        3        4        5        6        7        8        9        10       11       12       13       14       15       16       17       18       19       20       21       22       23       24       25       26       27       28       29       30       31       32       33       34       35       36       37       38       39       40       
0        0        969      625      836      790      808      892      870      1177     1094     279      811      1230     836      666      635      274      765      756      1089     424      941      1186     350      1193     1281     447      1026     837      433      684      921      1167     755      230      1032     655      650      978      221      1043     
1        969      0        358      1065     179      876      1048     540      385      866      731      237      297      969      939      504      754      466      395      294      699      499      230      632      456      720      584      102      253      544      288      328      777      779      741      1047     841      749      415      748      260      
2        625      358      0        801      184      639      805      417      573      756      423      193      605      724      646      226      451      288      374      562      353      440      587      277      607      775      327      435      337      236      129      340      739      538      403      855      556      471      425      404      430      
3        836      1065     801      0        949      196      77       560      968      457      921      829      1148     109      180      581      944      600      1168     1337     525      639      1278     722      925      808      981      1166     1136     872      931      775      616      287      816      243      248      330      738      785      923      
4        790      179      184      949      0        772      943      479      480      825      557      153      456      862      807      369      581      372      309      390      535      467      403      453      534      758      419      250      206      368      114      314      769      671      562      968      712      622      412      568      334      
5        808      876      639      196      772      0        171      363      773      323      832      643      951      92       181      413      858      410      1013     1155     426      443      1085     616      732      640      862      978      967      748      766      579      459      101      735      236      152      185      541      707      726      
6        892      1048     805      77       943      171      0        526      925      387      959      815      1112     81       226      580      983      582      1177     1326     556      601      1254     752      878      744      1007     1150     1136     896      934      746      550      271      856      166      269      337      701      826      890      
7        870      540      417      560      479      363      526      0        418      346      772      329      588      454      484      246      802      131      771      832      451      89       732      557      390      411      727      643      686      619      518      221      326      282      707      507      391      312      180      690      363      
8        1177     385      573      968      480      773      925      418      0        624      997      380      214      860      902      563      1024     448      769      641      801      331      448      828      79       364      885      453      633      809      586      259      485      699      969      864      808      724      239      964      147      
9        1094     866      756      457      825      323      387      346      624      0        1063     672      834      361      504      553      1091     469      1117     1161     679      367      1030     839      559      367      1048     966      1031     935      863      538      170      342      979      263      461      445      454      956      642      
10       279      731      423      921      557      832      959      772      997      1063     0        617      1012     888      741      526      29       647      478      817      406      824      934      223      1028     1171     170      774      568      191      444      757      1095     753      106      1069     692      649      833      139      853      
11       811      237      193      829      153      643      815      329      380      672      617      0        423      735      702      270      644      233      459      512      483      313      461      460      417      615      509      336      359      428      224      167      616      544      594      826      604      512      264      593      236      
12       1230     297      605      1148     456      951      1112     588      214      834      1012     423      0        1042     1061     670      1036     579      688      476      900      511      255      881      290      572      874      318      543      821      570      382      699      868      1007     1065     963      874      411      1009     228      
13       836      969      724      109      862      92       81       454      860      361      888      735      1042     0        173      499      913      503      1096     1246     483      532      1177     678      816      704      930      1071     1054     818      852      671      514      191      787      196      196      257      631      757      817      
14       666      939      646      180      807      181      226      484      902      504      741      702      1061     173      0        438      764      486      1004     1197     347      572      1161     544      872      811      803      1037     983      696      775      678      637      207      636      370      98       190      663      605      832      
15       635      504      226      581      369      413      580      246      563      553      526      270      670      499      438      0        555      129      601      759      237      307      731      311      567      652      495      600      555      382      353      305      569      312      460      629      342      253      345      445      451      
16       274      754      451      944      581      858      983      802      1024     1091     29       644      1036     913      764      555      0        676      489      831      432      853      953      251      1056     1200     183      794      584      216      467      786      1125     780      127      1095     717      676      862      159      880      
17       765      466      288      600      372      410      582      131      448      469      647      233      579      503      486      129      676      0        649      746      360      179      679      437      443      526      596      568      576      488      395      198      457      313      587      595      388      297      219      573      352      
18       756      395      374      1168     309      1013     1177     771      769      1117     478      459      688      1096     1004     601      489      649      0        352      674      770      522      510      831      1066     308      380      144      353      254      623      1075     913      540      1230     920      840      721      563      628      
19       1089     294      562      1337     390      1155     1326     832      641      1161     817      512      476      1246     1197     759      831      746      352      0        914      793      233      795      719      997      648      197      253      661      443      623      1069     1055     863      1336     1102     1012     710      880      542      
20       424      699      353      525      535      426      556      451      801      679      406      483      900      483      347      237      432      360      674      914      0        528      930      197      803      860      456      785      678      349      472      542      743      350      310      662      287      245      579      282      686      
21       941      499      440      639      467      443      601      89       331      367      824      313      511      532      572      307      853      179      770      793      528      0        673      616      301      347      762      599      672      659      524      170      304      368      766      563      480      401      100      752      292      
22       1186     230      587      1278     403      1085     1254     732      448      1030     934      461      255      1177     1161     731      953      679      522      233      930      673      0        856      527      812      774      160      385      754      501      511      914      991      955      1236     1062     970      577      966      387      
23       350      632      277      722      453      616      752      557      828      839      223      460      881      678      544      311      251      437      510      795      197      616      856      0        848      963      260      699      545      162      359      575      876      532      149      852      483      431      639      137      692      
24       1193     456      607      925      534      732      878      390      79       559      1028     417      290      816      872      567      1056     443      831      719      803      301      527      848      0        284      927      529      699      843      634      273      413      666      993      806      781      702      224      986      202      
25       1281     720      775      808      758      640      744      411      364      367      1171     615      572      704      811      652      1200     526      1066     997      860      347      812      963      284      0        1102     803      946      1002     839      447      197      610      1113     630      739      684      352      1098     459      
26       447      584      327      981      419      862      1007     727      885      1048     170      509      874      930      803      495      183      596      308      648      456      762      774      260      927      1102     0        616      401      114      305      666      1054     771      238      1096     737      676      752      265      738      
27       1026     102      435      1166     250      978      1150     643      453      966      774      336      318      1071     1037     600      794      568      380      197      785      599      160      699      529      803      616      0        236      594      342      429      872      880      796      1150     940      848      513      807      346      
28       837      253      337      1136     206      967      1136     686      633      1031     568      359      543      1054     983      555      584      576      144      253      678      672      385      545      699      946      401      236      0        408      208      513      972      865      610      1170     893      806      611      627      497      
29       433      544      236      872      368      748      896      619      809      935      191      428      821      818      696      382      216      488      353      661      349      659      754      162      843      1002     114      594      408      0        256      575      945      656      203      982      627      563      657      219      664      
30       684      288      129      931      114      766      934      518      586      863      444      224      570      852      775      353      467      395      254      443      472      524      501      359      634      839      305      342      208      256      0        392      829      665      454      978      685      601      487      464      438      
31       921      328      340      775      314      579      746      221      259      538      757      167      382      671      678      305      786      198      623      623      542      170      511      575      273      447      666      429      513      575      392      0        460      490      719      726      580      491      98       712      154      
32       1167     777      739      616      769      459      550      326      485      170      1095     616      699      514      637      569      1125     457      1075     1069     743      304      914      876      413      197      1054     872      972      945      829      460      0        447      1024     433      575      535      364      1004     531      
33       755      779      538      287      671      101      271      282      699      342      753      544      868      191      207      312      780      313      913      1055     350      368      991      532      666      610      771      880      865      656      665      490      447      0        660      325      129      106      462      633      641      
34       230      741      403      816      562      735      856      707      969      979      106      594      1007     787      636      460      127      587      540      863      310      766      955      149      993      1113     238      796      610      203      454      719      1024     660      0        971      592      555      787      32       830      
35       1032     1047     855      243      968      236      166      507      864      263      1069     826      1065     196      370      629      1095     595      1230     1336     662      563      1236     852      806      630      1096     1150     1170     982      978      726      433      325      971      0        382      421      662      942      855      
36       655      841      556      248      712      152      269      391      808      461      692      604      963      196      98       342      717      388      920      1102     287      480      1062     483      781      739      737      940      893      627      685      580      575      129      592      382      0        92       568      562      734      
37       650      749      471      330      622      185      337      312      724      445      649      512      874      257      190      253      676      297      840      1012     245      401      970      431      702      684      676      848      806      563      601      491      535      106      555      421      92       0        485      528      646      
38       978      415      425      738      412      541      701      180      239      454      833      264      411      631      663      345      862      219      721      710      579      100      577      639      224      352      752      513      611      657      487      98       364      462      787      662      568      485      0        777      193      
39       221      748      404      785      568      707      826      690      964      956      139      593      1009     757      605      445      159      573      563      880      282      752      966      137      986      1098     265      807      627      219      464      712      1004     633      32       942      562      528      777      0        827      
40       1043     260      430      923      334      726      890      363      147      642      853      236      228      817      832      451      880      352      628      542      686      292      387      692      202      459      738      346      497      664      438      154      531      641      830      855      734      646      193      827      0        
;



Table delta(i,j)                 Distance
         0        1        2        3        4        5        6        7        8        9        10       11       12       13       14       15       16       17       18       19       20       21       22       23       24       25       26       27       28       29       30       31       32       33       34       35       36       37       38       39       40       
0        0        10560    16410    4770     7530     3690     15360    10800    6300     11670    20790    1530     9960     4140     12660    11070    14040    15600    12210    4380     8220     6690     7890     20040    7920     9180     18750    10470    17610    11460    11550    5850     8940     5220     9660     11340    15000    12270    4260     7980     18210    
1        10560    0        259      461      111      241      470      232      244      572      670      348      673      448      84       398      118      201      118      247      149      568      93       671      411      98       550      157      545      207      355      543      79       178      32       528      629      488      432      494      260      
2        16410    259      0        686      358      424      367      484      358      605      531      562      821      596      274      656      240      76       150      484      273      730      337      551      665      357      396      200      419      452      320      741      262      401      270      550      610      471      659      578      172      
3        4770     461      686      0        350      271      671      385      367      514      848      127      334      242      515      314      567      650      540      215      418      235      368      821      181      389      784      494      745      420      545      128      426      288      436      514      634      560      30       389      722      
4        7530     111      358      350      0        159      496      184      207      532      699      241      581      364      171      316      219      308      209      135      150      473      21       691      306      61       591      205      576      180      368      437      105      78       90       496      608      476      320      436      371      
5        3690     241      424      271      159      0        427      316      105      386      621      144      431      207      319      386      360      398      284      129      150      327      162      603      317      220      536      226      506      326      295      318      179      85       209      357      477      359      246      281      490      
6        15360    470      367      671      496      427      0        679      322      316      202      555      639      467      540      800      537      421      378      551      346      589      481      201      744      540      114      312      79       666      133      659      405      475      452      263      268      166      654      363      537      
7        10800    232      484      385      184      316      679      0        388      703      882      325      685      495      217      182      266      417      350      215      333      575      199      876      251      142      771      376      758      42       553      503      276      233      236      671      787      659      357      596      431      
8        6300     244      358      367      207      105      322      388      0        330      518      243      464      238      329      483      357      349      239      229      102      372      199      503      422      265      431      160      401      387      189      393      165      160      213      290      401      271      346      251      456      
9        11670    572      605      514      532      386      316      703      330      0        403      441      353      271      657      755      679      629      539      505      424      341      528      359      654      593      410      450      351      709      287      447      493      469      542      56       124      151      511      126      748      
10       20790    670      531      848      699      621      202      882      518      403      0        740      756      625      736      1000     728      596      572      748      548      729      683      51       938      742      135      512      124      868      332      818      607      675      654      368      297      293      835      495      704      
11       1530     348      562      127      241      144      555      325      243      441      740      0        360      185      411      320      460      528      417      116      291      250      255      716      213      289      667      368      631      351      426      196      304      170      320      429      552      459      103      317      608      
12       9960     673      821      334      581      431      639      685      464      353      756      360      0        227      749      647      791      813      702      475      561      110      590      713      515      638      746      625      691      712      557      208      607      502      641      390      471      479      352      276      916      
13       4140     448      596      242      364      207      467      495      238      271      625      185      227      0        527      505      567      586      474      280      333      135      370      592      391      424      581      398      534      514      360      193      380      286      416      274      392      332      240      146      688      
14       12660    84       274      515      171      319      540      217      329      657      736      411      749      527      0        397      53       202      165      301      233      642      159      741      437      126      611      230      612      180      432      608      164      247      116      612      712      569      485      578      219      
15       11070    398      656      314      316      386      800      182      483      755      1000     320      647      505      397      0        448      592      514      257      462      544      336      986      134      299      902      521      880      223      668      442      421      325      393      736      858      746      294      634      613      
16       14040    118      240      567      219      360      537      266      357      679      728      460      791      567      53       448      0        164      159      352      256      686      205      737      490      179      600      238      606      228      438      656      192      293      150      632      726      582      537      608      166      
17       15600    201      76       650      308      398      421      417      349      629      596      528      813      586      202      592      164      0        113      440      253      717      288      612      612      297      462      190      479      382      353      716      223      361      218      576      648      506      621      587      120      
18       12210    118      150      540      209      284      378      350      239      539      572      417      702      474      165      514      159      113      0        334      140      604      188      578      516      214      446      88       448      324      282      602      113      252      122      488      573      429      512      484      217      
19       4380     247      484      215      135      129      551      215      229      505      748      116      475      280      301      257      352      440      334      0        233      365      154      731      197      176      657      306      630      237      418      310      222      86       223      481      602      488      185      389      507      
20       8220     149      273      418      150      150      346      333      102      424      548      291      561      333      233      462      256      253      140      233      0        464      134      542      429      195      441      76       425      323      219      468      70       147      121      379      481      341      392      353      355      
21       6690     568      730      235      473      327      589      575      372      341      729      250      110      135      642      544      686      717      604      365      464      0        483      691      414      529      700      531      650      601      490      122      505      395      536      363      465      439      250      233      816      
22       7890     93       337      368      21       162      481      199      199      528      683      255      590      370      159      336      205      288      188      154      134      483      0        677      328      65       574      185      559      190      353      451      85       88       69       489      600      466      338      435      354      
23       20040    671      551      821      691      603      201      876      503      359      51       716      713      592      741      986      737      612      578      731      542      691      677      0        918      738      163      513      132      865      323      783      604      662      652      328      249      261      809      458      724      
24       7920     411      665      181      306      317      744      251      422      654      938      213      515      391      437      134      490      612      516      197      429      414      328      918      0        317      852      500      823      293      612      309      408      282      395      642      764      666      164      529      656      
25       9180     98       357      389      61       220      540      142      265      593      742      289      638      424      126      299      179      297      214      176      195      529      65       738      317      0        629      234      618      127      415      485      135      138      95       555      666      531      359      498      341      
26       18750    550      396      784      591      536      114      771      431      410      135      667      746      581      611      902      600      462      446      657      441      700      574      163      852      629      0        395      59       754      241      773      494      578      537      361      335      268      767      472      569      
27       10470    157      200      494      205      226      312      376      160      450      512      368      625      398      230      521      238      190      88       306      76       531      185      513      500      234      395      0        388      358      202      542      101      219      142      400      488      344      468      397      303      
28       17610    545      419      745      576      506      79       758      401      351      124      631      691      534      612      880      606      479      448      630      425      650      559      132      823      618      59       388      0        744      212      727      483      555      529      304      276      213      729      419      591      
29       11460    207      452      420      180      326      666      42       387      709      868      351      712      514      180      223      228      382      324      237      323      601      190      865      293      127      754      358      744      0        543      535      261      241      216      675      789      656      391      607      391      
30       11550    355      320      545      368      295      133      553      189      287      332      426      557      360      432      668      438      353      282      418      219      490      353      323      612      415      241      202      212      543      0        545      284      342      334      231      295      152      527      286      473      
31       5850     543      741      128      437      318      659      503      393      447      818      196      208      193      608      442      656      716      602      310      468      122      451      783      309      485      773      542      727      535      545      0        493      364      514      460      571      524      150      328      801      
32       8940     79       262      426      105      179      405      276      165      493      607      304      607      380      164      421      192      223      113      222      70       505      85       604      408      135      494      101      483      261      284      493      0        138      51       449      551      410      398      416      310      
33       5220     178      401      288      78       85       475      233      160      469      675      170      502      286      247      325      293      361      252      86       147      395      88       662      282      138      578      219      555      241      342      364      138      0        150      438      554      430      260      366      438      
34       9660     32       270      436      90       209      452      236      213      542      654      320      641      416      116      393      150      218      122      223      121      536      69       652      395      95       537      142      529      216      334      514      51       150      0        499      602      462      407      462      287      
35       11340    528      550      514      496      357      263      671      290      56       368      429      390      274      612      736      632      576      488      481      379      363      489      328      642      555      361      400      304      675      231      460      449      438      499      0        122      97       508      131      695      
36       15000    629      610      634      608      477      268      787      401      124      297      552      471      392      712      858      726      648      573      602      481      465      600      249      764      666      335      488      276      789      295      571      551      554      602      122      0        144      629      246      768      
37       12270    488      471      560      476      359      166      659      271      151      293      459      479      332      569      746      582      506      429      488      341      439      466      261      666      531      268      344      213      656      152      524      410      430      462      97       144      0        548      206      626      
38       4260     432      659      30       320      246      654      357      346      511      835      103      352      240      485      294      537      621      512      185      392      250      338      809      164      359      767      468      729      391      527      150      398      260      407      508      629      548      0        385      692      
39       7980     494      578      389      436      281      363      596      251      126      495      317      276      146      578      634      608      587      484      389      353      233      435      458      529      498      472      397      419      607      286      328      416      366      462      131      246      206      385      0        700      
40       18210    260      172      722      371      490      537      431      456      748      704      608      916      688      219      613      166      120      217      507      355      816      354      724      656      341      569      303      591      391      473      801      310      438      287      695      768      626      692      700      0        
;

