
sets
i        orders          /0*10/
k        routes          /1*10/
p        positions       /0*10/
;

alias(i,j)
alias(i,h)
alias(i,hh)
alias(i,jj)
alias(k,kk)
                
                    Parameters

rho(i)	Processing time
/
0	0
1	11
2	2
3	25
4	37
5	42
6	45
7	66
8	46
9	51
10	65
/

gamma(i)	Duedate
/
0	0
1	71
2	59
3	63
4	41
5	94
6	39
7	41
8	31
9	24
10	18
/

sigma(i)	Size
/
0	0
1	7
2	5
3	6
4	6
5	2
6	9
7	8
8	6
9	8
10	1
/

epsilon(i)	Priority
/
0	0
1	3
2	3
3	1
4	3
5	1
6	6
7	2
8	7
9	7
10	9
/

psi	Vehicle Capacity
/ 12 /
;

Table kappa(i,j)                 Setup
         0        1        2        3        4        5        6        7        8        9        10       
0        0        259      261      76       219      264      306      321      312      166      115      
1        259      0        228      183      218      195      228      68       133      159      199      
2        261      228      0        219      42       38       52       286      143      111      147      
3        76       183      219      0        180      213      257      246      243      111      80       
4        219      218      42       180      0        60       92       281      159      77       105      
5        264      195      38       213      60       0        44       250      105      102      149      
6        306      228      52       257      92       44       0        277      117      146      191      
7        321      68       286      246      281      250      277      0        167      227      268      
8        312      133      143      243      159      105      117      167      0        152      210      
9        166      159      111      111      77       102      146      227      152      0        57       
10       115      199      147      80       105      149      191      268      210      57       0        
;



Table delta(i,j)                 Distance
         0        1        2        3        4        5        6        7        8        9        10       
0        0        42       30       86       84       75       44       73       35       82       86       
1        42       0        18       109      88       117      29       68       76       101      61       
2        30       18       0        110      95       105      40       78       65       103      78       
3        86       109      110      0        46       74       84       64       66       13       101      
4        84       88       95       46       0        108      58       23       84       33       58       
5        75       117      105      74       108      0        107      114      40       82       144      
6        44       29       40       84       58       107      0        38       68       74       42       
7        73       68       78       64       23       114      38       0        83       52       36       
8        35       76       65       66       84       40       68       83       0        68       107      
9        82       101      103      13       33       82       74       52       68       0        88       
10       86       61       78       101      58       144      42       36       107      88       0        
;

