

sets
i        orders          /0*10/
k        routes          /1*10/
p        positions       /0*10/
;

alias(i,j)
alias(i,h)
alias(i,hh)
alias(i,jj)
alias(k,kk)
                            Parameters

rho(i)	Processing time
/
0	0
1	8
2	1
3	84
4	85
5	14
6	64
7	57
8	15
9	83
10	79
/

gamma(i)	Duedate
/
0	0
1	40
2	20
3	63
4	69
5	91
6	12
7	7
8	32
9	34
10	64
/

sigma(i)	Size
/
0	0
1	7
2	3
3	2
4	1
5	3
6	7
7	4
8	4
9	6
10	5
/

epsilon(i)	Priority
/
0	0
1	3
2	9
3	6
4	6
5	3
6	1
7	6
8	7
9	2
10	7
/

psi	Vehicle Capacity
/ 30 /
;

Table kappa(i,j)                 Setup
         0        1        2        3        4        5        6        7        8        9        10       
0        0        523      270      476      359      404      542      321      342      556      659      
1        523      0        792      152      645      778      44       421      181      1079     855      
2        270      792      0        730      408      346      812      547      610      295      666      
3        476      152      730      0        518      659      196      476      174      1024     707      
4        359      645      408      518      0        148      682      650      502      666      299      
5        404      778      346      659      148      0        813      720      622      559      320      
6        542      44       812      196      682      813      0        412      203      1096     897      
7        321      421      547      476      650      720      412      0        303      782      942      
8        342      181      610      174      502      622      203      303      0        898      749      
9        556      1079     295      1024     666      559      1096     782      898      0        869      
10       659      855      666      707      299      320      897      942      749      869      0        
;



Table delta(i,j)                 Distance
         0        1        2        3        4        5        6        7        8        9        10       
0        0        1650     1470     690      990      1230     960      1440     1620     1230     1410     
1        1650     0        12       39       45       37       43       8        6        22       8        
2        1470     12       0        38       47       41       32       6        17       10       11       
3        690      39       38       0        13       18       38       33       35       34       31       
4        990      45       47       13       0        11       52       42       40       45       38       
5        1230     37       41       18       11       0        53       35       31       42       30       
6        960      43       32       38       52       53       0        35       46       21       38       
7        1440     8        6        33       42       35       35       0        11       14       5        
8        1620     6        17       35       40       31       46       11       0        25       8        
9        1230     22       10       34       45       42       21       14       25       0        17       
10       1410     8        11       31       38       30       38       5        8        17       0        
;

