

sets
i        orders          /0*10/
k        routes          /1*10/
p        positions       /0*10/
;

alias(i,j)
alias(i,h)
alias(i,hh)
alias(i,jj)
alias(k,kk)
                            Parameters

rho(i)	Processing time
/
0	0
1	34
2	55
3	94
4	49
5	90
6	62
7	98
8	20
9	52
10	60
/

gamma(i)	Duedate
/
0	0
1	12
2	83
3	24
4	7
5	19
6	98
7	84
8	40
9	61
10	73
/

sigma(i)	Size
/
0	0
1	6
2	9
3	6
4	1
5	2
6	9
7	9
8	4
9	4
10	1
/

epsilon(i)	Priority
/
0	0
1	4
2	3
3	3
4	4
5	3
6	4
7	6
8	1
9	2
10	3
/

psi	Vehicle Capacity
/ 35 /
;

Table kappa(i,j)                 Setup
         0        1        2        3        4        5        6        7        8        9        10       
0        0        554      584      957      629      591      433      1109     698      798      577      
1        554      0        364      416      236      300      347      599      206      315      372      
2        584      364      0        528      599      71       151      599      285      319      14       
3        957      416      528      0        520      465      624      213      269      209      542      
4        629      236      599      520      0        537      563      731      409      504      608      
5        591      300      71       465      537      0        175      552      215      259      84       
6        433      347      151      624      563      175      0        727      358      426      143      
7        1109     599      599      213      731      552      727      0        413      311      612      
8        698      206      285      269      409      215      358      413      0        111      299      
9        798      315      319      209      504      259      426      311      111      0        333      
10       577      372      14       542      608      84       143      612      299      333      0        
;



Table delta(i,j)                 Distance
         0        1        2        3        4        5        6        7        8        9        10       
0        0        750      210      420      750      420      1200     750      450      570      540      
1        750      0        26       21       40       13       65       42       36       43       28       
2        210      26       0        8        18       19       42       33       21       24       26       
3        420      21       8        0        19       18       51       39       29       32       30       
4        750      40       18       19       0        36       47       49       37       35       44       
5        420      13       19       18       36       0        53       28       23       30       15       
6        1200     65       42       51       47       53       0        34       31       22       45       
7        750      42       33       39       49       28       34       0        12       17       14       
8        450      36       21       29       37       23       31       12       0        8        14       
9        570      43       24       32       35       30       22       17       8        0        23       
10       540      28       26       30       44       15       45       14       14       23       0        
;

