
sets
i        orders          /0*10/
k        routes          /1*10/
p        positions       /0*10/
;

alias(i,j)
alias(i,h)
alias(i,hh)
alias(i,jj)
alias(k,kk)
                
                    Parameters

rho(i)	Processing time
/
0	0
1	38
2	61
3	59
4	3
5	36
6	77
7	25
8	71
9	20
10	43
/

gamma(i)	Duedate
/
0	0
1	91
2	52
3	70
4	60
5	27
6	58
7	16
8	85
9	83
10	5
/

sigma(i)	Size
/
0	0
1	4
2	6
3	8
4	6
5	6
6	8
7	1
8	7
9	5
10	1
/

epsilon(i)	Priority
/
0	0
1	7
2	1
3	9
4	3
5	2
6	2
7	4
8	1
9	2
10	8
/

psi	Vehicle Capacity
/ 27 /
;

Table kappa(i,j)                 Setup
         0        1        2        3        4        5        6        7        8        9        10       
0        0        57       29       55       71       80       12       74       33       52       50       
1        57       0        50       66       67       33       46       59       61       31       16       
2        29       50       0        27       42       81       30       46       11       61       36       
3        55       66       27       0        20       99       57       31       22       85       50       
4        71       67       42       20       0        100      71       14       41       92       52       
5        80       33       81       99       100      0        68       90       92       31       49       
6        12       46       30       57       71       68       0        72       38       40       41       
7        74       59       46       31       14       90       72       0        48       86       44       
8        33       61       11       22       41       92       38       48       0        72       47       
9        52       31       61       85       92       31       40       86       72       0        42       
10       50       16       36       50       52       49       41       44       47       42       0        
;



Table delta(i,j)                 Distance
         0        1        2        3        4        5        6        7        8        9        10       
0        0        62       82       66       50       58       69       9        27       80       26       
1        62       0        70       70       59       87       24       61       90       38       84       
2        82       70       0        20       33       49       48       89       101      40       83       
3        66       70       20       0        16       29       53       73       82       50       64       
4        50       59       33       16       0        29       46       57       68       48       51       
5        58       87       49       29       29       0        75       67       64       76       44       
6        69       24       48       53       46       75       0        71       96       14       85       
7        9        61       89       73       57       67       71       0        30       83       34       
8        27       90       101      82       68       64       96       30       0        106      19       
9        80       38       40       50       48       76       14       83       106      0        94       
10       26       84       83       64       51       44       85       34       19       94       0        
;

