
sets
i        orders          /0*10/
k        routes          /1*10/
p        positions       /0*10/
;

alias(i,j)
alias(i,h)
alias(i,hh)
alias(i,jj)
alias(k,kk)
                
                    Parameters

rho(i)	Processing time
/
0	0
1	62
2	34
3	50
4	42
5	88
6	72
7	89
8	71
9	6
10	22
/

gamma(i)	Duedate
/
0	0
1	22
2	27
3	70
4	7
5	6
6	37
7	44
8	45
9	19
10	96
/

sigma(i)	Size
/
0	0
1	3
2	7
3	8
4	9
5	7
6	5
7	1
8	2
9	2
10	5
/

epsilon(i)	Priority
/
0	0
1	9
2	3
3	5
4	8
5	3
6	8
7	2
8	4
9	6
10	1
/

psi	Vehicle Capacity
/ 12 /
;

Table kappa(i,j)                 Setup
         0        1        2        3        4        5        6        7        8        9        10       
0        0        100      47       19       85       65       76       21       53       59       36       
1        100      0        74       99       65       67       24       78       96       53       64       
2        47       74       0        60       38       78       52       35       85       21       35       
3        19       99       60       0        96       52       76       26       35       67       37       
4        85       65       38       96       0        99       53       70       115      32       64       
5        65       67       78       52       99       0        52       51       31       68       42       
6        76       24       52       76       53       52       0        54       77       32       40       
7        21       78       35       26       70       51       54       0        50       40       14       
8        53       96       85       35       115      31       77       50       0        83       51       
9        59       53       21       67       32       68       32       40       83       0        32       
10       36       64       35       37       64       42       40       14       51       32       0        
;



Table delta(i,j)                 Distance
         0        1        2        3        4        5        6        7        8        9        10       
0        0        39       56       27       47       18       67       27       41       64       11       
1        39       0        93       18       77       49       103      64       52       97       50       
2        56       93       0        76       67       61       12       29       59       69       47       
3        27       18       76       0        72       43       85       48       34       91       38       
4        47       77       67       72       0        29       79       53       86       20       41       
5        18       49       61       43       29       0        72       36       60       47       17       
6        67       103      12       85       79       72       0        39       64       80       58       
7        27       64       29       48       53       36       39       0        39       63       20       
8        41       52       59       34       86       60       64       39       0        100      45       
9        64       97       69       91       20       47       80       63       100      0        56       
10       11       50       47       38       41       17       58       20       45       56       0        
;

