
sets
i        orders          /0*10/
k        routes          /1*10/
p        positions       /0*10/
;

alias(i,j)
alias(i,h)
alias(i,hh)
alias(i,jj)
alias(k,kk)
                
                    Parameters

rho(i)	Processing time
/
0	0
1	87
2	38
3	65
4	49
5	6
6	17
7	5
8	4
9	45
10	56
/

gamma(i)	Duedate
/
0	0
1	92
2	85
3	94
4	66
5	85
6	67
7	64
8	96
9	84
10	12
/

sigma(i)	Size
/
0	0
1	2
2	2
3	6
4	9
5	8
6	3
7	4
8	9
9	8
10	8
/

epsilon(i)	Priority
/
0	0
1	9
2	3
3	4
4	7
5	9
6	4
7	6
8	7
9	7
10	7
/

psi	Vehicle Capacity
/ 44 /
;

Table kappa(i,j)                 Setup
         0        1        2        3        4        5        6        7        8        9        10       
0        0        87       111      83       47       108      170      141      128      105      49       
1        87       0        27       122      130      117      118      118      136      38       114      
2        111      27       0        131      155      117      97       106      134      23       131      
3        83       122      131      0        114      41       135      88       53       112      39       
4        47       130      155      114      0        148      217      186      165      152      75       
5        108      117      117      41       148      0        97       47       20       94       76       
6        170      118      97       135      217      97       0        52       100      80       160      
7        141      118      106      88       186      47       52       0        48       84       119      
8        128      136      134      53       165      20       100      48       0        111      91       
9        105      38       23       112      152      94       80       84       111      0        116      
10       49       114      131      39       75       76       160      119      91       116      0        
;



Table delta(i,j)                 Distance
         0        1        2        3        4        5        6        7        8        9        10       
0        0        1500     1960     3380     420      2660     4980     4040     3640     4040     1840     
1        1500     0        71       96       95       65       175      129      119      129      27       
2        1960     71       0        102      118      125      181      132      177      134      96       
3        3380     96       102      0        189      84       81       33       113      34       95       
4        420      95       118      189      0        149      270      222      196      223      110      
5        2660     65       125      84       149      0        142      107      54       107      40       
6        4980     175      181      81       270      142      0        49       142      48       168      
7        4040     129      132      33       222      107      49       0        124      2        126      
8        3640     119      177      113      196      54       142      124      0        122      93       
9        4040     129      134      34       223      107      48       2        122      0        126      
10       1840     27       96       95       110      40       168      126      93       126      0        
;

