

sets
i        orders          /0*40/
k        routes          /1*40/
p        positions       /0*40/
;

alias(i,j)
alias(i,h)
alias(i,hh)
alias(i,jj)
alias(k,kk)
                            Parameters

rho(i)	Processing time
/
0	0
1	36
2	44
3	92
4	21
5	34
6	61
7	10
8	31
9	26
10	33
11	2
12	39
13	23
14	38
15	6
16	52
17	78
18	74
19	57
20	54
21	59
22	44
23	17
24	25
25	30
26	21
27	67
28	10
29	16
30	90
31	35
32	37
33	76
34	57
35	73
36	44
37	68
38	53
39	7
40	51
/

gamma(i)	Duedate
/
0	0
1	61
2	96
3	7
4	92
5	9
6	57
7	36
8	60
9	79
10	54
11	66
12	37
13	75
14	85
15	61
16	19
17	7
18	79
19	74
20	33
21	24
22	87
23	27
24	27
25	31
26	35
27	49
28	47
29	96
30	5
31	71
32	12
33	42
34	8
35	12
36	92
37	38
38	59
39	42
40	49
/

sigma(i)	Size
/
0	0
1	1
2	5
3	4
4	7
5	9
6	5
7	9
8	8
9	2
10	5
11	7
12	6
13	7
14	3
15	6
16	4
17	8
18	6
19	1
20	7
21	2
22	9
23	5
24	5
25	2
26	6
27	8
28	8
29	9
30	1
31	5
32	3
33	9
34	9
35	9
36	4
37	7
38	6
39	8
40	7
/

epsilon(i)	Priority
/
0	0
1	3
2	2
3	4
4	5
5	7
6	1
7	8
8	1
9	5
10	1
11	2
12	7
13	5
14	3
15	1
16	5
17	2
18	1
19	6
20	3
21	7
22	2
23	3
24	9
25	9
26	6
27	1
28	1
29	8
30	5
31	2
32	5
33	8
34	8
35	9
36	2
37	4
38	4
39	5
40	4
/

psi	Vehicle Capacity
/ 35 /
;

Table kappa(i,j)                 Setup
         0        1        2        3        4        5        6        7        8        9        10       11       12       13       14       15       16       17       18       19       20       21       22       23       24       25       26       27       28       29       30       31       32       33       34       35       36       37       38       39       40       
0        0        1503     1279     179      1495     1147     1182     1358     309      637      1596     1630     726      1828     370      1611     993      353      1591     930      306      1473     553      470      892      1326     1201     1230     781      280      1008     532      1352     1204     1099     1155     313      1633     1555     1160     347      
1        1503     0        1682     1676     1178     771      321      1492     1322     1468     375      214      827      790      1149     1112     924      1833     492      1028     1652     475      1679     1736     766      236      563      556      1288     1366     766      1870     276      653      417      860      1203     687      188      559      1765     
2        1279     1682     0        1292     695      912      1473     271      1006     1853     2000     1645     1089     1378     1131     864      773      1527     2075     689      1584     1295     812      956      996      1449     1820     1843     1900     1476     1780     1048     1748     1888     1514     1980     1313     1251     1848     1774     1594     
3        179      1676     1292     0        1585     1278     1354     1404     417      746      1776     1798     883      1966     531      1714     1111     242      1770     1035     333      1624     504      385      1037     1493     1380     1409     921      433      1185     403      1530     1381     1275     1327     492      1772     1733     1339     306      
4        1495     1178     695      1585     0        504      1080     427      1185     1902     1542     1075     944      693      1191     171      540      1824     1644     570      1786     717      1239     1372     761      976      1502     1517     1860     1579     1552     1501     1333     1589     1173     1741     1373     597      1363     1464     1842     
5        1147     771      912      1278     504      0        597      728      861      1447     1102     744      480      693      794      537      196      1498     1189     308      1408     422      1077     1178     284      540      1005     1021     1379     1164     1048     1318     866      1090     676      1236     954      502      940      965      1486     
6        1182     321      1473     1354     1080     597      0        1319     1005     1189     532      470      517      900      829      1061     700      1514     601      790      1339     502      1375     1425     495      193      432      443      1034     1054     556      1556     275      526      133      708      884      740      411      402      1449     
7        1358     1492     271      1404     427      728      1319     0        1059     1876     1830     1430     1012     1117     1139     595      634      1645     1916     583      1664     1072     968      1113     879      1266     1701     1721     1889     1513     1694     1223     1592     1777     1380     1893     1328     1002     1667     1657     1693     
8        309      1322     1006     417      1185     861      1005     1059     0        849      1481     1420     498      1551     206      1305     694      645      1499     624      609      1218     423      429      629      1119     1132     1161     926      470      985      554      1220     1159     951      1165     333      1357     1407     1086     657      
9        637      1468     1853     746      1902     1447     1189     1876     849      0        1404     1654     968      2035     737      1977     1362     686      1349     1344     445      1634     1188     1105     1163     1378     976      999      239      381      740      1148     1230     928      1063     781      548      1848     1441     954      553      
10       1596     375      2000     1776     1542     1102     532      1830     1481     1404     0        555      1025     1152     1284     1484     1228     1892     126      1321     1681     849      1877     1910     1027     569      429      405      1188     1403     665      2034     266      481      536      668      1283     1060     188      458      1801     
11       1630     214      1645     1798     1075     744      470      1430     1420     1654     555      0        922      597      1266     984      923      1972     680      1034     1805     360      1744     1817     817      304      776      770      1485     1521     972      1954     491      867      591      1074     1344     525      371      770      1913     
12       726      827      1089     883      944      480      517      1012     498      968      1025     922      0        1118     355      1010     410      1077     1066     430      952      748      858      909      195      621      749      775      915      692      691      1042     759      806      490      891      484      924      927      702      1042     
13       1828     790      1378     1966     693      693      900      1117     1551     2035     1152     597      1118     0        1464     539      878      2181     1275     979      2070     404      1755     1865     937      713      1306     1308     1913     1807     1456     2004     1045     1402     1032     1599     1602     194      965      1287     2158     
14       370      1149     1131     531      1191     794      829      1139     206      737      1284     1266     355      1464     0        1289     662      722      1298     622      613      1103     629      632      527      961      926      955      770      388      779      750      1027     952      762      961      189      1269     1220     881      694      
15       1611     1112     864      1714     171      537      1061     595      1305     1977     1484     984      1010     539      1289     0        627      1949     1593     681      1895     638      1391     1522     817      931      1492     1504     1917     1673     1568     1653     1296     1583     1167     1749     1464     474      1300     1458     1959     
16       993      924      773      1111     540      196      700      634      694      1362     1228     923      410      878      662      627      0        1339     1302     112      1270     616      882      987      247      688      1066     1087     1324     1046     1066     1126     976      1142     748      1263     838      692      1080     1023     1338     
17       353      1833     1527     242      1824     1498     1514     1645     645      686      1892     1972     1077     2181     722      1949     1339     0        1872     1269     245      1825     725      591      1245     1667     1478     1506     901      490      1263     564      1661     1464     1421     1377     630      1986     1870     1441     136      
18       1591     492      2075     1770     1644     1189     601      1916     1499     1349     126      680      1066     1275     1298     1593     1302     1872     0        1390     1652     962      1906     1929     1089     668      394      366      1125     1381     619      2049     326      422      579      588      1278     1179     309      432      1775     
19       930      1028     689      1035     570      308      790      583      624      1344     1321     1034     430      979      622      681      112      1269     1390     0        1217     729      776      886      307      792      1133     1156     1327     1010     1112     1025     1064     1204     825      1312     806      796      1179     1088     1277     
20       306      1652     1584     333      1786     1408     1339     1664     609      445      1681     1805     952      2070     613      1895     1270     245      1652     1217     0        1695     827      716      1136     1505     1259     1286     656      285      1036     731      1460     1238     1235     1139     471      1876     1673     1224     123      
21       1473     475      1295     1624     717      422      502      1072     1218     1634     849      360      748      404      1103     638      616      1825     962      729      1695     0        1485     1577     588      326      923      928      1508     1424     1057     1717     685      1018     632      1208     1224     238      663      899      1790     
22       553      1679     812      504      1239     1077     1375     968      423      1188     1877     1744     858      1755     629      1391     882      725      1906     776      827      1485     0        145      927      1458     1548     1577     1310     816      1408     262      1612     1580     1341     1588     738      1573     1786     1502     809      
23       470      1736     956      385      1372     1178     1425     1113     429      1105     1910     1817     909      1865     632      1522     987      591      1929     886      716      1577     145      0        1003     1524     1559     1588     1248     747      1401     140      1647     1582     1378     1571     706      1679     1831     1513     685      
24       892      766      996      1037     761      284      495      879      629      1163     1027     817      195      937      527      817      247      1245     1089     307      1136     588      927      1003     0        536      826      848      1101     884      818      1142     765      899      518      1016     674      742      899      782      1221     
25       1326     236      1449     1493     976      540      193      1266     1119     1378     569      304      621      713      961      931      688      1667     668      792      1505     326      1458     1524     536      0        597      602      1227     1222     745      1660     366      693      326      886      1041     564      401      575      1611     
26       1201     563      1820     1380     1502     1005     432      1701     1132     976      429      776      749      1306     926      1492     1066     1478     394      1133     1259     923      1548     1559     826      597      0        29       765      987      236      1673     288      95       329      298      889      1161     480      47       1381     
27       1230     556      1843     1409     1517     1021     443      1721     1161     999      405      770      775      1308     955      1504     1087     1506     366      1156     1286     928      1577     1588     848      602      29       0        786      1015     260      1702     280      97       345      304      918      1166     464      75       1409     
28       781      1288     1900     921      1860     1379     1034     1889     926      239      1188     1485     915      1913     770      1917     1324     901      1125     1327     656      1508     1310     1248     1101     1227     765      786      0        501      532      1311     1035     707      902      547      595      1734     1241     749      772      
29       280      1366     1476     433      1579     1164     1054     1513     470      381      1403     1521     692      1807     388      1673     1046     490      1381     1010     285      1424     816      747      884      1222     987      1015     501      0        774      812      1178     975      949      900      210      1614     1389     950      401      
30       1008     766      1780     1185     1552     1048     556      1694     985      740      665      972      691      1456     779      1568     1066     1263     619      1112     1036     1057     1408     1401     818      745      236      260      532      774      0        1505     504      201      425      200      705      1294     709      217      1160     
31       532      1870     1048     403      1501     1318     1556     1223     554      1148     2034     1954     1042     2004     750      1653     1126     564      2049     1025     731      1717     262      140      1142     1660     1673     1702     1311     812      1505     0        1773     1691     1505     1668     802      1819     1960     1628     677      
32       1352     276      1748     1530     1333     866      275      1592     1220     1230     266      491      759      1045     1027     1296     976      1661     326      1064     1460     685      1612     1647     765      366      288      280      1035     1178     504      1773     0        377      270      584      1040     917      213      290      1579     
33       1204     653      1888     1381     1589     1090     526      1777     1159     928      481      867      806      1402     952      1583     1142     1464     422      1204     1238     1018     1580     1582     899      693      95       97       707      975      201      1691     377      0        417      207      896      1257     557      125      1361     
34       1099     417      1514     1275     1173     676      133      1380     951      1063     536      591      490      1032     762      1167     748      1421     579      825      1235     632      1341     1378     518      326      329      345      902      949      425      1505     270      417      0        586      793      868      458      292      1349     
35       1155     860      1980     1327     1741     1236     708      1893     1165     781      668      1074     891      1599     961      1749     1263     1377     588      1312     1139     1208     1588     1571     1016     886      298      304      547      900      200      1668     584      207      586      0        866      1447     761      311      1263     
36       313      1203     1313     492      1373     954      884      1328     333      548      1283     1344     484      1602     189      1464     838      630      1278     806      471      1224     738      706      674      1041     889      918      595      210      705      802      1040     896      793      866      0        1408     1246     847      571      
37       1633     687      1251     1772     597      502      740      1002     1357     1848     1060     525      924      194      1269     474      692      1986     1179     796      1876     238      1573     1679     742      564      1161     1166     1734     1614     1294     1819     917      1257     868      1447     1408     0        872      1138     1963     
38       1555     188      1848     1733     1363     940      411      1667     1407     1441     188      371      927      965      1220     1300     1080     1870     309      1179     1673     663      1786     1831     899      401      480      464      1241     1389     709      1960     213      557      458      761      1246     872      0        492      1790     
39       1160     559      1774     1339     1464     965      402      1657     1086     954      458      770      702      1287     881      1458     1023     1441     432      1088     1224     899      1502     1513     782      575      47       75       749      950      217      1628     290      125      292      311      847      1138     492      0        1346     
40       347      1765     1594     306      1842     1486     1449     1693     657      553      1801     1913     1042     2158     694      1959     1338     136      1775     1277     123      1790     809      685      1221     1611     1381     1409     772      401      1160     677      1579     1361     1349     1263     571      1963     1790     1346     0        
;



Table delta(i,j)                 Distance
         0        1        2        3        4        5        6        7        8        9        10       11       12       13       14       15       16       17       18       19       20       21       22       23       24       25       26       27       28       29       30       31       32       33       34       35       36       37       38       39       40       
0        0        9360     5010     6450     8670     6600     3540     6330     12180    6780     7560     2520     5910     7380     10140    2340     4170     3330     9150     7260     10230    10770    10530    9630     3540     6690     3840     10260    2970     690      8040     8400     7440     8430     12120    570      6660     4530     7530     6270     12810    
1        9360     0        226      99       183      182      201      139      94       121      268      317      169      243      261      273      354      366      6        202      185      137      84       192      336      285      189      351      215      335      156      171      257      174      104      293      297      244      237      104      136      
2        5010     226      0        137      308      62       150      210      312      212      326      231      57       81       381      90       288      272      221      76       345      331      297      335      265      314      89       428      99       188      114      294      317      296      330      154      320      234      85       158      362      
3        6450     99       137      0        187      112      113      99       193      92       238      232      87       178      268      174      278      282      93       140      216      194      161      210      257      242      89       336      117      239      115      173      228      176      200      196      252      179      175      32       229      
4        8670     183      308      187      0        298      182      97       233      97       102      244      270      364      81       299      252      282      178      328      53       100      137      31       244      134      225      169      234      305      301      14       94       11       197      274      146      148      362      156      199      
5        6600     182      62       112      298      0        173      205      261      201      336      273      31       65       377      148      329      318      179      30       328      302      261      322      306      332      112      437      134      243      51       284      327      287      285      205      339      256      63       142      318      
6        3540     201      150      113      182      173      0        94       293      108      177      118      141      226      244      117      166      168      194      202      230      241      233      213      144      164      62       278      56       139      204      170      169      172      287      100      170      84       227      97       309      
7        6330     139      210      99       97       205      94       0        221      18       140      190      175      269      173      206      219      237      133      235      140      147      145      126      203      149      128      237      140      231      215      83       130      86       204      193      160      106      267      66       222      
8        12180    94       312      193      233      261      293      221      0        202      331      406      255      315      299      366      440      455      100      275      213      148      96       229      423      355      282      399      309      428      223      225      321      228      50       386      367      327      308      197      79       
9        6780     121      212      92       97       201      108      18       202      0        153      208      173      267      176      216      238      255      115      231      133      133      127      123      222      165      135      246      149      246      207      82       142      85       186      208      176      125      265      60       205      
10       7560     268      326      238      102      336      177      140      331      153      0        183      305      396      95       288      171      209      262      367      146      202      237      121      170      38       237      102      233      261      353      107      10       104      298      241      48       102      396      205      302      
11       2520     317      231      232      244      273      118      190      406      208      183      0        244      312      276      153      58       49       310      299      298      329      335      275      35       150      164      265      139      83       314      238      182      238      394      85       146      95       316      214      412      
12       5910     169      57       87       270      31       141      175      255      173      305      244      0        93       348      130      299      291      165      62       303      281      244      295      277      300      82       406      106      220      71       256      295      259      274      180      307      224      92       114      306      
13       7380     243      81       178      364      65       226      269      315      267      396      312      93       0        442      167      370      353      240      41       394      367      324      388      347      388      163      498      178      265      91       349      387      353      344      234      395      310      8        207      378      
14       10140    261      381      268      81       377      244      173      299      176      95       276      348      442      0        361      267      304      257      407      86       152      203      70       265      133      295      103      299      349      382      95       94       91       256      325      142      187      440      236      250      
15       2340     273      90       174      299      148      117      206      366      216      288      153      130      167      361      0        211      188      267      166      346      348      328      330      188      267      86       386      66       98       198      287      281      289      373      69       269      186      173      179      401      
16       4170     354      288      278      252      329      166      219      440      238      171      58       299      370      267      211      0        42       348      356      305      347      361      280      23       133      218      235      194      133      367      249      173      248      422      142      125      113      373      256      436      
17       3330     366      272      282      282      318      168      237      455      255      209      49       291      353      304      188      42       0        359      343      336      372      382      312      38       171      211      277      185      99       361      278      209      277      441      119      165      136      357      264      458      
18       9150     6        221      93       178      179      194      133      100      115      262      310      165      240      257      267      348      359      0        199      183      136      85       189      329      279      183      346      209      328      154      166      252      170      109      286      291      237      235      97       140      
19       7260     202      76       140      328      30       202      235      275      231      367      299      62       41       407      166      356      343      199      0        356      327      284      351      333      362      141      468      161      263      52       313      357      317      303      228      369      286      35       171      337      
20       10230    185      345      216      53       328      230      140      213      133      146      298      303      394      86       346      305      336      183      356      0        66       118      25       297      182      267      189      280      358      323      61       140      60       170      325      194      202      391      188      164      
21       10770    137      331      194      100      302      241      147      148      133      202      329      281      367      152      348      347      372      136      327      66       0        57       86       335      234      264      255      282      378      287      99       194      100      103      341      247      236      363      174      100      
22       10530    84       297      161      137      261      233      145      96       127      237      335      244      324      203      328      361      382      85       284      118      57       0        133      347      264      242      302      264      372      240      130      227      132      62       332      276      247      319      149      77       
23       9630     192      335      210      31       322      213      126      229      123      121      275      295      388      70       330      280      312      189      351      25       86       133      0        273      156      254      169      264      337      321      43       114      41       189      305      168      179      386      181      186      
24       3540     336      265      257      244      306      144      203      423      222      170      35       277      347      265      188      23       38       329      333      297      335      347      273      0        133      195      242      171      114      345      240      171      239      407      120      128      100      350      236      423      
25       6690     285      314      242      134      332      164      149      355      165      38       150      300      388      133      267      133      171      279      362      182      234      264      156      133      0        226      120      217      230      354      136      42       134      325      215      12       81       389      210      332      
26       3840     189      89       89       225      112      62       128      282      135      237      164      82       163      295      86       218      211      183      141      267      264      242      254      195      226      0        339      29       152      150      212      228      214      287      110      232      147      164      93       315      
27       10260    351      428      336      169      437      278      237      399      246      102      265      406      498      103      386      235      277      346      468      189      255      302      169      242      120      339      0        334      348      452      180      111      176      358      334      119      200      498      303      353      
28       2970     215      99       117      234      134      56       140      309      149      233      139      106      178      299      66       194      185      209      161      280      282      264      264      171      217      29       334      0        123      176      221      225      223      312      80       222      136      181      116      338      
29       690      335      188      239      305      243      139      231      428      246      261      83       220      265      349      98       133      99       328      263      358      378      372      337      114      230      152      348      123      0        291      296      258      297      426      42       228      162      271      231      449      
30       8040     156      114      115      301      51       204      215      223      207      353      314      71       91       382      198      367      361      154      52       323      287      240      321      345      354      150      452      176      291      0        286      343      290      254      251      363      284      84       148      288      
31       8400     171      294      173      14       284      170      83       225      82       107      238      256      349      95       287      249      278      166      313      61       99       130      43       240      136      212      180      221      296      286      0        97       3        191      264      148      142      347      142      196      
32       7440     257      317      228      94       327      169      130      321      142      10       182      295      387      94       281      173      209      252      357      140      194      227      114      171      42       228      111      225      258      343      97       0        95       289      237      54       97       387      195      293      
33       8430     174      296      176      11       287      172      86       228      85       104      238      259      353      91       289      248      277      170      317      60       100      132      41       239      134      214      176      223      297      290      3        95       0        193      265      146      142      350      145      198      
34       12120    104      330      200      197      285      287      204      50       186      298      394      274      344      256      373      422      441      109      303      170      103      62       189      407      325      287      358      312      426      254      191      289      193      0        385      338      308      338      196      34       
35       570      293      154      196      274      205      100      193      386      208      241      85       180      234      325      69       142      119      286      228      325      341      332      305      120      215      110      334      80       42       251      264      237      265      385      0        215      139      239      190      409      
36       6660     297      320      252      146      339      170      160      367      176      48       146      307      395      142      269      125      165      291      369      194      247      276      168      128      12       232      119      222      228      363      148      54       146      338      215      0        86       396      221      345      
37       4530     244      234      179      148      256      84       106      327      125      102      95       224      310      187      186      113      136      237      286      202      236      247      179      100      81       147      200      136      162      284      142      97       142      308      139      86       0        311      152      323      
38       7530     237      85       175      362      63       227      267      308      265      396      316      92       8        440      173      373      357      235      35       391      363      319      386      350      389      164      498      181      271      84       347      387      350      338      239      396      311      0        205      372      
39       6270     104      158      32       156      142      97       66       197      60       205      214      114      207      236      179      256      264      97       171      188      174      149      181      236      210      93       303      116      231      148      142      195      145      196      190      221      152      205      0        222      
40       12810    136      362      229      199      318      309      222      79       205      302      412      306      378      250      401      436      458      140      337      164      100      77       186      423      332      315      353      338      449      288      196      293      198      34       409      345      323      372      222      0        
;

