

sets
i        orders          /0*20/
k        routes          /1*20/
p        positions       /0*20/
;

alias(i,j)
alias(i,h)
alias(i,hh)
alias(i,jj)
alias(k,kk)
                            Parameters

rho(i)	Processing time
/
0	0
1	47
2	29
3	22
4	75
5	80
6	75
7	64
8	48
9	69
10	18
11	63
12	1
13	58
14	68
15	32
16	73
17	9
18	81
19	33
20	12
/

gamma(i)	Duedate
/
0	0
1	74
2	68
3	59
4	52
5	72
6	49
7	74
8	19
9	7
10	51
11	20
12	70
13	90
14	77
15	38
16	32
17	67
18	83
19	73
20	82
/

sigma(i)	Size
/
0	0
1	1
2	9
3	7
4	1
5	5
6	5
7	1
8	2
9	7
10	4
11	6
12	2
13	4
14	9
15	4
16	1
17	4
18	6
19	4
20	7
/

epsilon(i)	Priority
/
0	0
1	5
2	9
3	2
4	8
5	4
6	2
7	6
8	9
9	3
10	4
11	7
12	7
13	1
14	4
15	6
16	5
17	3
18	8
19	2
20	7
/

psi	Vehicle Capacity
/ 33 /
;

Table kappa(i,j)                 Setup
         0        1        2        3        4        5        6        7        8        9        10       11       12       13       14       15       16       17       18       19       20       
0        0        181      58       24       81       174      105      62       113      169      66       32       159      154      111      135      132      117      210      170      82       
1        181      0        127      158      145      29       80       187      139      31       157      168      75       35       158      83       162      83       41       74       117      
2        58       127      0        33       83       116      62       96       69       121      79       40       123      106      76       102      134      58       152      112      26       
3        24       158      33       0        76       149      84       72       93       147      65       21       141      132      94       118      129      92       185      145      58       
4        81       145      83       76       0        152      68       46       152      121      18       98       93       110      160      70       53       121      184      169      106      
5        174      29       116      149      152      0        83       190      115      55       161      156      97       53       134      100      177      63       36       44       101      
6        105      80       62       84       68       83       0        107      111      63       78       100      61       49       125      42       102      62       116      103      68       
7        62       187      96       72       46       190      107      0        164      165      30       91       140      153      166      116      80       148      224      200      122      
8        113      139      69       93       152      115      111      164      0        148      148      81       168      135      19       153      201      58       145      84       46       
9        169      31       121      147      121      55       63       165      148      0        135      160      44       15       166      55       133      89       72       97       117      
10       66       157      79       65       18       161      78       30       148      135      0        86       110      123      154      87       66       124      195      175      104      
11       32       168      40       21       98       156      100      91       81       160      86       0        159      145      79       136      151      94       191      145      56       
12       159      75       123      141      93       97       61       140      168      44       110      159      0        44       184      24       92       113      116      135      129      
13       154      35       106      132      110      53       49       153      135      15       123      145      44       0        152      48       127      77       77       91       102      
14       111      158      76       94       160      134      125      166      19       166      154      79       184      152      0        168      211      76       164      102      57       
15       135      83       102      118      70       100      42       116      153      55       87       136      24       48       168      0        79       101      125      132      111      
16       132      162      134      129      53       177      102      80       201      133      66       151      92       127      211      79       0        162      204      205      155      
17       117      83       58       92       121      63       62       148      58       89       124      94       113      77       76       101      162      0        98       53       38       
18       210      41       152      185      184      36       116      224      145      72       195      191      116      77       164      125      204      98       0        63       136      
19       170      74       112      145      169      44       103      200      84       97       175      145      135      91       102      132      205      53       63       0        89       
20       82       117      26       58       106      101      68       122      46       117      104      56       129      102      57       111      155      38       136      89       0        
;



Table delta(i,j)                 Distance
         0        1        2        3        4        5        6        7        8        9        10       11       12       13       14       15       16       17       18       19       20       
0        0        890      1100     810      240      610      1240     1210     540      630      570      400      1260     130      700      1010     410      700      800      870      850      
1        890      0        50       118      65       54       75       68       102      60       63       50       88       92       43       69       54       90       93       5        112      
2        1100     50       0        101      87       51       25       18       97       52       59       73       39       107      40       30       69       74       71       55       91       
3        810      118      101      0        80       64       98       100      27       58       55       83       89       68       75       74       72       28       30       120      12       
4        240      65       87       80       0        41       103      99       54       45       40       15       107      27       48       82       19       61       70       63       80       
5        610      54       51       64       41       0        63       60       49       6        9        32       66       56       13       40       22       36       40       56       58       
6        1240     75       25       98       103      63       0        7        100      61       68       91       16       119      55       25       84       74       68       80       86       
7        1210     68       18       100      99       60       7        0        100      59       66       87       23       116      51       26       80       75       70       73       88       
8        540      102      97       27       54       49       100      100      0        45       40       60       95       41       62       74       50       26       35       103      32       
9        630      60       52       58       45       6        61       59       45       0        6        38       63       57       17       38       26       29       33       62       51       
10       570      63       59       55       40       9        68       66       40       6        0        35       69       50       22       44       23       28       33       65       50       
11       400      50       73       83       15       32       91       87       60       38       35       0        97       42       36       72       12       60       68       48       82       
12       1260     88       39       89       107      66       16       23       95       63       69       97       0        119      61       25       88       68       61       93       76       
13       130      92       107      68       27       56       119      116      41       57       50       42       119      0        67       95       39       59       69       90       72       
14       700      43       40       75       48       13       55       51       62       17       22       36       61       67       0        36       29       47       49       46       68       
15       1010     69       30       74       82       40       25       26       74       38       44       72       25       95       36       0        62       49       44       73       62       
16       410      54       69       72       19       22       84       80       50       26       23       12       88       39       29       62       0        48       55       54       69       
17       700      90       74       28       61       36       74       75       26       29       28       60       68       59       47       49       48       0        10       92       22       
18       800      93       71       30       70       40       68       70       35       33       33       68       61       69       49       44       55       10       0        95       20       
19       870      5        55       120      63       56       80       73       103      62       65       48       93       90       46       73       54       92       95       0        114      
20       850      112      91       12       80       58       86       88       32       51       50       82       76       72       68       62       69       22       20       114      0        
;

