

sets
i        orders          /0*10/
k        routes          /1*10/
p        positions       /0*10/
;

alias(i,j)
alias(i,h)
alias(i,hh)
alias(i,jj)
alias(k,kk)
                            Parameters

rho(i)	Processing time
/
0	0
1	51
2	39
3	18
4	12
5	31
6	15
7	8
8	91
9	9
10	87
/

gamma(i)	Duedate
/
0	0
1	31
2	91
3	55
4	83
5	32
6	98
7	78
8	2
9	28
10	22
/

sigma(i)	Size
/
0	0
1	4
2	7
3	3
4	2
5	2
6	2
7	7
8	4
9	4
10	1
/

epsilon(i)	Priority
/
0	0
1	4
2	9
3	4
4	4
5	1
6	3
7	8
8	2
9	4
10	1
/

psi	Vehicle Capacity
/ 108 /
;

Table kappa(i,j)                 Setup
         0        1        2        3        4        5        6        7        8        9        10       
0        0        312      197      478      156      172      508      296      503      44       331      
1        312      0        115      217      208      303      443      30       522      346      383      
2        197      115      0        296      108      206      431      99       481      230      321      
3        478      217      296      0        330      391      330      209      451      498      379      
4        156      208      108      330      0        98       370      183      394      169      225      
5        172      303      206      391      98       0        341      276      332      157      159      
6        508      443      431      330      370      341      0        416      138      498      199      
7        296      30       99       209      183      276      416      0        492      327      352      
8        503      522      481      451      394      332      138      492      0        482      172      
9        44       346      230      498      169      157      498      327      482      0        313      
10       331      383      321      379      225      159      199      352      172      313      0        
;



Table delta(i,j)                 Distance
         0        1        2        3        4        5        6        7        8        9        10       
0        0        190      171      142      88       285      259      118      313      179      147      
1        190      0        72       100      107      97       79       75       155      64       127      
2        171      72       0        142      84       154      98       62       226      126      170      
3        142      100      142      0        102      168      178      91       173      48       28       
4        88       107      84       102      0        204      172      32       249      118      123      
5        285      97       154      168      204      0        76       172      94       120      189      
6        259      79       98       178      172      76       0        141      168      137      205      
7        118      75       62       91       32       172      141      0        220      94       117      
8        313      155      226      173      249      94       168      220      0        134      181      
9        179      64       126      48       118      120      137      94       134      0        70       
10       147      127      170      28       123      189      205      117      181      70       0        
;

