

sets
i        orders          /0*20/
k        routes          /1*20/
p        positions       /0*20/
;

alias(i,j)
alias(i,h)
alias(i,hh)
alias(i,jj)
alias(k,kk)
                            Parameters

rho(i)	Processing time
/
0	0
1	68
2	51
3	66
4	96
5	43
6	80
7	84
8	14
9	41
10	52
11	7
12	73
13	83
14	42
15	74
16	51
17	48
18	57
19	27
20	2
/

gamma(i)	Duedate
/
0	0
1	99
2	91
3	53
4	14
5	94
6	99
7	21
8	25
9	45
10	76
11	87
12	8
13	41
14	14
15	6
16	36
17	47
18	92
19	90
20	60
/

sigma(i)	Size
/
0	0
1	8
2	5
3	6
4	5
5	2
6	5
7	4
8	9
9	7
10	4
11	6
12	2
13	5
14	9
15	4
16	3
17	3
18	5
19	5
20	3
/

epsilon(i)	Priority
/
0	0
1	4
2	3
3	5
4	4
5	2
6	4
7	3
8	8
9	5
10	2
11	2
12	9
13	6
14	9
15	4
16	4
17	7
18	2
19	9
20	1
/

psi	Vehicle Capacity
/ 84 /
;

Table kappa(i,j)                 Setup
         0        1        2        3        4        5        6        7        8        9        10       11       12       13       14       15       16       17       18       19       20       
0        0        29       164      180      143      158      131      45       70       123      88       45       54       168      188      29       84       154      132      106      35       
1        29       0        146      152      137      142      111      74       50       130      73       31       83       143      167      58       55       126      138      76       46       
2        164      146      0        86       66       13       36       189      173      124      75       171      196      51       33       187      109      85       121      136      139      
3        180      152      86       0        146      98       76       219      154      195      114      164      228      34       67       209      98       27       194      98       171      
4        143      137      66       146      0        52       72       154      179      61       68       167      158      112      99       159      126      136      56       162      110      
5        158      142      13       98       52       0        38       181      173      111      70       169      188      63       47       181      110      94       107      140      131      
6        131      111      36       76       72       38       0        162      137      118      46       135      169      47       57       157      73       64       118      102      111      
7        45       74       189      219      154      181      162      0        113      115      115      88       8        203      218      22       127      194      125      151      51       
8        70       50       173      154      179      173      137      113      0        180      111      25       121      156      187      92       64       127      187      57       96       
9        123      130      124      195      61       111      118      115      180      0        89       161      117      164      158      128      144      179      10       182      88       
10       88       73       75       114      68       70       46       115      111      89       0        102      123      90       102      112      59       93       92       96       64       
11       45       31       171      164      167      169      135      88       25       161      102      0        96       161      189      67       67       137      169      73       74       
12       54       83       196      228      158      188      169      8        121      117      123      96       0        211      225      30       135      203      127      160      58       
13       168      143      51       34       112      63       47       203      156      164      90       161      211      0        38       195      93       39       163      106      153      
14       188      167      33       67       99       47       57       218      187      158      102      189      225      38       0        214      123      77       154      142      167      
15       29       58       187      209      159      181      157      22       92       128      112      67       30       195      214      0        113      182      138      133      50       
16       84       55       109      98       126      110      73       127      64       144      59       67       135      93       123      113      0        71       149      37       84       
17       154      126      85       27       136      94       64       194      127      179      93       137      203      39       77       182      71       0        180      73       147      
18       132      138      121      194      56       107      118      125      187      10       92       169      127      163      154      138      149      180      0        186      97       
19       106      76       136      98       162      140      102      151      57       182      96       73       160      106      142      133      37       73       186      0        115      
20       35       46       139      171      110      131      111      51       96       88       64       74       58       153      167      50       84       147      97       115      0        
;



Table delta(i,j)                 Distance
         0        1        2        3        4        5        6        7        8        9        10       11       12       13       14       15       16       17       18       19       20       
0        0        72       12       65       27       47       31       16       58       48       25       20       67       60       45       77       87       67       71       54       92       
1        72       0        60       9        73       81       68       73       58       25       67       64       54       50       35       35       73       34       20       34       22       
2        12       60       0        54       24       42       25       16       48       36       19       14       56       49       38       65       78       55       62       42       80       
3        65       9        54       0        69       79       65       67       59       21       62       60       56       52       26       41       77       38       15       34       31       
4        27       73       24       69       0        19       6        11       37       49       7        11       47       42       60       66       65       56       80       45       89       
5        47       81       42       79       19       0        17       30       30       58       23       28       41       37       75       64       52       55       92       48       92       
6        31       68       25       65       6        17       0        16       30       44       6        11       41       35       58       59       59       49       77       39       83       
7        16       73       16       67       11       30       16       0        46       48       11       9        55       49       54       71       75       60       77       48       90       
8        58       58       48       59       37       30       30       46       0        40       35       38       10       8        65       34       29       26       74       24       64       
9        48       25       36       21       49       58       44       48       40       0        42       39       41       35       26       35       63       27       34       17       43       
10       25       67       19       62       7        23       6        11       35       42       0        5        44       38       53       61       64       51       73       39       82       
11       20       64       14       60       11       28       11       9        38       39       5        0        47       40       49       61       67       51       70       39       81       
12       67       54       56       56       47       41       41       55       10       41       44       47       0        7        67       25       23       20       72       23       57       
13       60       50       49       52       42       37       35       49       8        35       38       40       7        0        60       26       30       18       67       17       56       
14       45       35       38       26       60       75       58       54       65       26       53       49       67       60       0        61       90       54       26       44       58       
15       77       35       65       41       66       64       59       71       34       35       61       61       25       26       61       0        39       10       55       23       32       
16       87       73       78       77       65       52       59       75       29       63       64       67       23       30       90       39       0        38       92       46       70       
17       67       34       55       38       56       55       49       60       26       27       51       51       20       18       54       10       38       0        53       13       37       
18       71       20       62       15       80       92       77       77       74       34       73       70       72       67       26       55       92       53       0        49       39       
19       54       34       42       34       45       48       39       48       24       17       39       39       23       17       44       23       46       13       49       0        44       
20       92       22       80       31       89       92       83       90       64       43       82       81       57       56       58       32       70       37       39       44       0        
;

