

sets
i        orders          /0*10/
k        routes          /1*10/
p        positions       /0*10/
;

alias(i,j)
alias(i,h)
alias(i,hh)
alias(i,jj)
alias(k,kk)
                            Parameters

rho(i)	Processing time
/
0	0
1	88
2	31
3	16
4	46
5	90
6	5
7	33
8	59
9	25
10	7
/

gamma(i)	Duedate
/
0	0
1	25
2	5
3	80
4	64
5	40
6	93
7	10
8	21
9	5
10	74
/

sigma(i)	Size
/
0	0
1	6
2	3
3	6
4	2
5	5
6	7
7	6
8	3
9	4
10	3
/

epsilon(i)	Priority
/
0	0
1	4
2	9
3	2
4	9
5	1
6	4
7	5
8	4
9	5
10	1
/

psi	Vehicle Capacity
/ 47 /
;

Table kappa(i,j)                 Setup
         0        1        2        3        4        5        6        7        8        9        10       
0        0        620      340      604      479      119      429      764      424      107      227      
1        620      0        858      470      992      738      909      561      749      560      737      
2        340      858      0        632      668      270      94       1102     238      324      126      
3        604      470      632      0        1083     678      635      987      423      498      556      
4        479      992      668      1083     0        438      758      843      855      587      624      
5        119      738      270      678      438      0        364      864      418      193      190      
6        429      909      94       635      758      364      0        1185     215      400      205      
7        764      561      1102     987      843      864      1185     0        1110     787      980      
8        424      749      238      423      855      418      215      1110     0        345      231      
9        107      560      324      498      587      193      400      787      345      0        198      
10       227      737      126      556      624      190      205      980      231      198      0        
;



Table delta(i,j)                 Distance
         0        1        2        3        4        5        6        7        8        9        10       
0        0        216      260      132      70       241      197      160      68       231      142      
1        216      0        221      93       245      63       96       202      259      139      218      
2        260      221      0        244      328      284      300      105      244      83       131      
3        132      93       244      0        152      108      74       183      188      177      187      
4        70       245      328      152      0        252      197      230      126      290      213      
5        241      63       284      108      252      0        62       260      295      202      272      
6        197      96       300      74       197      62       0        253      258      224      260      
7        160      202      105      183      230      260      253      0        139      115      28       
8        68       259      244      188      126      295      258      139      0        238      113      
9        231      139      83       177      290      202      224      115      238      0        142      
10       142      218      131      187      213      272      260      28       113      142      0        
;

