

sets
i        orders          /0*10/
k        routes          /1*10/
p        positions       /0*10/
;

alias(i,j)
alias(i,h)
alias(i,hh)
alias(i,jj)
alias(k,kk)
                            Parameters

rho(i)	Processing time
/
0	0
1	32
2	91
3	12
4	28
5	87
6	54
7	26
8	61
9	69
10	78
/

gamma(i)	Duedate
/
0	0
1	96
2	80
3	24
4	66
5	86
6	55
7	85
8	49
9	80
10	22
/

sigma(i)	Size
/
0	0
1	4
2	4
3	2
4	7
5	7
6	4
7	4
8	2
9	1
10	3
/

epsilon(i)	Priority
/
0	0
1	9
2	3
3	4
4	9
5	8
6	1
7	9
8	6
9	1
10	4
/

psi	Vehicle Capacity
/ 9 /
;

Table kappa(i,j)                 Setup
         0        1        2        3        4        5        6        7        8        9        10       
0        0        575      298      682      481      318      764      844      762      501      766      
1        575      0        617      253      663      304      200      605      241      602      518      
2        298      617      0        810      188      316      817      636      851      229      575      
3        682      253      810      0        889      499      210      851      128      837      767      
4        481      663      188      889      0        397      851      501      904      83       460      
5        318      304      316      499      397      0        504      567      534      359      481      
6        764      200      817      210      851      504      0        702      99       785      625      
7        844      605      636      851      501      567      702      0        793      423      90       
8        762      241      851      128      904      534      99       793      0        843      714      
9        501      602      229      837      83       359      785      423      843      0        378      
10       766      518      575      767      460      481      625      90       714      378      0        
;



Table delta(i,j)                 Distance
         0        1        2        3        4        5        6        7        8        9        10       
0        0        170      179      41       288      89       91       215      180      60       226      
1        170      0        306      205      352      219      119      216      279      137      110      
2        179      306      0        141      147      92       267      184      51       172      298      
3        41       205      141      0        261      59       132      209      149      77       247      
4        288      352      147      261      0        202      362      148      113      252      296      
5        89       219      92       59       202      0        175      162      91       82       232      
6        91       119      267      132      362      175      0        259      261      109      212      
7        215      216      184      209      148      162      259      0        134      158      148      
8        180      279      51       149      113      91       261      134      0        156      257      
9        60       137      172      77       252      82       109      158      156      0        170      
10       226      110      298      247      296      232      212      148      257      170      0        
;

