
sets
i        orders          /0*40/
k        routes          /1*40/
p        positions       /0*40/
;

alias(i,j)
alias(i,h)
alias(i,hh)
alias(i,jj)
alias(k,kk)
                
                    Parameters

rho(i)	Processing time
/
0	0
1	1
2	11
3	70
4	3
5	96
6	50
7	59
8	60
9	60
10	42
11	21
12	83
13	84
14	49
15	28
16	14
17	83
18	37
19	14
20	46
21	2
22	78
23	3
24	67
25	87
26	6
27	50
28	64
29	26
30	38
31	53
32	9
33	56
34	95
35	37
36	18
37	6
38	26
39	47
40	36
/

gamma(i)	Duedate
/
0	0
1	6
2	43
3	33
4	40
5	18
6	87
7	29
8	62
9	18
10	66
11	29
12	80
13	86
14	52
15	53
16	33
17	34
18	10
19	83
20	49
21	47
22	61
23	86
24	79
25	79
26	94
27	36
28	85
29	24
30	75
31	86
32	98
33	81
34	21
35	56
36	59
37	17
38	65
39	72
40	21
/

sigma(i)	Size
/
0	0
1	4
2	2
3	5
4	4
5	9
6	1
7	9
8	9
9	9
10	7
11	5
12	8
13	1
14	9
15	4
16	5
17	8
18	7
19	7
20	3
21	3
22	7
23	9
24	5
25	5
26	3
27	9
28	7
29	5
30	2
31	2
32	3
33	1
34	4
35	8
36	5
37	3
38	8
39	5
40	2
/

epsilon(i)	Priority
/
0	0
1	8
2	8
3	4
4	3
5	2
6	3
7	8
8	1
9	9
10	1
11	5
12	7
13	2
14	3
15	2
16	9
17	4
18	1
19	2
20	7
21	5
22	3
23	9
24	2
25	8
26	7
27	7
28	9
29	8
30	5
31	1
32	3
33	5
34	7
35	2
36	7
37	8
38	8
39	4
40	6
/

psi	Vehicle Capacity
/ 39 /
;

Table kappa(i,j)                 Setup
         0        1        2        3        4        5        6        7        8        9        10       11       12       13       14       15       16       17       18       19       20       21       22       23       24       25       26       27       28       29       30       31       32       33       34       35       36       37       38       39       40       
0        0        379      793      129      807      38       451      318      162      171      918      633      487      904      473      607      403      602      549      400      111      252      302      587      165      557      845      622      520      410      884      607      839      246      437      692      443      233      400      126      206      
1        379      0        509      277      521      349      132      414      377      397      611      437      540      571      204      251      58       286      177      118      313      248      96       271      366      281      539      325      566      136      566      367      489      269      158      318      94       163      214      439      421      
2        793      509      0        663      14       755      587      590      858      878      133      210      561      175      660      292      544      223      373      416      777      753      599      640      678      240      73       694      560      401      126      190      210      773      371      492      544      651      710      778      695      
3        129      277      663      0        677      91       374      236      237      253      789      507      405      777      415      486      313      474      434      276      151      244      221      518      110      428      715      562      438      284      756      478      715      249      311      595      355      169      360      162      170      
4        807      521      14       677      0        769      596      605      871      891      119      224      574      165      669      300      555      234      382      429      790      766      612      648      692      253      61       701      573      414      114      204      206      785      384      496      554      664      720      792      710      
5        38       349      755      91       769      0        428      287      182      194      880      595      457      867      456      572      376      565      516      364      113      247      278      568      135      519      807      606      490      373      847      569      803      244      400      665      418      211      388      120      184      
6        451      132      587      374      596      428      0        542      398      416      670      550      672      614      77       300      74       366      216      245      360      245      152      146      476      382      603      196      699      261      620      472      519      265      277      257      46       218      130      534      534      
7        318      414      590      236      605      287      542      0        465      479      724      390      170      741      602      523      468      468      507      340      383      476      408      685      153      400      657      738      204      334      706      404      708      483      345      703      508      382      568      231      127      
8        162      377      858      237      871      182      398      465      0        20       973      727      636      943      394      627      376      646      554      442      87       154      281      512      316      617      899      535      669      457      932      684      865      137      486      655      408      214      306      288      366      
9        171      397      878      253      891      194      416      479      20       0        994      746      650      964      410      647      396      667      574      463      106      171      302      528      329      638      920      549      683      477      953      704      886      154      507      673      427      234      321      295      377      
10       918      611      133      789      119      880      670      724      973      994      0        342      691      96       738      370      638      327      454      530      895      859      705      699      809      361      73       748      688      517      55       322      189      879      487      527      631      762      798      908      828      
11       633      437      210      507      224      595      550      390      727      746      342      0        351      380      628      319      487      224      372      321      641      652      508      647      498      173      282      705      351      303      335      87       383      669      278      553      504      541      652      596      505      
12       487      540      561      405      574      457      672      170      636      650      691      351      0        730      740      582      597      505      590      441      554      640      554      809      322      433      633      865      33       430      686      400      721      649      429      792      633      540      718      389      286      
13       904      571      175      777      165      867      614      741      943      964      96       380      730      0        677      321      591      302      403      506      870      820      667      627      810      353      104      672      732      495      54       338      103      840      467      446      578      730      744      908      836      
14       473      204      660      415      669      456      77       602      394      410      738      628      740      677      0        370      147      442      287      320      372      240      197      118      521      460      672      149      767      337      686      550      580      256      355      284      123      248      90       569      581      
15       607      251      292      486      300      572      300      523      627      647      370      319      582      321      370      0        270      95       84       210      558      498      347      351      544      157      302      406      597      205      321      232      238      519      184      233      260      413      428      635      584      
16       403      58       544      313      555      376      74       468      376      396      638      487      597      591      147      270      0        321      188      174      323      234      101      217      410      326      568      269      624      191      590      414      503      254      210      289      42       173      167      475      466      
17       602      286      223      474      234      565      366      468      646      667      327      224      505      302      442      95       321      0        160      205      570      533      379      438      514      72       254      494      518      193      286      137      245      553      164      329      322      435      487      610      546      
18       549      177      373      434      382      516      216      507      554      574      454      372      590      403      287      84       188      160      0        171      490      420      272      278      505      199      386      335      609      173      405      286      315      440      163      202      176      341      343      590      551      
19       400      118      416      276      429      364      245      340      442      463      530      321      441      506      320      210      174      205      171      0        365      340      190      370      336      177      457      428      465      18       491      256      439      359      45       363      201      235      332      425      380      
20       111      313      777      151      790      113      360      383      87       106      895      641      554      870      372      558      323      570      490      365      0        142      223      489      239      537      821      520      587      378      856      600      796      135      407      611      360      151      293      232      294      
21       252      248      753      244      766      247      245      476      154      171      859      652      640      820      240      498      234      533      420      340      142      0        154      358      351      518      787      384      672      357      814      595      735      20       386      503      260      112      155      367      411      
22       302      96       599      221      612      278      152      408      281      302      705      508      554      667      197      347      101      379      272      190      223      154      0        297      325      365      632      342      583      207      661      446      585      174      235      390      140      72       164      381      385      
23       587      271      640      518      648      568      146      685      512      528      699      647      809      627      118      351      217      438      278      370      489      358      297      0        621      473      640      58       834      385      645      563      525      374      394      195      177      357      207      677      680      
24       165      366      678      110      692      135      476      153      316      329      809      498      322      810      521      544      410      514      505      336      239      351      325      621      0        456      737      667      355      338      782      488      759      355      360      681      453      278      470      99       60       
25       557      281      240      428      253      519      382      400      617      638      361      173      433      353      460      157      326      72       199      177      537      518      365      473      456      0        287      532      446      161      328      90       308      536      132      387      337      413      493      554      484      
26       845      539      73       715      61       807      603      657      899      920      73       282      633      104      672      302      568      254      386      457      821      787      632      640      737      287      0        691      633      443      53       253      159      807      414      476      562      689      730      837      758      
27       622      325      694      562      701      606      196      738      535      549      748      705      865      672      149      406      269      494      335      428      520      384      342      58       667      532      691      0        890      442      693      621      570      398      452      230      231      397      229      718      727      
28       520      566      560      438      573      490      699      204      669      683      688      351      33       732      767      597      624      518      609      465      587      672      583      834      355      446      633      890      0        453      686      406      727      681      451      812      659      571      748      421      318      
29       410      136      401      284      414      373      261      334      457      477      517      303      430      495      337      205      191      193      173      18       378      357      207      385      338      161      443      442      453      0        478      239      430      375      29       370      217      251      350      430      380      
30       884      566      126      756      114      847      620      706      932      953      55       335      686      54       686      321      590      286      405      491      856      814      661      645      782      328      53       693      686      478      0        301      135      835      449      472      581      720      749      881      805      
31       607      367      190      478      204      569      472      404      684      704      322      87       400      338      550      232      414      137      286      256      600      595      446      563      488      90       253      621      406      239      301      0        321      614      211      466      426      487      581      588      506      
32       839      489      210      715      206      803      519      708      865      886      189      383      721      103      580      238      503      245      315      439      796      735      585      525      759      308      159      570      727      430      135      321      0        755      404      343      486      651      650      855      791      
33       246      269      773      249      785      244      265      483      137      154      879      669      649      840      256      519      254      553      440      359      135      20       174      374      355      536      807      398      681      375      835      614      755      0        404      522      280      128      169      364      413      
34       437      158      371      311      384      400      277      345      486      507      487      278      429      467      355      184      210      164      163      45       407      386      235      394      360      132      414      452      451      29       449      211      404      404      0        364      232      280      373      453      399      
35       692      318      492      595      496      665      257      703      655      673      527      553      792      446      284      233      289      329      202      363      611      503      390      195      681      387      476      230      812      370      472      466      343      522      364      0        250      462      372      757      733      
36       443      94       544      355      554      418      46       508      408      427      631      504      633      578      123      260      42       322      176      201      360      260      140      177      453      337      562      231      659      217      581      426      486      280      232      250      0        212      167      517      509      
37       233      163      651      169      664      211      218      382      214      234      762      541      540      730      248      413      173      435      341      235      151      112      72       357      278      413      689      397      571      251      720      487      651      128      280      462      212      0        191      321      338      
38       400      214      710      360      720      388      130      568      306      321      798      652      718      744      90       428      167      487      343      332      293      155      164      207      470      493      730      229      748      350      749      581      650      169      373      372      167      191      0        505      530      
39       126      439      778      162      792      120      534      231      288      295      908      596      389      908      569      635      475      610      590      425      232      367      381      677      99       554      837      718      421      430      881      588      855      364      453      757      517      321      505      0        104      
40       206      421      695      170      710      184      534      127      366      377      828      505      286      836      581      584      466      546      551      380      294      411      385      680      60       484      758      727      318      380      805      506      791      413      399      733      509      338      530      104      0        
;



Table delta(i,j)                 Distance
         0        1        2        3        4        5        6        7        8        9        10       11       12       13       14       15       16       17       18       19       20       21       22       23       24       25       26       27       28       29       30       31       32       33       34       35       36       37       38       39       40       
0        0        6820     6100     5410     6780     5540     5030     1400     4640     3230     3950     5310     1920     6170     6540     3660     2620     4250     5420     6960     7820     2300     6060     1480     4040     3500     5220     2810     3700     7100     4730     6400     4870     3840     7070     7230     3620     6750     5730     1070     4270     
1        6820     0        1285     304      1360     173      567      706      315      381      546      938      825      690      1077     975      855      1082     1101     971      1075     736      1159     554      883      352      374      439      654      1017     1150     1260     420      578      1389     878      919      845      283      580      942      
2        6100     1285     0        1088     153      1140     1040     646      1024     908      852      823      465      963      634      517      459      381      620      1024     841      683      407      730      547      937      1115     888      755      1006     137      508      995      823      166      1129     450      913      1123     718      492      
3        5410     304      1088     0        1188     142      675      623      79       229      263      957      625      386      786      894      632      967      1055     1048     771      686      895      393      618      210      521      418      376      1084     961      1177     119      297      1215     995      675      540      35       469      681      
4        6780     1360     153      1188     0        1226     1054     683      1119     992      966      783      564      1096     786      495      575      348      553      978      994      701      561      812      685      1021     1153     943      876      952      232      405      1103     939      29       1098     583      1056     1223     781      633      
5        5540     173      1140     142      1226     0        574      606      141      233      373      897      675      526      904      881      698      972      1026     965      904      653      991      413      714      204      402      360      481      1005     1008     1167     249      405      1254     896      756      678      131      462      774      
6        5030     567      1040     675      1054     574      0        405      610      499      729      404      694      965      1144     570      766      712      624      404      1241     357      1109     504      895      498      194      298      776      450      908      815      714      741      1083     322      865      1078     685      422      926      
7        1400     706      646      623      683      606      405      0        544      394      519      391      306      749      787      275      383      376      432      555      922      89       716      252      538      416      471      269      507      569      510      561      590      512      712      590      485      814      651      156      554      
8        4640     315      1024     79       1119     141      610      544      0        150      231      879      559      402      762      816      572      890      975      976      767      607      853      317      575      131      468      343      340      1010     895      1099     120      263      1147     929      622      547      108      390      636      
9        3230     381      908      229      992      233      499      394      150      0        240      734      444      468      738      667      474      746      825      841      784      457      788      180      518      29       393      209      317      873      775      951      222      260      1021     807      542      591      257      241      572      
10       3950     546      852      263      966      373      729      519      231      240      0        902      406      240      530      759      393      797      937      1038     549      602      632      269      355      253      633      430      112      1063     734      1023     150      33       992      1024     419      352      297      374      418      
11       5310     938      823      957      783      897      404      391      879      734      902      0        664      1138     1151     308      742      443      253      201      1303     303      1036     633      911      748      586      541      899      193      717      451      951      899      808      316      839      1206     978      528      914      
12       1920     825      465      625      564      675      694      306      559      444      406      664      0        576      488      420      79       411      604      847      643      388      414      272      248      474      710      464      331      854      336      644      539      382      591      895      179      588      660      290      252      
13       6170     690      963      386      1096     526      965      749      402      468      240      1138     576      0        470      970      534      986      1153     1278     397      835      650      506      416      474      855      668      251      1303     866      1218     281      238      1119     1265     513      157      408      611      476      
14       6540     1077     634      786      786      904      1144     787      762      738      530      1151     488      470      0        886      409      830      1062     1336     207      873      233      646      250      760      1108     866      425      1342     594      1047     666      499      800      1377     312      347      817      722      236      
15       3660     975      517      894      495      881      570      275      816      667      759      308      420      970      886      0        491      146      184      509      1058     243      744      509      664      690      697      536      719      497      408      286      851      745      522      612      577      1004     924      426      653      
16       2620     855      459      632      575      698      766      383      572      474      393      742      79       534      409      491      0        468      674      927      568      467      345      315      173      503      770      522      302      933      342      699      536      364      600      973      101      529      668      353      173      
17       4250     1082     381      967      348      972      712      376      890      746      797      443      411      986      830      146      468      0        250      643      1017     370      659      574      634      772      828      645      738      625      289      232      907      778      375      754      535      997      999      509      609      
18       5420     1101     620      1055     553      1026     624      432      975      825      937      253      604      1153     1062     184      674      250      0        430      1239     373      905      679      846      846      784      668      902      401      538      198      1021     925      576      565      756      1189     1082     588      832      
19       6960     971      1024     1048     978      965      404      555      976      841      1038     201      847      1278     1336     509      927      643      430      0        1477     466      1232     774      1090     850      598      634      1051     52       918      620      1063     1040     1002     155      1026     1361     1064     670      1100     
20       7820     1075     841      771      994      904      1241     922      767      784      549      1303     643      397      207      1058     568      1017     1239     1477     0        1011     440      737      395      800      1174     948      470      1489     797      1240     655      524      1008     1501     483      241      796      828      408      
21       2300     736      683      686      701      653      357      89       607      457      602      303      388      835      873      243      467      370      373      466      1011     0        792      333      626      476      458      297      596      479      552      524      663      597      730      507      567      903      712      230      639      
22       6060     1159     407      895      561      991      1109     716      853      788      632      1036     414      650      233      744      345      659      905      1232     440      792      0        651      277      815      1113     865      519      1230     391      858      781      598      572      1297     252      557      930      698      217      
23       1480     554      730      393      812      413      504      252      317      180      269      633      272      506      646      509      315      574      679      774      737      333      651      0        402      208      466      220      280      797      596      787      342      267      841      773      398      590      425      104      445      
24       4040     883      547      618      685      714      895      538      575      518      355      911      248      416      250      664      173      634      846      1090     395      626      277      402      0        544      868      623      243      1099     459      863      505      322      706      1127     104      376      653      472      64       
25       3500     352      937      210      1021     204      498      416      131      29       253      748      474      474      760      690      503      772      846      850      800      476      815      208      544      0        382      215      337      883      803      975      216      275      1050     811      570      602      235      265      598      
26       5220     374      1115     521      1153     402      194      471      468      393      633      586      710      855      1108     697      770      828      784      598      1174     458      1113     466      868      382      0        248      703      644      978      965      583      652      1182     505      861      984      525      419      911      
27       2810     439      888      418      943      360      298      269      343      209      430      541      464      668      866      536      522      645      668      634      948      297      865      220      623      215      248      0        479      668      750      821      430      442      972      599      613      779      438      174      664      
28       3700     654      755      376      876      481      776      507      340      317      112      899      331      251      425      719      302      738      902      1051     470      596      519      280      243      337      703      479      0        1071     644      969      262      79       901      1054     313      310      410      381      306      
29       7100     1017     1006     1084     952      1005     450      569      1010     873      1063     193      854      1303     1342     497      933      625      401      52       1489     479      1230     797      1099     883      644      668      1071     0        905      584      1095     1064     976      206      1031     1381     1101     692      1106     
30       4730     1150     137      961      232      1008     908      510      895      775      734      717      336      866      594      408      342      289      538      918      797      552      391      596      459      803      978      750      644      905      0        468      873      706      257      1014     356      834      996      580      412      
31       6400     1260     508      1177     405      1167     815      561      1099     951      1023     451      644      1218     1047     286      699      232      198      620      1240     524      858      787      863      975      965      821      969      584      468      0        1127     1006     421      761      762      1229     1207     710      834      
32       4870     420      995      119      1103     249      714      590      120      222      150      951      539      281      666      851      536      907      1021     1063     655      663      781      342      505      216      583      430      262      1095     873      1127     0        183      1130     1028     568      429      151      434      568      
33       3840     578      823      297      939      405      741      512      263      260      33       899      382      238      499      745      364      778      925      1040     524      597      598      267      322      275      652      442      79       1064     706      1006     183      0        964      1032     387      336      331      372      385      
34       7070     1389     166      1215     29       1254     1083     712      1147     1021     992      808      591      1119     800      522      600      375      576      1002     1008     730      572      841      706      1050     1182     972      901      976      257      421      1130     964      0        1124     605      1075     1250     810      653      
35       7230     878      1129     995      1098     896      322      590      929      807      1024     316      895      1265     1377     612      973      754      565      155      1501     507      1297     773      1127     811      505      599      1054     206      1014     761      1028     1032     1124     0        1074     1363     1007     675      1145     
36       3620     919      450      675      583      756      865      485      622      542      419      839      179      513      312      577      101      535      756      1026     483      567      252      398      104      570      861      613      313      1031     356      762      568      387      605      1074     0        480      710      448      76       
37       6750     845      913      540      1056     678      1078     814      547      591      352      1206     588      157      347      1004     529      997      1189     1361     241      903      557      590      376      602      984      779      310      1381     834      1229     429      336      1075     1363     480      0        563      692      423      
38       5730     283      1123     35       1223     131      685      651      108      257      297      978      660      408      817      924      668      999      1082     1064     796      712      930      425      653      235      525      438      410      1101     996      1207     151      331      1250     1007     710      563      0        498      715      
39       1070     580      718      469      781      462      422      156      390      241      374      528      290      611      722      426      353      509      588      670      828      230      698      104      472      265      419      174      381      692      580      710      434      372      810      675      448      692      498      0        505      
40       4270     942      492      681      633      774      926      554      636      572      418      914      252      476      236      653      173      609      832      1100     408      639      217      445      64       598      911      664      306      1106     412      834      568      385      653      1145     76       423      715      505      0        
;

