
sets
i        orders          /0*40/
k        routes          /1*40/
p        positions       /0*40/
;

alias(i,j)
alias(i,h)
alias(i,hh)
alias(i,jj)
alias(k,kk)
                
                    Parameters

rho(i)	Processing time
/
0	0
1	50
2	19
3	92
4	40
5	86
6	97
7	16
8	94
9	63
10	42
11	12
12	1
13	2
14	64
15	52
16	31
17	81
18	42
19	30
20	81
21	65
22	22
23	54
24	4
25	98
26	25
27	58
28	32
29	80
30	69
31	41
32	52
33	54
34	76
35	62
36	57
37	71
38	2
39	46
40	86
/

gamma(i)	Duedate
/
0	0
1	85
2	81
3	11
4	80
5	53
6	71
7	95
8	13
9	13
10	70
11	61
12	55
13	60
14	64
15	9
16	57
17	38
18	60
19	55
20	74
21	91
22	46
23	14
24	61
25	55
26	23
27	65
28	66
29	78
30	26
31	9
32	2
33	33
34	34
35	69
36	18
37	46
38	88
39	77
40	72
/

sigma(i)	Size
/
0	0
1	4
2	3
3	7
4	9
5	2
6	3
7	8
8	4
9	6
10	5
11	4
12	9
13	2
14	9
15	8
16	7
17	5
18	3
19	9
20	1
21	2
22	6
23	4
24	1
25	4
26	9
27	1
28	9
29	7
30	5
31	2
32	2
33	7
34	2
35	8
36	8
37	3
38	5
39	5
40	8
/

epsilon(i)	Priority
/
0	0
1	1
2	4
3	5
4	4
5	8
6	2
7	8
8	7
9	9
10	4
11	5
12	6
13	1
14	2
15	4
16	3
17	1
18	2
19	6
20	6
21	4
22	1
23	2
24	4
25	9
26	9
27	6
28	7
29	2
30	3
31	3
32	4
33	6
34	1
35	1
36	5
37	1
38	1
39	9
40	4
/

psi	Vehicle Capacity
/ 32 /
;

Table kappa(i,j)                 Setup
         0        1        2        3        4        5        6        7        8        9        10       11       12       13       14       15       16       17       18       19       20       21       22       23       24       25       26       27       28       29       30       31       32       33       34       35       36       37       38       39       40       
0        0        272      128      576      134      575      307      222      271      417      130      404      358      342      395      373      175      526      627      508      215      195      523      391      385      334      329      350      72       450      163      256      212      160      210      301      155      309      215      405      402      
1        272      0        236      371      310      715      367      412      155      216      260      172      383      603      667      634      446      305      403      312      471      462      506      308      121      465      599      614      238      720      154      254      420      430      432      475      372      277      155      494      335      
2        128      236      0        468      75       501      412      176      167      431      24       401      235      380      470      480      253      425      524      400      332      255      398      265      357      249      390      454      57       542      83       128      184      233      337      243      283      384      259      303      275      
3        576      371      468      0        526      729      738      586      305      506      483      446      392      826      933      946      721      70       67       67       791      720      380      249      366      550      850      921      510      1010     412      364      608      700      774      605      714      642      526      515      267      
4        134      310      75       526      0        447      441      105      235      499      51       472      236      308      407      434      199      489      586      459      300      194      402      304      431      201      324      408      90       485      158      167      109      179      325      178      278      431      316      270      307      
5        575      715      501      729      447      0        880      353      576      926      481      887      357      428      567      694      518      736      797      683      648      482      366      497      827      252      497      669      537      668      569      465      368      508      712      274      688      879      760      228      471      
6        307      367      412      738      441      880      0        527      479      326      424      360      646      573      553      441      400      672      768      679      314      437      804      634      406      641      528      434      360      552      391      523      513      400      229      606      213      118      212      710      655      
7        222      412      176      586      105      353      527      0        318      605      152      577      234      242      365      429      201      559      650      521      327      177      386      344      533      128      277      402      194      456      258      224      27       184      375      79       341      529      419      214      338      
8        271      155      167      305      235      576      479      318      0        369      186      321      231      544      637      641      420      258      358      237      486      423      352      159      252      336      557      616      205      708      108      112      334      400      474      364      414      410      275      350      184      
9        417      216      431      506      499      926      326      605      369      0        454      60       599      758      791      719      585      436      513      466      562      610      717      515      142      674      738      705      413      821      357      470      606      573      495      675      447      208      205      709      544      
10       130      260      24       483      51       481      424      152      186      454      0        425      228      359      452      468      238      443      541      415      324      238      393      271      381      229      371      442      64       526      107      133      160      217      336      220      284      402      279      287      279      
11       404      172      401      446      472      887      360      577      321      60       425      0        552      746      790      729      577      376      454      406      568      599      665      461      82       638      731      712      390      827      323      426      581      563      508      644      455      243      204      667      491      
12       358      383      235      392      236      357      646      234      231      599      228      552      0        470      599      658      423      386      460      337      535      406      166      145      483      160      511      630      291      690      263      132      261      403      560      224      511      605      471      129      125      
13       342      603      380      826      308      428      573      242      544      758      359      746      470      0        142      268      178      795      889      760      270      148      607      586      721      327      69       244      365      244      460      462      218      186      354      253      360      623      554      411      580      
14       395      667      470      933      407      567      553      365      637      791      452      790      599      142      0        154      221      895      992      866      240      214      743      703      779      465      87       140      439      101      541      571      338      240      323      390      353      627      587      550      701      
15       373      634      480      946      434      694      441      429      641      719      468      729      658      268      154      0        236      898      999      878      163      253      816      738      734      549      198      27       435      112      536      600      402      256      224      478      273      533      524      637      742      
16       175      446      253      721      199      518      400      201      420      585      238      577      423      178      221      236      0        678      777      653      131      37       583      504      560      328      154      208      218      288      320      366      175      20       197      263      188      445      380      415      506      
17       526      305      425      70       489      736      672      559      258      436      443      376      386      795      895      898      678      0        101      55       740      681      403      241      296      538      814      874      464      967      362      334      579      658      719      586      658      574      460      514      265      
18       627      403      524      67       586      797      768      650      358      513      541      454      460      889      992      999      777      101      0        128      841      779      445      316      379      617      910      975      564      1066     463      426      671      757      820      671      759      666      557      583      335      
19       508      312      400      67       459      683      679      521      237      466      415      406      337      760      866      878      653      55       128      0        723      653      347      192      324      492      783      853      443      942      344      298      543      633      708      544      647      587      466      463      213      
20       215      471      332      791      300      648      314      327      486      562      324      568      535      270      240      163      131      740      841      723      0        166      699      596      571      455      217      144      282      259      378      458      302      145      86       394      115      388      363      541      603      
21       195      462      255      720      194      482      437      177      423      610      238      599      406      148      214      253      37       681      779      653      166      0        563      496      579      300      137      225      228      291      329      361      149      38       235      233      225      477      406      388      496      
22       523      506      398      380      402      366      804      386      352      717      393      665      166      607      743      816      583      403      445      347      699      563      0        203      587      279      656      788      455      839      414      281      414      564      726      354      677      754      618      201      174      
23       391      308      265      249      304      497      634      344      159      515      271      461      145      586      703      738      504      241      316      192      596      496      203      0        384      300      618      712      319      787      246      138      369      483      601      356      544      569      434      273      30       
24       385      121      357      366      431      827      406      533      252      142      381      82       483      721      779      734      560      296      379      324      571      579      587      384      0        581      714      715      357      826      275      362      541      545      520      595      463      295      216      602      413      
25       334      465      249      550      201      252      641      128      336      674      229      638      160      327      465      549      328      538      617      492      455      300      279      300      581      0        379      521      288      562      317      225      153      311      502      74       466      630      509      88       284      
26       329      599      390      850      324      497      528      277      557      738      371      731      511      69       87       198      154      814      910      783      217      137      656      618      714      379      0        174      365      184      465      487      251      169      302      304      318      588      533      465      614      
27       350      614      454      921      408      669      434      402      616      705      442      712      630      244      140      27       208      874      975      853      144      225      788      712      715      521      174      0        411      118      511      573      374      229      212      450      258      522      508      609      715      
28       72       238      57       510      90       537      360      194      205      413      64       390      291      365      439      435      218      464      564      443      282      228      455      319      357      288      365      411      0        504      102      184      193      199      282      269      226      342      226      350      330      
29       450      720      542      1010     485      668      552      456      708      821      526      827      690      244      101      112      288      967      1066     942      259      291      839      787      826      562      184      118      504      0        607      652      428      309      330      488      374      641      622      649      787      
30       163      154      83       412      158      569      391      258      108      357      107      323      263      460      541      536      320      362      463      344      378      329      414      246      275      317      465      511      102      607      0        133      267      301      366      321      307      341      207      357      264      
31       256      254      128      364      167      465      523      224      112      470      133      426      132      462      571      600      366      334      426      298      458      361      281      138      362      225      487      573      184      652      133      0        245      346      466      258      411      475      340      241      146      
32       212      420      184      608      109      368      513      27       334      606      160      581      261      218      338      402      175      579      671      543      302      149      414      369      541      153      251      374      193      428      267      245      0        158      353      95       322      521      416      240      364      
33       160      430      233      700      179      508      400      184      400      573      217      563      403      186      240      256      20       658      757      633      145      38       564      483      545      311      169      229      199      309      301      346      158      0        205      249      189      439      368      398      485      
34       210      432      337      774      325      712      229      375      474      495      336      508      560      354      323      224      197      719      820      708      86       235      726      601      520      502      302      212      282      330      366      466      353      205      0        448      60       310      306      584      612      
35       301      475      243      605      178      274      606      79       364      675      220      644      224      253      390      478      263      586      671      544      394      233      354      356      595      74       304      450      269      488      321      258      95       249      448      0        417      607      495      161      343      
36       155      372      283      714      278      688      213      341      414      447      284      455      511      360      353      273      188      658      759      647      115      225      677      544      463      466      318      258      226      374      307      411      322      189      60       417      0        273      251      545      557      
37       309      277      384      642      431      879      118      529      410      208      402      243      605      623      627      533      445      574      666      587      388      477      754      569      295      630      588      522      342      641      341      475      521      439      310      607      273      0        135      688      593      
38       215      155      259      526      316      760      212      419      275      205      279      204      471      554      587      524      380      460      557      466      363      406      618      434      216      509      533      508      226      622      207      340      416      368      306      495      251      135      0        560      457      
39       405      494      303      515      270      228      710      214      350      709      287      667      129      411      550      637      415      514      583      463      541      388      201      273      602      88       465      609      350      649      357      241      240      398      584      161      545      688      560      0        249      
40       402      335      275      267      307      471      655      338      184      544      279      491      125      580      701      742      506      265      335      213      603      496      174      30       413      284      614      715      330      787      264      146      364      485      612      343      557      593      457      249      0        
;



Table delta(i,j)                 Distance
         0        1        2        3        4        5        6        7        8        9        10       11       12       13       14       15       16       17       18       19       20       21       22       23       24       25       26       27       28       29       30       31       32       33       34       35       36       37       38       39       40       
0        0        2620     8620     6410     10140    3360     7080     8530     1830     5940     11120    6060     5630     11170    4940     3170     830      6080     3240     3700     3900     5350     5000     11030    5080     6750     11280    8420     2200     4360     9280     8360     3990     5510     8960     2820     8270     250      11640    8820     9660     
1        2620     0        1023     841      1187     549      942      958      130      765      1240     817      826      1163     734      388      262      842      576      524      545      662      759      1320     592      934      1332     963      437      673      1176     1078     658      759      1102     411      1037     242      1388     1140     1048     
2        8620     1023     0        263      169      536      400      226      893      268      280      321      774      535      494      641      800      423      636      502      481      365      837      430      463      896      381      169      646      510      574      483      823      351      246      612      254      886      518      1005     332      
3        6410     841      263      0        384      305      201      397      711      125      543      59       518      737      230      494      593      175      379      327      307      273      575      483      388      649      491      349      422      249      451      339      560      93       262      437      200      667      559      781      532      
4        10140    1187     169      384      0        681      453      357      1056     423      242      434      851      600      602      808      957      508      763      663      642      533      927      317      632      958      240      307      795      631      552      487      930      477      224      775      274      1039     401      1036     423      
5        3360     549      536      305      681      0        395      572      423      272      801      271      433      882      201      273      292      297      149      138      140      271      434      773      316      577      793      548      117      141      642      537      369      215      560      190      493      362      839      764      701      
6        7080     942      400      201      453      395      0        581      818      323      666      169      399      918      215      642      681      100      393      473      457      465      481      405      575      505      456      528      504      271      260      148      501      216      244      571      180      734      458      605      711      
7        8530     958      226      397      357      572      581      0        836      322      290      453      908      340      608      572      778      572      705      484      466      318      953      653      366      1043     593      58       657      601      789      689      917      455      471      574      468      874      741      1178     136      
8        1830     130      893      711      1056     423      818      836      0        634      1115     689      734      1056     614      263      150      719      466      393      415      534      679      1192     470      853      1202     838      315      552      1058     957      579      631      973      281      909      174      1261     1060     931      
9        5940     765      268      125      423      272      323      322      634      0        529      158      590      656      288      396      534      276      388      240      219      150      630      586      266      729      577      287      378      279      576      464      595      138      360      353      309      618      666      878      457      
10       11120    1240     280      543      242      801      666      290      1115     529      0        602      1052     392      774      853      1042     700      911      742      722      583      1117     547      651      1170     454      277      902      788      793      722      1103     629      459      843      498      1134     624      1265     268      
11       6060     817      321      59       434      271      169      453      689      158      602      0        459      793      172      488      564      121      329      318      300      296      516      502      406      591      521      407      389      196      428      315      502      58       289      423      221      632      572      727      588      
12       5630     826      774      518      851      433      399      908      734      590      1052     459      0        1246     302      690      586      351      298      571      570      671      101      767      743      144      838      865      465      324      476      435      181      453      643      606      580      583      793      336      1044     
13       11170    1163     535      737      600      882      918      340      1056     656      392      793      1246     0        944      806      1036     913      1025     771      758      612      1285     918      610      1382     835      390      949      932      1110     1017     1242     792      777      836      789      1134     1001     1518     207      
14       4940     734      494      230      602      201      215      608      614      288      774      172      302      944      0        472      471      115      179      316      307      378      347      617      465      442      657      567      298      61       444      344      330      153      430      391      359      520      673      604      744      
15       3170     388      641      494      808      273      642      572      263      396      853      488      690      806      472      0        234      553      392      170      188      276      670      977      207      830      974      576      230      414      900      790      584      432      752      84       695      331      1053     1026     670      
16       830      262      800      593      957      292      681      778      150      534      1042     564      586      1036     471      234      0        580      317      301      321      461      535      1065     427      709      1084     770      176      411      914      816      436      507      852      204      785      98       1131     915      888      
17       6080     842      423      175      508      297      100      572      719      276      700      121      351      913      115      553      580      0        295      386      372      403      419      501      506      476      544      524      405      171      347      240      424      146      320      478      250      633      557      606      707      
18       3240     576      636      379      763      149      393      705      466      388      911      329      298      1025     179      392      317      295      0        285      289      417      286      796      465      438      835      674      169      133      604      513      220      287      605      307      535      349      852      634      837      
19       3700     524      502      327      663      138      473      484      393      240      742      318      571      771      316      170      301      386      285      0        21       166      572      810      181      715      813      472      178      263      732      622      502      261      587      113      527      392      885      900      603      
20       3900     545      481      307      642      140      457      466      415      219      722      300      570      758      307      188      321      372      289      21       0        149      574      790      176      714      792      453      193      257      717      606      508      244      567      134      507      412      866      897      587      
21       5350     662      365      273      533      271      465      318      534      150      583      296      671      612      378      276      461      403      417      166      149      0        692      730      115      815      714      309      341      346      722      610      637      257      506      260      458      556      812      983      438      
22       5000     759      837      575      927      434      481      953      679      630      1117     516      101      1285     347      670      535      419      286      572      574      692      0        861      750      174      929      914      440      353      577      531      101      500      726      588      660      518      891      381      1088     
23       11030    1320     430      483      317      773      405      653      1192     586      547      502      767      918      617      977      1065     501      796      810      790      730      861      0        844      833      104      598      889      669      332      332      898      560      225      921      283      1128     87       850      737      
24       5080     592      463      388      632      316      575      366      470      266      651      406      743      610      465      207      427      506      465      181      176      115      750      844      0        887      823      374      350      423      834      721      683      362      620      226      574      525      927      1066     464      
25       6750     934      896      649      958      577      505      1043     853      729      1170     591      144      1382     442      830      709      476      438      715      714      815      174      833      887      0        915      998      602      468      515      504      276      591      741      746      684      692      846      206      1179     
26       11280    1332     381      491      240      793      456      593      1202     577      454      521      838      835      657      974      1084     544      835      813      792      714      929      104      823      915      0        540      910      703      427      410      957      577      232      925      301      1154     171      945      663      
27       8420     963      169      349      307      548      528      58       838      287      277      407      865      390      567      576      770      524      674      472      453      309      914      598      374      998      540      0        640      565      731      633      882      413      413      569      410      864      685      1127     183      
28       2200     437      646      422      795      117      504      657      315      378      902      389      465      949      298      230      176      405      169      178      193      341      440      889      350      602      910      640      0        237      742      642      355      333      678      149      610      245      954      801      780      
29       4360     673      510      249      631      141      271      601      552      279      788      196      324      932      61       414      411      171      133      263      257      346      353      669      423      468      703      565      237      0        506      405      318      159      473      332      402      462      728      642      736      
30       9280     1176     574      451      552      642      260      789      1058     576      793      428      476      1110     444      900      914      347      604      732      717      722      577      332      834      515      427      731      742      506      0        112      636      477      337      825      321      953      332      518      906      
31       8360     1078     483      339      487      537      148      689      957      464      722      315      435      1017     344      790      816      240      513      622      606      610      531      332      721      504      410      633      642      405      112      0        576      365      263      717      230      861      361      551      812      
32       3990     658      823      560      930      369      501      917      579      595      1103     502      181      1242     330      584      436      424      220      502      508      637      101      898      683      276      957      882      355      318      636      576      0        475      742      504      673      416      936      482      1051     
33       5510     759      351      93       477      215      216      455      631      138      629      58       453      792      153      432      507      146      287      261      244      257      500      560      362      591      577      413      333      159      477      365      475      0        345      366      278      577      630      740      591      
34       8960     1102     246      262      224      560      244      471      973      360      459      289      643      777      430      752      852      320      605      587      567      506      726      225      620      741      232      413      678      473      337      263      742      345      0        699      70       921      306      812      578      
35       2820     411      612      437      775      190      571      574      281      353      843      423      606      836      391      84       204      478      307      113      134      260      588      921      226      746      925      569      149      332      825      717      504      366      699      0        637      301      994      941      684      
36       8270     1037     254      200      274      493      180      468      909      309      498      221      580      789      359      695      785      250      535      527      507      458      660      283      574      684      301      410      610      402      321      230      673      278      70       637      0        853      358      766      585      
37       250      242      886      667      1039     362      734      874      174      618      1134     632      583      1134     520      331      98       633      349      392      412      556      518      1128     525      692      1154     864      245      462      953      861      416      577      921      301      853      0        1190     899      985      
38       11640    1388     518      559      401      839      458      741      1261     666      624      572      793      1001     673      1053     1131     557      852      885      866      812      891      87       927      846      171      685      954      728      332      361      936      630      306      994      358      1190     0        841      823      
39       8820     1140     1005     781      1036     764      605      1178     1060     878      1265     727      336      1518     604      1026     915      606      634      900      897      983      381      850      1066     206      945      1127     801      642      518      551      482      740      812      941      766      899      841      0        1311     
40       9660     1048     332      532      423      701      711      136      931      457      268      588      1044     207      744      670      888      707      837      603      587      438      1088     737      464      1179     663      183      780      736      906      812      1051     591      578      684      585      985      823      1311     0        
;

