
sets
i        orders          /0*40/
k        routes          /1*40/
p        positions       /0*40/
;

alias(i,j)
alias(i,h)
alias(i,hh)
alias(i,jj)
alias(k,kk)
                
                    Parameters

rho(i)	Processing time
/
0	0
1	52
2	59
3	69
4	2
5	87
6	55
7	42
8	72
9	80
10	24
11	88
12	7
13	16
14	18
15	3
16	83
17	98
18	43
19	22
20	53
21	6
22	97
23	55
24	3
25	48
26	28
27	48
28	31
29	33
30	24
31	16
32	21
33	39
34	16
35	50
36	28
37	44
38	20
39	20
40	30
/

gamma(i)	Duedate
/
0	0
1	88
2	21
3	43
4	19
5	78
6	4
7	39
8	85
9	39
10	1
11	64
12	80
13	66
14	52
15	83
16	57
17	7
18	56
19	39
20	17
21	93
22	37
23	69
24	13
25	19
26	82
27	69
28	23
29	56
30	82
31	75
32	3
33	21
34	53
35	73
36	73
37	12
38	46
39	28
40	76
/

sigma(i)	Size
/
0	0
1	6
2	2
3	6
4	4
5	7
6	6
7	1
8	6
9	1
10	4
11	6
12	1
13	4
14	1
15	5
16	5
17	1
18	4
19	2
20	1
21	4
22	7
23	3
24	7
25	7
26	8
27	8
28	7
29	9
30	3
31	5
32	8
33	7
34	1
35	7
36	1
37	9
38	5
39	2
40	9
/

epsilon(i)	Priority
/
0	0
1	5
2	6
3	5
4	7
5	8
6	6
7	6
8	5
9	8
10	8
11	7
12	8
13	6
14	1
15	2
16	8
17	3
18	5
19	3
20	7
21	7
22	2
23	2
24	9
25	9
26	1
27	8
28	8
29	6
30	3
31	1
32	1
33	5
34	5
35	5
36	3
37	3
38	6
39	3
40	7
/

psi	Vehicle Capacity
/ 16 /
;

Table kappa(i,j)                 Setup
         0        1        2        3        4        5        6        7        8        9        10       11       12       13       14       15       16       17       18       19       20       21       22       23       24       25       26       27       28       29       30       31       32       33       34       35       36       37       38       39       40       
0        0        362      553      564      529      207      250      530      223      207      344      240      340      595      221      325      143      399      373      473      563      446      518      440      373      450      398      357      302      157      402      283      376      85       293      113      278      508      469      350      342      
1        362      0        236      725      408      359      611      475      245      158      17       288      491      687      578      508      218      729      556      449      645      626      830      160      585      105      254      360      562      385      743      463      467      285      607      268      571      732      820      125      441      
2        553      236      0        742      306      592      801      400      479      377      248      523      547      664      775      578      419      862      615      406      623      669      942      115      655      132      231      377      791      611      886      697      494      468      738      443      693      788      971      350      482      
3        564      725      742      0        466      770      602      374      754      661      714      786      242      131      622      242      607      404      192      343      150      117      371      657      194      738      517      374      827      720      448      843      259      551      365      540      334      129      525      803      284      
4        529      408      306      466      0        665      732      97       582      456      408      628      336      369      721      376      451      696      392      126      330      422      741      267      439      361      161      186      825      652      731      771      264      453      584      426      532      542      821      529      272      
5        207      359      592      770      665      0        352      690      116      221      345      84       540      794      308      529      214      575      578      639      759      653      700      495      580      464      511      521      205      66       567      108      566      233      485      254      478      715      614      278      532      
6        250      611      801      602      732      352      0        708      432      454      594      425      450      681      44       416      393      265      445      647      661      497      390      686      418      700      625      546      269      287      241      351      514      333      238      358      269      500      267      584      488      
7        530      475      400      374      97       690      708      0        619      495      472      664      279      272      703      320      477      639      325      61       234      343      672      349      372      442      221      173      832      668      677      791      205      464      535      439      484      459      767      589      224      
8        223      245      479      754      582      116      432      619      0        126      231      46       514      758      391      512      151      622      563      574      721      639      742      388      574      350      422      459      322      158      622      218      525      204      516      214      499      718      681      164      492      
9        207      158      377      661      456      221      454      495      126      0        141      172      419      651      420      424      69       594      475      452      612      550      704      274      494      256      297      340      415      234      603      330      418      142      477      135      448      642      674      153      386      
10       344      17       248      714      408      345      594      472      231      141      0        275      479      678      561      495      201      713      543      444      637      614      814      166      571      119      251      352      547      370      727      449      457      268      591      251      555      719      803      121      430      
11       240      288      523      786      628      84       425      664      46       172      275      0        548      796      383      543      191      631      594      617      759      670      754      434      602      392      469      501      287      140      628      176      564      235      531      249      518      743      682      196      530      
12       340      491      547      242      336      540      450      279      514      419      479      548      0        255      455      41       365      361      68       220      224      134      408      447      108      518      317      173      627      496      398      623      73       313      256      300      206      244      488      562      67       
13       595      687      664      131      369      794      681      272      758      651      678      796      255      0        693      275      607      514      237      257      42       187      497      593      263      681      453      326      880      752      558      878      233      563      453      547      412      255      640      780      266      
14       221      578      775      622      721      308      44       703      391      420      561      383      455      693      0        424      361      303      457      642      672      513      430      661      433      670      608      538      229      243      282      307      516      306      262      332      287      525      312      546      487      
15       325      508      578      242      376      529      416      320      512      424      495      543      41       275      424      0        366      320      51       261      249      127      370      475      78       542      349      208      604      482      357      607      114      308      216      299      166      223      447      571      105      
16       143      218      419      607      451      214      393      477      151      69       201      191      365      607      361      366      0        525      418      428      569      493      635      309      433      308      299      311      386      206      534      320      374      73       407      69       379      580      606      222      340      
17       399      729      862      404      696      575      265      639      622      594      713      631      361      514      303      320      525      0        317      581      509      331      127      750      272      794      645      519      533      509      44       601      435      451      124      463      170      279      129      745      424      
18       373      556      615      192      392      578      445      325      563      475      543      594      68       237      457      51       418      317      0        270      216      75       349      515      47       585      384      239      646      530      357      654      129      359      227      350      181      177      446      622      133      
19       473      449      406      343      126      639      647      61       574      452      444      617      220      257      642      261      428      581      270      0        216      296      619      339      317      429      201      118      775      614      618      739      146      410      475      386      424      415      709      557      163      
20       563      645      623      150      330      759      661      234      721      612      637      759      224      42       672      249      569      509      216      216      0        178      502      551      248      639      411      284      852      719      553      846      195      527      439      510      396      264      637      739      229      
21       446      626      669      117      422      653      497      343      639      550      614      670      134      187      513      127      493      331      75       296      178      0        334      574      80       649      438      292      712      602      374      726      174      435      266      426      227      120      459      696      190      
22       518      830      942      371      741      700      390      672      742      704      814      754      408      497      430      370      635      127      349      619      502      334      0        833      302      886      716      579      659      635      151      729      477      561      227      570      258      242      181      857      475      
23       440      160      115      657      267      495      686      349      388      274      166      434      447      593      661      475      309      750      515      339      551      574      833      0        553      93       141      283      689      508      772      603      401      354      625      328      581      691      857      285      385      
24       373      585      655      194      439      580      418      372      574      494      571      602      108      263      433      78       433      272      47       317      248      80       302      553      0        620      425      282      632      527      313      649      175      370      190      364      149      148      401      643      176      
25       450      105      132      738      361      464      700      442      350      256      119      392      518      681      670      542      308      794      585      429      639      649      886      93       620      0        229      363      666      488      813      568      479      368      670      346      630      762      893      218      459      
26       398      254      231      517      161      511      625      221      422      297      251      469      317      453      608      349      299      645      384      201      411      438      716      141      425      229      0        146      683      505      672      618      264      315      523      287      475      557      760      370      251      
27       357      360      377      374      186      521      546      173      459      340      352      501      173      326      538      208      311      519      239      118      284      292      579      283      282      363      146      0        659      496      551      621      118      292      402      268      352      411      641      456      106      
28       302      562      791      827      825      205      269      832      322      415      547      287      627      880      229      604      386      533      646      775      852      712      659      689      632      666      683      659      0        181      510      126      673      371      483      399      498      742      528      483      640      
29       157      385      611      720      652      66       287      668      158      234      370      140      496      752      243      482      206      509      530      614      719      602      635      508      527      488      505      496      181      0        501      127      529      203      422      229      418      658      548      321      495      
30       402      743      886      448      731      567      241      677      622      603      727      628      398      558      282      357      534      44       357      618      553      374      151      772      313      813      672      551      510      501      0        586      472      461      149      475      199      323      90       752      458      
31       283      463      697      843      771      108      351      791      218      330      449      176      623      878      307      607      320      601      654      739      846      726      729      603      649      568      618      621      126      127      586      0        657      329      529      353      532      775      618      370      623      
32       376      467      494      259      264      566      514      205      525      418      457      564      73       233      516      114      374      435      129      146      195      174      477      401      175      479      264      118      673      529      472      657      0        333      329      315      279      294      562      551      34       
33       85       285      468      551      453      233      333      464      204      142      268      235      313      563      306      308      73       451      359      410      527      435      561      354      370      368      315      292      371      203      461      329      333      0        334      28       307      514      535      295      299      
34       293      607      738      365      584      485      238      535      516      477      591      531      256      453      262      216      407      124      227      475      439      266      227      625      190      670      523      402      483      422      149      529      329      334      0        344      51       262      239      629      313      
35       113      268      443      540      426      254      358      439      214      135      251      249      300      547      332      299      69       463      350      386      510      426      570      328      364      346      287      268      399      229      475      353      315      28       344      0        313      511      551      288      281      
36       278      571      693      334      532      478      269      484      499      448      555      518      206      412      287      166      379      170      181      424      396      227      258      581      149      630      475      352      498      418      199      532      279      307      51       313      0        245      289      601      262      
37       508      732      788      129      542      715      500      459      718      642      719      743      244      255      525      223      580      279      177      415      264      120      242      691      148      762      557      411      742      658      323      775      294      514      262      511      245      0        396      792      306      
38       469      820      971      525      821      614      267      767      681      674      803      682      488      640      312      447      606      129      446      709      637      459      181      857      401      893      760      641      528      548      90       618      562      535      239      551      289      396      0        819      549      
39       350      125      350      803      529      278      584      589      164      153      121      196      562      780      546      571      222      745      622      557      739      696      857      285      643      218      370      456      483      321      752      370      551      295      629      288      601      792      819      0        521      
40       342      441      482      284      272      532      488      224      492      386      430      530      67       266      487      105      340      424      133      163      229      190      475      385      176      459      251      106      640      495      458      623      34       299      313      281      262      306      549      521      0        
;



Table delta(i,j)                 Distance
         0        1        2        3        4        5        6        7        8        9        10       11       12       13       14       15       16       17       18       19       20       21       22       23       24       25       26       27       28       29       30       31       32       33       34       35       36       37       38       39       40       
0        0        9270     7960     9040     7570     4040     1800     8290     4270     6850     6170     11020    7400     10830    5500     5800     8760     10760    11650    13590    8550     1950     4430     8400     9980     8590     6700     5540     6440     13240    6760     2080     9490     8200     6560     10880    1700     7260     10460    8420     8110     
1        9270     0        504      452      1168     555      757      449      635      872      413      949      209      213      406      871      869      156      831      1070     1021     845      506      395      88       1140     942      606      520      1006     455      738      721      979      310      407      835      315      926      1389     197      
2        7960     504      0        126      708      420      696      66       370      404      232      471      356      489      565      443      364      632      421      657      524      628      586      118      502      652      483      251      151      603      136      697      240      485      307      346      801      222      436      945      312      
3        9040     452      126      0        824      513      791      75       484      521      305      497      354      391      606      568      446      559      393      636      621      744      647      82       429      755      602      373      266      575      228      788      272      585      341      221      895      241      475      1062     283      
4        7570     1168     708      824      0        723      823      774      589      304      761      613      969      1196     1006     300      434      1315     790      863      263      591      945      825      1189     151      227      566      647      863      714      848      636      272      874      1039     894      852      565      240      972      
5        4040     555      420      513      723      0        278      440      137      497      214      819      351      687      283      435      623      710      828      1050     687      290      229      442      615      756      533      232      276      1003     288      277      620      643      258      685      382      321      769      908      412      
6        1800     757      696      791      823      278      0        718      353      682      489      1064     580      925      371      589      849      903      1095     1308     867      235      264      719      833      899      688      481      549      1266     566      30       882      827      506      956      105      587      1010     949      658      
7        8290     449      66       75       774      440      718      0        409      470      235      510      318      424      551      507      423      571      434      675      588      669      584      55       440      717      549      299      191      618      153      716      278      549      287      287      822      191      480      1011     262      
8        4270     635      370      484      589      137      353      409      0        362      234      711      426      734      417      298      502      791      746      954      552      260      366      428      682      618      395      129      219      913      262      363      531      508      325      684      457      352      658      782      464      
9        6850     872      404      521      304      497      682      470      362      0        477      437      681      891      766      108      207      1016     559      703      190      490      727      520      888      272      81       291      352      681      417      699      367      147      592      738      776      557      380      542      675      
10       6170     413      232      305      761      214      489      235      234      477      0        686      208      499      338      462      530      567      653      888      647      481      353      229      451      750      540      195      135      835      98       485      463      603      114      471      592      117      644      977      231      
11       11020    949      471      497      613      819      1064     510      711      437      686      0        826      866      1024     545      230      1052     206      266      351      908      1026     559      923      476      489      589      560      252      588      1074     232      353      776      632      1166     693      57       832      771      
12       7400     209      356      354      969      351      580      318      426      681      208      826      0        344      281      670      707      365      746      989      842      642      356      275      263      953      747      404      329      929      269      565      594      799      101      419      669      135      792      1186     90       
13       10830    213      489      391      1196     687      925      424      734      891      499      866      344      0        600      916      837      208      712      939      1010     973      691      371      126      1141     969      669      564      872      499      909      656      972      429      248      1012     382      854      1430     275      
14       5500     406      565      606      1006     283      371      551      417      766      338      1024     281      600      0        714      859      541      984      1223     951      524      107      524      490      1032     810      478      467      1168     437      347      801      906      265      701      435      365      982      1189     371      
15       5800     871      443      568      300      435      589      507      298      108      462      545      670      916      714      0        315      1021     658      810      279      386      663      552      898      322      101      266      355      787      422      609      456      241      574      789      679      558      488      518      679      
16       8760     869      364      446      434      623      849      423      502      207      530      230      707      837      859      315      0        995      363      495      185      681      843      478      864      327      267      392      395      474      443      862      208      162      637      640      949      572      173      670      674      
17       10760    156      632      559      1315     710      903      571      791      1016     567      1052     365      208      541      1021     995      0        911      1142     1156     1000     645      516      131      1279     1088     758      667      1076     601      882      831      1116     466      454      975      463      1034     1540     342      
18       11650    831      421      393      790      828      1095     434      746      559      653      206      746      712      984      658      363      911      0        243      528      978      1007     470      789      663      628      616      552      184      556      1100     216      519      721      466      1201     625      235      1019     676      
19       13590    1070     657      636      863      1050     1308     675      954      703      888      266      989      939      1223     810      495      1142     243      0        606      1166     1240     713      1024     717      754      827      777      66       790      1316     430      615      961      690      1412     867      322      1066     919      
20       8550     1021     524      621      263      687      867      588      552      190      647      351      842      1010     951      279      185      1156     528      606      0        664      916      642      1025     141      185      473      515      602      573      886      394      44       760      823      958      712      302      491      823      
21       1950     845      628      744      591      290      235      669      260      490      481      908      642      973      524      386      681      1000     978      1166     664      0        429      688      906      678      480      378      478      1133     521      263      761      628      546      943      304      597      852      714      699      
22       4430     506      586      647      945      229      264      584      366      727      353      1026     356      691      107      663      843      645      1007     1240     916      429      0        566      587      985      762      452      466      1189     451      239      812      872      312      768      330      410      979      1115     444      
23       8400     395      118      82       825      442      719      55       428      520      229      559      275      371      524      552      478      516      470      713      642      688      566      0        385      771      599      329      218      654      166      714      328      604      259      256      822      159      532      1060     212      
24       9980     88       502      429      1189     615      833      440      682      888      451      923      263      126      490      898      864      131      789      1024     1025     906      587      385      0        1150     962      638      543      959      476      814      701      985      360      344      914      341      904      1417     221      
25       8590     1140     652      755      151      756      899      717      618      272      750      476      953      1141     1032     322      327      1279     663      717      141      678      985      771      1150     0        222      563      623      721      686      921      535      170      865      961      981      826      432      356      942      
26       6700     942      483      602      227      533      688      549      395      81       540      489      747      969      810      101      267      1088     628      754      185      480      762      599      962      222      0        347      422      738      488      709      444      153      654      820      776      627      433      461      747      
27       5540     606      251      373      566      232      481      299      129      291      195      589      404      669      478      266      392      758      616      827      473      378      452      329      638      563      347      0        110      785      171      488      401      428      308      584      585      296      538      783      417      
28       6440     520      151      266      647      276      549      191      219      352      135      560      329      564      467      355      395      667      552      777      515      478      466      218      543      623      422      110      0        729      67       551      347      471      246      474      654      205      515      873      325      
29       13240    1006     603      575      863      1003     1266     618      913      681      835      252      929      872      1168     787      474      1076     184      66       602      1133     1189     654      959      721      738      785      729      0        738      1272     384      606      905      624      1370     809      306      1074     857      
30       6760     455      136      228      714      288      566      153      262      417      98       588      269      499      437      422      443      601      556      790      573      521      451      166      476      686      488      171      67       738      0        564      364      530      194      422      670      140      547      940      258      
31       2080     738      697      788      848      277      30       716      363      699      485      1074     565      909      347      609      862      882      1100     1316     886      263      239      714      814      921      709      488      551      1272     564      0        888      845      494      948      107      579      1021     977      645      
32       9490     721      240      272      636      620      882      278      531      367      463      232      594      656      801      456      208      831      216      430      394      761      812      328      701      535      444      401      347      384      364      888      0        369      547      441      987      461      204      875      540      
33       8200     979      485      585      272      643      827      549      508      147      603      353      799      972      906      241      162      1116     519      615      44       628      872      604      985      170      153      428      471      606      530      845      369      0        716      791      919      669      301      507      782      
34       6560     310      307      341      874      258      506      287      325      592      114      776      101      429      265      574      637      466      721      961      760      546      312      259      360      865      654      308      246      905      194      494      547      716      0        458      600      100      738      1088     155      
35       10880    407      346      221      1039     685      956      287      684      738      471      632      419      248      701      789      640      454      466      690      823      943      768      256      344      961      820      584      474      624      422      948      441      791      458      0        1055     368      627      1279     329      
36       1700     835      801      895      894      382      105      822      457      776      592      1166     669      1012     435      679      949      975      1201     1412     958      304      330      822      914      981      776      585      654      1370     670      107      987      919      600      1055     0        686      1112     1001     750      
37       7260     315      222      241      852      321      587      191      352      557      117      693      135      382      365      558      572      463      625      867      712      597      410      159      341      826      627      296      205      809      140      579      461      669      100      368      686      0        658      1076     121      
38       10460    926      436      475      565      769      1010     480      658      380      644      57       792      854      982      488      173      1034     235      322      302      852      979      532      904      432      433      538      515      306      547      1021     204      301      738      627      1112     658      0        788      743      
39       8420     1389     945      1062     240      908      949      1011     782      542      977      832      1186     1430     1189     518      670      1540     1019     1066     491      714      1115     1060     1417     356      461      783      873      1074     940      977      875      507      1088     1279     1001     1076     788      0        1197     
40       8110     197      312      283      972      412      658      262      464      675      231      771      90       275      371      679      674      342      676      919      823      699      444      212      221      942      747      417      325      857      258      645      540      782      155      329      750      121      743      1197     0        
;

