

sets
i        orders          /0*40/
k        routes          /1*40/
p        positions       /0*40/
;

alias(i,j)
alias(i,h)
alias(i,hh)
alias(i,jj)
alias(k,kk)
                            Parameters

rho(i)	Processing time
/
0	0
1	60
2	88
3	70
4	64
5	84
6	28
7	45
8	92
9	33
10	66
11	47
12	28
13	93
14	57
15	54
16	88
17	75
18	35
19	38
20	35
21	87
22	73
23	93
24	54
25	16
26	45
27	18
28	81
29	49
30	64
31	5
32	60
33	40
34	5
35	42
36	91
37	94
38	95
39	1
40	54
/

gamma(i)	Duedate
/
0	0
1	95
2	54
3	37
4	60
5	70
6	41
7	4
8	23
9	55
10	43
11	95
12	61
13	19
14	73
15	83
16	35
17	8
18	43
19	89
20	63
21	78
22	89
23	23
24	33
25	26
26	20
27	56
28	96
29	43
30	78
31	83
32	71
33	87
34	52
35	68
36	89
37	65
38	96
39	71
40	2
/

sigma(i)	Size
/
0	0
1	8
2	8
3	2
4	4
5	7
6	7
7	3
8	9
9	3
10	9
11	7
12	1
13	1
14	8
15	2
16	8
17	7
18	7
19	4
20	5
21	7
22	4
23	8
24	6
25	4
26	5
27	9
28	1
29	1
30	4
31	7
32	4
33	6
34	2
35	4
36	5
37	1
38	2
39	8
40	2
/

epsilon(i)	Priority
/
0	0
1	3
2	9
3	2
4	2
5	4
6	3
7	7
8	9
9	4
10	5
11	9
12	3
13	5
14	6
15	8
16	8
17	2
18	3
19	2
20	5
21	2
22	6
23	2
24	8
25	3
26	7
27	6
28	4
29	8
30	5
31	9
32	7
33	4
34	4
35	5
36	3
37	3
38	5
39	9
40	8
/

psi	Vehicle Capacity
/ 160 /
;

Table kappa(i,j)                 Setup
         0        1        2        3        4        5        6        7        8        9        10       11       12       13       14       15       16       17       18       19       20       21       22       23       24       25       26       27       28       29       30       31       32       33       34       35       36       37       38       39       40       
0        0        327      389      1494     990      388      685      1569     1590     1218     1293     1248     734      654      1349     994      1592     1424     1617     1527     686      909      441      882      1389     447      1775     1337     1741     1276     347      1267     1501     901      419      755      1282     782      716      799      881      
1        327      0        637      1228     663      447      816      1249     1459     1168     1267     1148     671      979      1278     1098     1408     1207     1405     1410     560      699      143      580      1394     122      1494     1021     1438     1020     570      1358     1320     847      451      1047     1325     655      449      552      609      
2        389      637      0        1567     1255     320      364      1767     1465     1024     1069     1109     1119     486      1169     664      1535     1425     1600     1389     672      1292     690      1217     1126     754      1865     1530     1884     1345     76       934      1446     752      799      423      988      1172     1077     907      1012     
3        1494     1228     1567     0        829      1249     1411     563      778      999      1109     814      1752     2046     953      1451     516      296      373      817      897      1513     1085     1142     1272     1154     299      492      419      223      1496     1542     499      962      1654     1950     1371     1653     1276     694      620      
4        990      663      1255     829      0        975      1308     621      1397     1327     1450     1212     968      1641     1376     1513     1226     968      1144     1389     803      686      568      315      1614     544      1009     426      871      705      1180     1723     1160     1081     961      1678     1620     850      481      527      446      
5        388      447      320      1249     975      0        369      1455     1220     830      905      871      1070     797      963      654      1254     1121     1303     1153     360      1146     439      993      1004     537      1546     1218     1564     1026     246      920      1163     517      781      730      908      1083     891      588      694      
6        685      816      364      1411     1308     369      0        1720     1159     692      719      809      1411     783      839      310      1274     1214     1366     1077     551      1514     803      1357     763      906      1710     1488     1777     1198     357      583      1189     479      1103     573      623      1438     1261     847      958      
7        1569     1249     1767     563      621      1455     1720     0        1336     1481     1601     1311     1573     2201     1467     1842     1080     845      934      1367     1168     1245     1128     900      1770     1139     543      237      311      635      1691     1988     1057     1350     1582     2185     1838     1444     1092     877      765      
8        1590     1459     1465     778      1397     1220     1159     1336     0        482      520      355      2113     1934     346      1028     279      491      446      89       912      1995     1333     1660     630      1448     964      1213     1176     736      1417     985      279      714      1906     1727     791      2059     1716     964      985      
9        1218     1168     1024     999      1327     830      692      1481     482      0        124      188      1839     1475     146      548      664      719      801      394      615      1804     1070     1521     293      1195     1263     1295     1416     849      987      553      599      323      1586     1251     373      1815     1519     808      881      
10       1293     1267     1069     1109     1450     905      719      1601     520      124      0        295      1936     1500     180      522      739      823      886      431      723      1915     1176     1639     170      1300     1366     1418     1527     968      1039     470      683      420      1674     1256     278      1918     1631     930      1004     
11       1248     1148     1109     814      1212     871      809      1311     355      188      295      0        1815     1580     165      715      487      531      615      282      588      1740     1033     1434     461      1155     1075     1136     1232     676      1062     742      415      359      1585     1381     561      1776     1456     715      769      
12       734      671      1119     1752     968      1070     1411     1573     2113     1839     1936     1815     0        1208     1949     1715     2031     1804     2000     2071     1230     386      782      673      2058     665      1969     1395     1840     1576     1081     1986     1948     1517     322      1423     1977     147      488      1162     1178     
13       654      979      486      2046     1641     797      783      2201     1934     1475     1500     1580     1208     0        1622     1021     2019     1911     2086     1854     1155     1494     1079     1530     1525     1101     2341     1966     2344     1823     552      1255     1930     1228     908      319      1362     1311     1350     1370     1469     
14       1349     1278     1169     953      1376     963      839      1467     346      146      180      165      1949     1622     0        683      559      661      710      256      719      1891     1172     1592     323      1295     1199     1298     1372     832      1130     650      507      448      1706     1396     458      1917     1606     873      932      
15       994      1098     664      1451     1513     654      310      1842     1028     548      522      715      1715     1021     683      0        1202     1207     1325     939      712      1797     1063     1606     509      1176     1740     1623     1849     1259     666      273      1129     495      1411     748      341      1736     1533     1007     1113     
16       1592     1408     1535     516      1226     1254     1274     1080     279      664      739      487      2031     2019     559      1202     0        261      167      344      908      1867     1271     1513     875      1374     685      982      901      526      1477     1208     90       797      1860     1847     1017     1960     1598     869      859      
17       1424     1207     1425     296      968      1121     1214     845      491      719      823      531      1804     1911     661      1207     261      0        198      524      761      1619     1065     1260     983      1159     544      727      712      265      1359     1271     214      741      1654     1776     1092     1724     1356     655      625      
18       1617     1405     1600     373      1144     1303     1366     934      446      801      886      615      2000     2086     710      1325     167      198      0        509      946      1807     1263     1444     1030     1357     518      858      739      440      1537     1352     203      887      1852     1935     1164     1919     1548     853      822      
19       1527     1410     1389     817      1389     1153     1077     1367     89       394      431      282      2071     1854     256      939      344      524      509      0        857      1968     1289     1641     544      1406     1023     1231     1225     752      1343     896      323      641      1854     1642     702      2023     1686     934      965      
20       686      560      672      897      803      360      551      1168     912      615      723      588      1230     1155     719      712      908      761      946      857      0        1192     455      934      866      579      1196     937      1236     675      602      922      817      306      997      1055     835      1200     909      299      409      
21       909      699      1292     1513     686      1146     1514     1245     1995     1804     1915     1740     386      1494     1891     1797     1867     1619     1807     1968     1192     0        748      371      2057     626      1692     1097     1532     1368     1236     2054     1791     1498     593      1658     2008     238      285      1034     1013     
22       441      143      690      1085     568      439      803      1128     1333     1070     1176     1033     782      1079     1172     1063     1271     1065     1263     1289     455      748      0        553      1312     124      1353     896      1304     876      616      1312     1184     755      589      1111     1260     745      472      410      465      
23       882      580      1217     1142     315      993      1357     900      1660     1521     1639     1434     673      1530     1592     1606     1513     1260     1444     1641     934      371      553      0        1793     465      1323     733      1173     1004     1149     1844     1441     1237     731      1625     1770     545      206      719      676      
24       1389     1394     1126     1272     1614     1004     763      1770     630      293      170      461      2058     1525     323      509      875      983      1030     544      866      2057     1312     1793     0        1436     1522     1588     1691     1137     1107     369      829      559      1783     1258     182      2048     1774     1090     1169     
25       447      122      754      1154     544      537      906      1139     1448     1195     1300     1155     665      1101     1295     1176     1374     1159     1357     1406     579      626      124      465      1436     0        1410     914      1339     955      684      1429     1289     880      500      1167     1382     622      356      505      542      
26       1775     1494     1865     299      1009     1546     1710     543      964      1263     1366     1075     1969     2341     1199     1740     685      544      518      1023     1196     1692     1353     1323     1522     1410     0        599      257      520      1793     1815     703      1256     1903     2249     1636     1858     1483     979      894      
27       1337     1021     1530     492      426      1218     1488     237      1213     1295     1418     1136     1395     1966     1298     1623     982      727      858      1231     937      1097     896      733      1588     914      599      0        444      478      1453     1782     941      1137     1374     1948     1642     1275     908      643      531      
28       1741     1438     1884     419      871      1564     1777     311      1176     1416     1527     1232     1840     2344     1372     1849     901      712      739      1225     1236     1532     1304     1173     1691     1339     257      444      0        590      1809     1955     902      1354     1813     2288     1787     1718     1352     977      875      
29       1276     1020     1345     223      705      1026     1198     635      736      849      968      676      1576     1823     832      1259     526      265      440      752      675      1368     876      1004     1137     955      520      478      590      0        1273     1373     472      764      1455     1730     1213     1487     1114     476      413      
30       347      570      76       1496     1180     246      357      1691     1417     987      1039     1062     1081     552      1130     666      1477     1359     1537     1343     602      1236     616      1149     1107     684      1793     1453     1809     1273     0        939      1387     703      765      499      978      1127     1014     832      937      
31       1267     1358     934      1542     1723     920      583      1988     985      553      470      742      1986     1255     650      273      1208     1271     1352     896      922      2054     1312     1844     369      1429     1815     1782     1955     1373     939      0        1149     651      1684     959      194      2003     1785     1201     1300     
32       1501     1320     1446     499      1160     1163     1189     1057     279      599      683      415      1948     1930     507      1129     90       214      203      323      817      1791     1184     1441     829      1289     703      941      902      472      1387     1149     0        711      1772     1762     961      1879     1520     785      781      
33       901      847      752      962      1081     517      479      1350     714      323      420      359      1517     1228     448      495      797      741      887      641      306      1498     755      1237     559      880      1256     1137     1354     764      703      651      711      0        1263     1050     539      1497     1215     555      649      
34       419      451      799      1654     961      781      1103     1582     1906     1586     1674     1585     322      908      1706     1411     1860     1654     1852     1854     997      593      589      731      1783     500      1903     1374     1813     1455     765      1684     1772     1263     0        1105     1689     404      525      998      1042     
35       755      1047     423      1950     1678     730      573      2185     1727     1251     1256     1381     1423     319      1396     748      1847     1776     1935     1642     1055     1658     1111     1625     1258     1167     2249     1948     2288     1730     499      959      1762     1050     1105     0        1086     1505     1470     1316     1424     
36       1282     1325     988      1371     1620     908      623      1838     791      373      278      561      1977     1362     458      341      1017     1092     1164     702      835      2008     1260     1770     182      1382     1636     1642     1787     1213     978      194      961      539      1689     1086     0        1979     1731     1093     1183     
37       782      655      1172     1653     850      1083     1438     1444     2059     1815     1918     1776     147      1311     1917     1736     1960     1724     1919     2023     1200     238      745      545      2048     622      1858     1275     1718     1487     1127     2003     1879     1497     404      1505     1979     0        377      1098     1101     
38       716      449      1077     1276     481      891      1261     1092     1716     1519     1631     1456     488      1350     1606     1533     1598     1356     1548     1686     909      285      472      206      1774     356      1483     908      1352     1114     1014     1785     1520     1215     525      1470     1731     377      0        752      739      
39       799      552      907      694      527      588      847      877      964      808      930      715      1162     1370     873      1007     869      655      853      934      299      1034     410      719      1090     505      979      643      977      476      832      1201     785      555      998      1316     1093     1098     752      0        111      
40       881      609      1012     620      446      694      958      765      985      881      1004     769      1178     1469     932      1113     859      625      822      965      409      1013     465      676      1169     542      894      531      875      413      937      1300     781      649      1042     1424     1183     1101     739      111      0        
;



Table delta(i,j)                 Distance
         0        1        2        3        4        5        6        7        8        9        10       11       12       13       14       15       16       17       18       19       20       21       22       23       24       25       26       27       28       29       30       31       32       33       34       35       36       37       38       39       40       
0        0        280      560      118      311      128      937      248      768      540      879      136      214      513      523      876      851      384      320      682      661      865      664      799      672      809      142      135      523      386      1015     905      1045     868      498      439      786      539      967      684      981      
1        280      0        393      188      570      403      975      138      506      329      1018     251      161      463      246      889      834      559      537      571      744      940      631      743      431      707      414      336      365      620      955      900      1064     1045     523      290      759      316      1154     495      997      
2        560      393      0        444      720      680      704      531      342      103      876      437      347      215      320      597      518      576      624      198      569      718      332      399      213      327      697      509      37       946      590      590      762      959      349      120      441      133      1074     128      698      
3        118      188      444      0        382      245      882      214      653      421      870      74       96       419      417      811      775      388      353      576      621      825      580      709      555      707      260      149      408      502      927      833      983      880      429      323      705      420      985      567      918      
4        311      570      720      382      0        250      825      560      1003     741      657      330      444      578      792      799      810      222      122      766      536      718      673      807      888      866      257      239      683      427      1004     843      944      606      489      613      766      751      691      847      888      
5        128      403      680      245      250      0        989      346      896      666      882      245      339      612      648      939      926      396      307      789      702      902      751      887      800      911      17       197      643      274      1101     973      1102     848      574      560      867      666      938      807      1040     
6        937      975      704      882      825      989      0        1079     1016     805      363      817      831      524      1013     112      208      608      710      531      290      135      371      341      898      472      1005     806      700      1239     339      149      120      516      456      727      273      835      598      737      82       
7        248      138      531      214      560      346      1079     0        623      467      1084     289      248      582      354      999      952      601      557      704      830      1031     750      869      561      840      352      353      502      516      1083     1016     1174     1093     623      424      878      452      1197     632      1107     
8        768      506      342      653      1003     896      1016     623      0        273      1218     681      568      558      269      905      815      897      926      485      911      1049     657      683      129      568      909      768      366      1126     824      886      1055     1302     691      406      743      256      1417     279      996      
9        540      329      103      421      741      666      805      467      273      0        963      432      326      302      218      700      621      624      657      299      657      814      433      502      149      424      681      514      107      920      689      693      865      1037     428      133      544      30       1152     166      801      
10       879      1018     876      870      657      882      363      1084     1218     963      0        795      857      662      1136     435      520      495      574      760      306      235      578      626      1089     756      895      745      858      1082     694      489      461      155      536      848      549      989      238      953      445      
11       136      251      437      74       330      245      817      289      681      432      795      0        114      377      462      749      719      314      286      547      550      754      529      663      574      673      262      90       399      517      879      775      921      806      368      317      653      436      912      564      855      
12       214      161      347      96       444      339      831      248      568      326      857      114      0        341      349      752      707      401      391      487      587      787      507      632      464      620      354      204      312      599      848      769      926      884      375      227      635      328      994      471      860      
13       513      463      215      419      578      612      524      582      558      302      662      377      341      0        493      429      371      396      466      187      355      517      168      290      429      299      629      416      196      886      507      438      604      744      135      203      296      329      858      312      537      
14       523      246      320      417      792      648      1013     354      269      218      1136     462      349      493      0        911      836      733      737      518      836      1010     642      719      231      641      660      553      315      864      907      908      1080     1191     602      292      758      189      1304     361      1014     
15       876      889      597      811      799      939      112      999      905      700      435      749      752      429      911      0        97       577      679      420      270      200      268      228      788      360      956      749      596      1199     262      56       175      580      381      629      162      730      674      626      108      
16       851      834      518      775      810      926      208      952      815      621      520      719      707      371      836      97       0        588      688      332      308      290      203      133      700      263      943      730      521      1192     202      72       244      660      353      562      78       651      758      536      181      
17       384      559      576      388      222      396      608      601      897      624      495      314      401      396      733      577      588      0        102      579      317      510      461      592      772      663      410      252      543      631      783      620      725      492      284      490      547      641      597      695      668      
18       320      537      624      353      122      307      710      557      926      657      574      286      391      466      737      679      688      102      0        653      419      609      552      685      806      748      320      205      589      531      881      722      828      549      369      525      644      671      646      748      771      
19       682      571      198      576      766      789      531      704      485      299      760      547      487      187      518      420      332      579      653      0        463      570      181      205      368      135      806      597      212      1063     392      404      576      867      299      280      258      329      979      206      514      
20       661      744      569      621      536      702      290      830      911      657      306      550      587      355      836      270      308      317      419      463      0        204      285      368      782      483      718      527      551      949      510      320      408      404      234      546      299      684      516      649      352      
21       865      940      718      825      718      902      135      1031     1049     814      235      754      787      517      1010     200      290      510      609      570      204      0        392      407      924      541      918      730      707      1140     459      254      249      385      418      718      331      843      474      773      217      
22       664      631      332      580      673      751      371      750      657      433      578      529      507      168      642      268      203      461      552      181      285      392      0        137      533      209      768      553      328      1023     350      271      440      689      184      361      128      463      799      382      374      
23       799      743      399      709      807      887      341      869      683      502      626      663      632      290      719      228      133      592      685      205      368      407      137      0        571      133      905      690      407      1160     217      202      372      755      320      459      76       532      859      405      312      
24       672      431      213      555      888      800      898      561      129      149      1089     574      464      429      231      788      700      772      806      368      782      924      533      571      0        466      814      658      237      1044     730      772      943      1173     562      282      627      138      1287     167      882      
25       809      707      327      707      866      911      472      840      568      424      756      673      620      299      641      360      263      663      748      135      483      541      209      133      466      0        929      716      346      1186     266      328      491      880      379      416      209      452      987      298      436      
26       142      414      697      260      257      17       1005     352      909      681      895      262      354      629      660      956      943      410      320      806      718      918      768      905      814      929      0        215      660      257      1119     990      1118     859      592      576      884      681      947      823      1057     
27       135      336      509      149      239      197      806      353      768      514      745      90       204      416      553      749      730      252      205      597      527      730      553      690      658      716      215      0        471      471      903      780      915      742      378      393      670      520      844      637      852      
28       523      365      37       408      683      643      700      502      366      107      858      399      312      196      315      596      521      543      589      212      551      707      328      407      237      346      660      471      0        910      605      592      764      936      326      84       443      136      1051     165      699      
29       386      620      946      502      427      274      1239     516      1126     920      1082     517      599      886      864      1199     1192     631      531      1063     949      1140     1023     1160     1044     1186     257      471      910      0        1372     1236     1355     1017     844      825      1136     916      1088     1070     1296     
30       1015     955      590      927      1004     1101     339      1083     824      689      694      879      848      507      907      262      202      783      881      392      510      459      350      217      730      266      1119     903      605      1372     0        206      294      842      528      667      237      718      932      563      267      
31       905      900      590      833      843      973      149      1016     886      693      489      775      769      438      908      56       72       620      722      404      320      254      271      202      772      328      990      780      592      1236     206      0        172      636      406      631      149      723      728      607      110      
32       1045     1064     762      983      944      1102     120      1174     1055     865      461      921      926      604      1080     175      244      725      828      576      408      249      440      372      943      491      1118     915      764      1355     294      172      0        616      554      801      321      896      688      778      66       
33       868      1045     959      880      606      848      516      1093     1302     1037     155      806      884      744      1191     580      660      492      549      867      404      385      689      755      1173     880      859      742      936      1017     842      636      616      0        610      914      679      1061     114      1049     598      
34       498      523      349      429      489      574      456      623      691      428      536      368      375      135      602      381      353      284      369      299      234      418      184      320      562      379      592      378      326      844      528      406      554      610      0        312      292      454      725      447      488      
35       439      290      120      323      613      560      727      424      406      133      848      317      227      203      292      629      562      490      525      280      546      718      361      459      282      416      576      393      84       825      667      631      801      914      312      0        484      151      1028     246      735      
36       786      759      441      705      766      867      273      878      743      544      549      653      635      296      758      162      78       547      644      258      299      331      128      76       627      209      884      670      443      1136     237      149      321      679      292      484      0        574      783      464      257      
37       539      316      133      420      751      666      835      452      256      30       989      436      328      329      189      730      651      641      671      329      684      843      463      532      138      452      681      520      136      916      718      723      896      1061     454      151      574      0        1176     186      831      
38       967      1154     1074     985      691      938      598      1197     1417     1152     238      912      994      858      1304     674      758      597      646      979      516      474      799      859      1287     987      947      844      1051     1088     932      728      688      114      725      1028     783      1176     0        1163     679      
39       684      495      128      567      847      807      737      632      279      166      953      564      471      312      361      626      536      695      748      206      649      773      382      405      167      298      823      637      165      1070     563      607      778      1049     447      246      464      186      1163     0        718      
40       981      997      698      918      888      1040     82       1107     996      801      445      855      860      537      1014     108      181      668      771      514      352      217      374      312      882      436      1057     852      699      1296     267      110      66       598      488      735      257      831      679      718      0        
;

