

sets
i        orders          /0*20/
k        routes          /1*20/
p        positions       /0*20/
;

alias(i,j)
alias(i,h)
alias(i,hh)
alias(i,jj)
alias(k,kk)
                            Parameters

rho(i)	Processing time
/
0	0
1	63
2	85
3	57
4	75
5	83
6	47
7	37
8	30
9	51
10	75
11	19
12	78
13	12
14	71
15	88
16	3
17	72
18	86
19	62
20	74
/

gamma(i)	Duedate
/
0	0
1	45
2	9
3	22
4	56
5	21
6	98
7	31
8	56
9	43
10	53
11	78
12	77
13	95
14	53
15	26
16	22
17	89
18	13
19	55
20	86
/

sigma(i)	Size
/
0	0
1	8
2	4
3	5
4	5
5	1
6	1
7	5
8	7
9	2
10	1
11	9
12	9
13	9
14	9
15	3
16	3
17	3
18	5
19	4
20	6
/

epsilon(i)	Priority
/
0	0
1	1
2	5
3	4
4	2
5	3
6	2
7	1
8	8
9	6
10	2
11	3
12	3
13	9
14	7
15	1
16	6
17	6
18	1
19	6
20	6
/

psi	Vehicle Capacity
/ 32 /
;

Table kappa(i,j)                 Setup
         0        1        2        3        4        5        6        7        8        9        10       11       12       13       14       15       16       17       18       19       20       
0        0        45       87       113      75       70       102      89       45       109      99       66       107      110      79       62       111      49       121      107      114      
1        45       0        64       156      99       81       73       104      90       68       101      99       67       65       124      65       78       54       112      79       158      
2        87       64       0        196      83       57       20       75       120      50       54       153      107      88       161      129      130      46       175      22       196      
3        113      156      196      0        142      156      214      162      76       222      188      67       206      217      35       124      196      151      165      218      9        
4        75       99       83       142      0        25       103      20       71       130      48       127      164      156      109      138      177      47       196      104      138      
5        70       81       57       156      25       0        77       22       81       105      32       131      145      133      122      130      160      27       187      78       154      
6        102      73       20       214      103      77       0        94       138      35       71       167      102      79       179      138      128      65       179      6        214      
7        89       104      75       162      20       22       94       0        90       124      30       145      167      155      129      150      183      50       208      94       158      
8        45       90       120      76       71       81       138      90       0        151      113      59       152      155      41       89       152      75       148      142      75       
9        109      68       50       222      130      105      35       124      151      0        104      167      73       47       189      128      101      86       159      39       224      
10       99       101      54       188      48       32       71       30       113      104      0        162      158      142      153      157      177      51       212      69       184      
11       66       99       153      67       127      131      167      145      59       167      162      0        140      154      50       56       129      115      102      172      73       
12       107      67       107      206      164      145      102      167      152      73       158      140      0        27       178      86       29       118      93       108      210      
13       110      65       88       217      156      133      79       155      155      47       142      154      27       0        187      104      57       109      120      85       220      
14       79       124      161      35       109      122      179      129      41       189      153      50       178      187      0        102      173      116      152      183      35       
15       62       65       129      124      138      130      138      150      89       128      157      56       86       104      102      0        72       106      59       144      129      
16       111      78       130      196      177      160      128      183      152      101      177      129      29       57       173      72       0        133      65       134      202      
17       49       54       46       151      47       27       65       50       75       86       51       115      118      109      116      106      133      0        161      68       150      
18       121      112      175      165      196      187      179      208      148      159      212      102      93       120      152      59       65       161      0        185      173      
19       107      79       22       218      104      78       6        94       142      39       69       172      108      85       183      144      134      68       185      0        218      
20       114      158      196      9        138      154      214      158      75       224      184      73       210      220      35       129      202      150      173      218      0        
;



Table delta(i,j)                 Distance
         0        1        2        3        4        5        6        7        8        9        10       11       12       13       14       15       16       17       18       19       20       
0        0        1680     5460     6240     540      1560     5700     4680     1260     600      3720     3390     4320     5850     5310     4920     7080     2790     4530     3630     5940     
1        1680     0        142      152      66       29       134      107      51       73       98       79       117      140      132      108      182      45       94       67       153      
2        5460     142      0        125      178      170      150      177      143      187      66       68       52       87       207      93       94       155      109      89       24       
3        6240     152      125      0        216      166      41       97       189      224      157      139      159      39       115      48       65       126      57       93       109      
4        540      66       178      216      0        69       201      170      35       9        116      109      136      200      192      170      239      107      159      125      196      
5        1560     29       170      166      69       0        142      104      68       72       127      108      146      161      124      127      204      43       110      91       181      
6        5700     134      150      41       201      142      0        57       179      208      166      144      172      71       74       57       106      99       50       91       139      
7        4680     107      177      97       170      104      57       0        158      175      172      148      184      116      30       89       157      62       69       95       173      
8        1260     51       143      189      35       68       179      158      0        44       82       74       102      169      183      142      207      96       134      96       161      
9        600      73       187      224      9        72       208      175      44       0        126      119      145      209      197      178      248      113      167      134      205      
10       3720     98       66       157      116      127      166      172      82       126      0        24       20       125      202      112      149      128      117      78       88       
11       3390     79       68       139      109      108      144      148      74       119      24       0        39       109      178      91       139      105      94       54       86       
12       4320     117      52       159      136      146      172      184      102      145      20       39       0        123      214      115      142      144      124      88       76       
13       5850     140      87       39       200      161      71       116      169      209      125      109      123      0        141      34       44       126      54       74       70       
14       5310     132      207      115      192      124      74       30       183      197      202      178      214      141      0        116      179      87       97       125      201      
15       4920     108      93       48       170      127      57       89       142      178      112      91       115      34       116      0        78       92       21       45       85       
16       7080     182      94       65       239      204      106      157      207      248      149      139      142      44       179      78       0        171      98       115      70       
17       2790     45       155      126      107      43       99       62       96       113      128      105      144      126      87       92       171      0        73       67       160      
18       4530     94       109      57       159      110      50       69       134      167      117      94       124      54       97       21       98       73       0        41       104      
19       3630     67       89       93       125      91       91       95       96       134      78       54       88       74       125      45       115      67       41       0        93       
20       5940     153      24       109      196      181      139      173      161      205      88       86       76       70       201      85       70       160      104      93       0        
;

