

sets
i        orders          /0*20/
k        routes          /1*20/
p        positions       /0*20/
;

alias(i,j)
alias(i,h)
alias(i,hh)
alias(i,jj)
alias(k,kk)
                            Parameters

rho(i)	Processing time
/
0	0
1	2
2	4
3	73
4	4
5	64
6	56
7	50
8	46
9	11
10	48
11	14
12	84
13	30
14	53
15	97
16	59
17	51
18	36
19	61
20	5
/

gamma(i)	Duedate
/
0	0
1	19
2	70
3	83
4	67
5	16
6	98
7	83
8	4
9	32
10	29
11	63
12	28
13	32
14	70
15	35
16	37
17	38
18	85
19	86
20	78
/

sigma(i)	Size
/
0	0
1	5
2	6
3	6
4	7
5	1
6	4
7	2
8	3
9	3
10	9
11	9
12	5
13	6
14	6
15	7
16	6
17	5
18	5
19	4
20	4
/

epsilon(i)	Priority
/
0	0
1	1
2	1
3	1
4	9
5	4
6	1
7	6
8	1
9	9
10	4
11	7
12	5
13	8
14	2
15	5
16	5
17	6
18	3
19	3
20	9
/

psi	Vehicle Capacity
/ 36 /
;

Table kappa(i,j)                 Setup
         0        1        2        3        4        5        6        7        8        9        10       11       12       13       14       15       16       17       18       19       20       
0        0        142      102      61       11       97       55       124      107      132      63       99       80       61       80       42       120      73       118      128      49       
1        142      0        42       92       151      49       86       205      101      13       87       133      155      158      112      111      48       74       206      157      183      
2        102      42       0        62       112      30       47       166      69       30       45       97       115      128      92       77       30       32       166      124      146      
3        61       92       62       0        67       42       31       170      107      85       53       118      118      67       35       21       90       52       166      150      93       
4        11       151      112      67       0        105      65       130      118      141      74       109      89       55       81       46       131      84       123      138      37       
5        97       49       30       42       105      0        45       183      95       44       56       119      130      109      65       62       60       45       181      148      135      
6        55       86       47       31       65       45       0        142      76       76       22       87       90       87       66       35       69       23       140      119      99       
7        124      205      166      170      130      183      142      0        109      192      127      73       52       185      199      158      160      138      9        65       152      
8        107      101      69       107      118      95       76       109      0        88       54       35       67       159      142      110      52       55       111      56       155      
9        132      13       30       85       141      44       76       192      88       0        75       120      142      153      109      104      36       62       192      144      175      
10       63       87       45       53       74       56       22       127      54       75       0        66       74       106      88       56       57       13       125      98       111      
11       99       133      97       118      109      119      87       73       35       120      66       0        35       158      153      115      86       74       76       32       144      
12       80       155      115      118      89       130      90       52       67       142      74       35       0        142      149      109      112      86       51       53       119      
13       61       158      128      67       55       109      87       185      159      153      106      158      142      0        53       52       155      111      178      189      47       
14       80       112      92       35       81       65       66       199      142      109      88       153      149      53       0        40       122      87       194      185      94       
15       42       111      77       21       46       62       35       158      110      104      56       115      109      52       40       0        103      59       153      147      73       
16       120      48       30       90       131      60       69       160      52       36       57       86       112      155      122      103      0        47       161      108      168      
17       73       74       32       52       84       45       23       138      55       62       13       74       86       111      87       59       47       0        137      104      121      
18       118      206      166      166      123      181      140      9        111      192      125      76       51       178      194      153      161      137      0        72       144      
19       128      157      124      150      138      148      119      65       56       144      98       32       53       189      185      147      108      104      72       0        171      
20       49       183      146      93       37       135      99       152      155      175      111      144      119      47       94       73       168      121      144      171      0        
;



Table delta(i,j)                 Distance
         0        1        2        3        4        5        6        7        8        9        10       11       12       13       14       15       16       17       18       19       20       
0        0        4560     2100     3990     3630     4230     3540     5430     2910     2970     4920     3660     3510     2520     3990     4980     4290     3750     990      1080     1650     
1        4560     0        86       25       226      156      200      136      188      65       13       221      56       95       215      37       216      29       169      135      196      
2        2100     86       0        65       172      146      157      161      138      30       99       170      47       66       173      109      179      58       83       67       122      
3        3990     25       65       0        218      159      195      149      181      41       38       214      31       89       210      59       213      9        148      120      181      
4        3630     226      172      218      0        106      34       168      38       200      233      9        216      130      32       220      45       209      146      105      76       
5        4230     156      146      159      106      0        72       62       77       162      159      97       173      80       78       136      73       151      174      105      136      
6        3540     200      157      195      34       72       0        134      21       182      207      25       197      106      16       191      25       186      147      93       86       
7        5430     136      161      149      168      62       134      0        137      167      133      159      171      100      140      104      133      143      213      145      190      
8        2910     188      138      181      38       77       21       137      0        165      195      33       181      93       36       182      46       171      126      73       67       
9        2970     65       30       41       200      162      182      167      165      0        78       198      17       83       198      95       203      37       109      96       152      
10       4920     13       99       38       233      159      207      133      195      78       0        228      68       103      221      30       221      42       182      145      207      
11       3660     221      170      214      9        97       25       159      33       198      228      0        214      126      23       214      35       205      149      104      80       
12       3510     56       47       31       216      173      197      171      181      17       68       214      0        95       213      90       218      31       126      113      169      
13       2520     95       66       89       130      80       106      100      93       83       103      126      95       0        121      93       124      80       114      51       111      
14       3990     215      173      210      32       78       16       140      36       198      221      23       213      121      0        204      12       201      162      109      98       
15       4980     37       109      59       220      136      191      104      182      95       30       214      90       93       204      0        203      59       189      142      203      
16       4290     216      179      213      45       73       25       133      46       203      221      35       218      124      12       203      0        204      172      117      110      
17       3750     29       58       9        209      151      186      143      171      37       42       205      31       80       201      59       204      0        141      111      172      
18       990      169      83       148      146      174      147      213      126      109      182      149      126      114      162      189      172      141      0        69       72       
19       1080     135      67       120      105      105      93       145      73       96       145      104      113      51       109      142      117      111      69       0        62       
20       1650     196      122      181      76       136      86       190      67       152      207      80       169      111      98       203      110      172      72       62       0        
;

