

sets
i        orders          /0*20/
k        routes          /1*20/
p        positions       /0*20/
;

alias(i,j)
alias(i,h)
alias(i,hh)
alias(i,jj)
alias(k,kk)
                            Parameters

rho(i)	Processing time
/
0	0
1	84
2	9
3	20
4	7
5	73
6	86
7	45
8	74
9	87
10	58
11	4
12	54
13	81
14	46
15	45
16	22
17	49
18	38
19	66
20	98
/

gamma(i)	Duedate
/
0	0
1	70
2	5
3	26
4	49
5	85
6	9
7	64
8	78
9	58
10	53
11	64
12	70
13	60
14	76
15	91
16	73
17	75
18	94
19	6
20	47
/

sigma(i)	Size
/
0	0
1	9
2	6
3	2
4	6
5	5
6	3
7	4
8	1
9	6
10	5
11	2
12	9
13	2
14	5
15	1
16	3
17	1
18	5
19	4
20	4
/

epsilon(i)	Priority
/
0	0
1	9
2	5
3	1
4	8
5	3
6	8
7	6
8	6
9	3
10	5
11	3
12	4
13	3
14	5
15	8
16	5
17	8
18	3
19	4
20	9
/

psi	Vehicle Capacity
/ 25 /
;

Table kappa(i,j)                 Setup
         0        1        2        3        4        5        6        7        8        9        10       11       12       13       14       15       16       17       18       19       20       
0        0        127      56       169      102      98       144      46       87       11       65       22       70       101      63       85       85       15       76       61       124      
1        127      0        183      73       210      175      97       148      176      138      116      127      134      48       157      191      149      118      110      133      98       
2        56       183      0        218      85       109      193      55       94       46       106      65       91       156      66       75       97       68       111      83       172      
3        169      73       218      0        265      239      170      170      237      180      180      176      141      120      171      246      150      165      115      146      172      
4        102      210      85       265      0        52       177      132      40       93       96       89       166      167      147      19       177      101      178      157      155      
5        98       175      109      239      52       0        127      140      16       93       58       77       168      128      157      42       182      88       171      159      105      
6        144      97       193      170      177      127      0        185      137      151      88       129      190      60       201      162      208      129      175      185      23       
7        46       148      55       170      132      140      185      0        127      46       111      67       36       135      18       117      45       61       57       28       167      
8        87       176      94       237      40       16       137      127      0        82       60       68       157      131      145      26       171      80       163      148      115      
9        11       138      46       180      93       93       151      46       82       0        68       23       75       110      64       76       89       22       84       66       130      
10       65       116      106      180      96       58       88       111      60       68       0        45       129      71       129      78       146      50       125      121      66       
11       22       127      65       176      89       77       129      67       68       23       45       0        91       93       85       70       106      12       94       82       107      
12       70       134      91       141      166      168      190      36       157      75       129      91       0        133      29       150      17       81       27       9        175      
13       101      48       156      120      167      128      60       135      131      110      71       93       133      0        148      149      150      88       115      129      54       
14       63       157      66       171      147      157      201      18       145      64       129      85       29       148      0        134      31       78       56       25       183      
15       85       191      75       246      19       42       162      117      26       76       78       70       150      149      134      0        162      82       161      141      139      
16       85       149      97       150      177      182      208      45       171      89       146      106      17       150      31       162      0        97       39       24       192      
17       15       118      68       165      101      88       129      61       80       22       50       12       81       88       78       82       97       0        83       72       109      
18       76       110      111      115      178      171      175      57       163      84       125      94       27       115      56       161      39       83       0        31       162      
19       61       133      83       146      157      159      185      28       148      66       121      82       9        129      25       141      24       72       31       0        169      
20       124      98       172      172      155      105      23       167      115      130      66       107      175      54       183      139      192      109      162      169      0        
;



Table delta(i,j)                 Distance
         0        1        2        3        4        5        6        7        8        9        10       11       12       13       14       15       16       17       18       19       20       
0        0        3780     3120     4680     5160     1140     3150     3240     3690     3360     2100     4260     2700     1560     4470     2280     6570     5220     1200     1800     5220     
1        3780     0        134      134      106      120      115      101      87       92       101      125      36       158      25       91       93       75       138      74       54       
2        3120     134      0        61       101      137      21       185      188      183      42       220      112      79       141      47       202      129      144      77       152      
3        4680     134      61       0        53       183      52       214      210      209      86       246      128      140      130      82       175      95       193      110      128      
4        5160     106      101      53       0        189      83       201      191      194      105      229      114      171      93       97       124      45       203      115      83       
5        1140     120      137      183      189      0        133      73       91       79       97       105      87       91       145      100      212      182      17       74       173      
6        3150     115      21       52       83       133      0        174      174      171      35       208      96       90       121      35       181      108      142      66       131      
7        3240     101      185      214      201      73       174      0        24       11       142      35       87       160      126      138      178      177      85       107      154      
8        3690     87       188      210      191      91       174      24       0        14       145      38       81       173      109      140      156      163      106      110      136      
9        3360     92       183      209      194      79       171      11       14       0        140      37       81       163      116      136      167      168      93       105      144      
10       2100     101      42       86       105      97       35       142      145      140      0        177      73       68       114      10       181      119      107      35       131      
11       4260     125      220      246      229      105      208      35       38       37       177      0        118      195      147      173      189      201      116      142      173      
12       2700     36       112      128      114      87       96       87       81       81       73       118      0        124      59       65       128      97       104      41       86       
13       1560     158      79       140      171      91       90       160      173      163      68       195      124      0        177      78       246      187      88       84       197      
14       4470     25       141      130      93       145      121      126      109      116      114      147      59       177      0        104      70       55       163      93       28       
15       2280     91       47       82       97       100      35       138      140      136      10       173      65       78       104      0        170      108      111      31       120      
16       6570     93       202      175      124      212      181      178      156      167      181      189      128      246      70       170      0        80       230      163      50       
17       5220     75       129      95       45       182      108      177      163      168      119      201      97       187      55       108      80       0        198      114      38       
18       1200     138      144      193      203      17       142      85       106      93       107      116      104      88       163      111      230      198      0        88       190      
19       1800     74       77       110      115      74       66       107      110      105      35       142      41       84       93       31       163      114      88       0        116      
20       5220     54       152      128      83       173      131      154      136      144      131      173      86       197      28       120      50       38       190      116      0        
;

