

sets
i        orders          /0*40/
k        routes          /1*40/
p        positions       /0*40/
;

alias(i,j)
alias(i,h)
alias(i,hh)
alias(i,jj)
alias(k,kk)
                            Parameters

rho(i)	Processing time
/
0	0
1	35
2	33
3	23
4	47
5	98
6	89
7	62
8	53
9	70
10	2
11	96
12	47
13	75
14	96
15	63
16	38
17	17
18	42
19	36
20	73
21	48
22	77
23	19
24	10
25	69
26	63
27	20
28	8
29	7
30	63
31	39
32	84
33	13
34	61
35	18
36	89
37	69
38	3
39	21
40	31
/

gamma(i)	Duedate
/
0	0
1	42
2	32
3	59
4	7
5	43
6	36
7	44
8	62
9	97
10	88
11	74
12	65
13	96
14	25
15	60
16	99
17	71
18	91
19	78
20	3
21	93
22	34
23	59
24	21
25	10
26	76
27	96
28	50
29	29
30	33
31	21
32	5
33	25
34	22
35	94
36	54
37	31
38	17
39	24
40	94
/

sigma(i)	Size
/
0	0
1	5
2	4
3	9
4	8
5	1
6	4
7	6
8	2
9	8
10	3
11	8
12	9
13	4
14	8
15	7
16	7
17	3
18	6
19	8
20	4
21	2
22	8
23	8
24	9
25	7
26	1
27	4
28	8
29	2
30	4
31	4
32	3
33	9
34	3
35	7
36	8
37	8
38	5
39	5
40	2
/

epsilon(i)	Priority
/
0	0
1	6
2	3
3	8
4	1
5	2
6	2
7	3
8	8
9	6
10	8
11	1
12	1
13	4
14	8
15	7
16	8
17	9
18	4
19	2
20	2
21	5
22	5
23	2
24	1
25	9
26	9
27	7
28	6
29	6
30	6
31	5
32	7
33	5
34	5
35	9
36	3
37	5
38	2
39	4
40	6
/

psi	Vehicle Capacity
/ 87 /
;

Table kappa(i,j)                 Setup
         0        1        2        3        4        5        6        7        8        9        10       11       12       13       14       15       16       17       18       19       20       21       22       23       24       25       26       27       28       29       30       31       32       33       34       35       36       37       38       39       40       
0        0        322      175      228      262      232      211      327      298      200      131      145      145      114      320      255      92       292      41       209      170      199      341      63       8        151      178      182      215      39       326      307      240      150      130      309      212      184      83       132      125      
1        322      0        408      157      84       303      389      203      88       366      352      192      285      290      282      158      328      53       363      324      234      472      84       264      314      259      455      142      147      322      241      356      127      429      199      48       308      203      365      190      360      
2        175      408      0        371      377      157      62       314      348      72       58       286      318      120      261      277      95       361      177      120      177      73       390      217      180      320      66       274      352      139      291      200      372      61       268      376      387      208      93       245      55       
3        228      157      371      0        73       328      377      303      203      356      313      86       137      256      356      227      277      167      261      331      237      417      226      166      220      112      397      125      23       246      330      400      30       368      103      180      151      217      298      129      316      
4        262      84       377      73       0        303      371      246      137      348      319      120      203      257      311      179      288      98       300      315      219      433      155      200      253      177      414      104      63       269      278      368      43       387      132      109      224      192      318      136      325      
5        232      303      157      328      303      0        106      161      224      86       132      260      338      118      104      148      149      251      260      37       91       231      260      233      231      328      222      204      305      196      135      77       317      210      244      261      404      112      191      207      145      
6        211      389      62       377      371      106      0        268      319      23       79       295      346      122      206      244      119      339      222      72       155      130      358      240      214      344      127      266      356      172      241      138      373      123      278      351      415      186      138      248      87       
7        327      203      314      303      246      161      268      0        115      247      275      273      376      230      88       80       274      155      365      196      160      387      129      295      322      356      377      192      281      302      41       177      279      359      266      154      428      143      320      230      287      
8        298      88       348      203      137      224      319      115      0        296      296      199      303      237      193      76       279      40       340      249      170      417      43       249      291      279      401      122      184      287      152      270      175      378      199      40       343      140      322      172      306      
9        200      366      72       356      348      86       23       247      296      0        71       276      331      103      189      221      107      315      215      50       132      145      335      224      202      328      139      244      335      161      221      128      352      131      258      328      400      162      133      227      81       
10       131      352      58       313      319      132      79       275      296      71       0        229      269      63       235      228      40       307      144      98       126      121      338      164      134      268      105      216      294      92       258      193      314      85       211      321      338      156      63       187      13       
11       145      192      286      86       120      260      295      273      199      276      229      0        105      173      307      192      191      176      181      257      169      331      235      82       137      83       311      82       70       160      291      336      95       282      18       193      155      156      212      53       231      
12       145      285      318      137      203      338      346      376      303      331      269      105      0        231      402      295      228      278      161      326      253      343      337      108      138      25       322      186      139      179      391      416      164      294      109      294      69       248      228      147      266      
13       114      290      120      256      257      118      122      230      237      103      63       173      231      0        209      173      44       245      144      97       71       182      280      122      113      225      165      153      235      79       222      193      254      141      156      260      299      98       90       127      70       
14       320      282      261      356      311      104      206      88       193      189      235      307      402      209      0        132      247      230      353      141      153      334      215      306      318      386      327      233      333      288      47       92       337      315      296      234      462      153      292      256      248      
15       255      158      277      227      179      148      244      80       76       221      228      192      295      173      132      0        217      105      295      174      102      348      114      218      249      275      334      111      205      236      102      198      206      312      185      113      348      75       263      149      239      
16       92       328      95       277      288      149      119      274      279      107      40       191      228      44       247      217      0        285      112      121      116      145      323      124      95       228      127      187      258      53       264      219      279      101      173      301      297      142      46       152      40       
17       292      53       361      167      98       251      339      155      40       315      307      176      278      245      230      105      285      0        333      272      185      427      60       237      284      253      411      109      150      285      191      303      139      386      179      17       313      154      325      160      316      
18       41       363      177      261      300      260      222      365      340      215      144      181      161      144      353      295      112      333      0        233      206      185      382      100      48       172      164      223      250      64       362      331      276      138      168      350      224      222      84       173      135      
19       209      324      120      331      315      37       72       196      249      50       98       257      326      97       141      174      121      272      233      0        96       194      288      219      209      319      186      212      309      171      171      98       323      173      240      283      394      123      159      205      110      
20       170      234      177      237      219      91       155      160      170      132      126      169      253      71       153      102      116      185      206      96       0        246      212      152      166      240      232      116      215      143      156      167      228      210      154      198      317      31       162      115      137      
21       199      472      73       417      433      231      130      387      417      145      121      331      343      182      334      348      145      427      185      194      246      0        459      254      206      350      21       333      400      172      365      267      423      49       314      442      408      277      119      297      111      
22       341      84       390      226      155      260      358      129      43       335      338      235      337      280      215      114      323      60       382      288      212      459      0        290      334      313      444      162      210      330      170      298      197      421      236      46       373      182      366      213      349      
23       63       264      217      166      200      233      240      295      249      224      164      82       108      122      306      218      124      237      100      219      152      254      290      0        54       104      233      128      152      81       302      311      177      204      67       254      176      155      134      77       163      
24       8        314      180      220      253      231      214      322      291      202      134      137      138      113      318      249      95       284      48       209      166      206      334      54       0        144      185      174      206      42       322      307      232      157      122      301      206      179      89       124      129      
25       151      259      320      112      177      328      344      356      279      328      268      83       25       225      386      275      228      253      172      319      240      350      313      104      144      0        329      165      114      181      373      406      138      301      90       269      76       233      233      130      267      
26       178      455      66       397      414      222      127      377      401      139      105      311      322      165      327      334      127      411      164      186      232      21       444      233      185      329      0        315      380      151      356      265      403      28       293      426      387      261      98       278      95       
27       182      142      274      125      104      204      266      192      122      244      216      82       186      153      233      111      187      109      223      212      116      333      162      128      174      165      315      0        102      179      212      275      112      288      78       126      236      92       223      51       223      
28       215      147      352      23       63       305      356      281      184      335      294      70       139      235      333      205      258      150      250      309      215      400      210      152      206      114      380      102      0        230      308      377      26       352      86       164      163      193      282      108      297      
29       39       322      139      246      269      196      172      302      287      161      92       160      179      79       288      236      53       285      64       171      143      172      330      81       42       181      151      179      230      0        298      270      254      123      143      302      247      161      52       134      87       
30       326      241      291      330      278      135      241      41       152      221      258      291      391      222      47       102      264      191      362      171      156      365      170      302      322      373      356      212      308      298      0        139      308      341      282      192      447      146      309      244      271      
31       307      356      200      400      368      77       138      177      270      128      193      336      416      193      92       198      219      303      331      98       167      267      298      311      307      406      265      275      377      270      139      0        386      259      321      309      482      183      256      282      205      
32       240      127      372      30       43       317      373      279      175      352      314      95       164      254      337      206      279      139      276      323      228      423      197      177      232      138      403      112      26       254      308      386      0        375      111      151      181      204      305      127      318      
33       150      429      61       368      387      210      123      359      378      131      85       282      294      141      315      312      101      386      138      173      210      49       421      204      157      301      28       288      352      123      341      259      375      0        265      401      360      239      70       250      73       
34       130      199      268      103      132      244      278      266      199      258      211      18       109      156      296      185      173      179      168      240      154      314      236      67       122      90       293      78       86       143      282      321      111      265      0        196      166      143      195      39       213      
35       309      48       376      180      109      261      351      154      40       328      321      193      294      260      234      113      301      17       350      283      198      442      46       254      301      269      426      126      164      302      192      309      151      401      196      0        327      167      341      177      331      
36       212      308      387      151      224      404      415      428      343      400      338      155      69       299      462      348      297      313      224      394      317      408      373      176      206      76       387      236      163      247      447      482      181      360      166      327      0        309      295      205      335      
37       184      203      208      217      192      112      186      143      140      162      156      156      248      98       153      75       142      154      222      123      31       277      182      155      179      233      261      92       193      161      146      183      204      239      143      167      309      0        187      103      166      
38       83       365      93       298      318      191      138      320      322      133      63       212      228      90       292      263      46       325      84       159      162      119      366      134      89       233      98       223      282      52       309      256      305      70       195      341      295      187      0        182      52       
39       132      190      245      129      136      207      248      230      172      227      187      53       147      127      256      149      152      160      173      205      115      297      213      77       124      130      278      51       108      134      244      282      127      250      39       177      205      103      182      0        191      
40       125      360      55       316      325      145      87       287      306      81       13       231      266      70       248      239      40       316      135      110      137      111      349      163      129      267      95       223      297      87       271      205      318      73       213      331      335      166      52       191      0        
;



Table delta(i,j)                 Distance
         0        1        2        3        4        5        6        7        8        9        10       11       12       13       14       15       16       17       18       19       20       21       22       23       24       25       26       27       28       29       30       31       32       33       34       35       36       37       38       39       40       
0        0        260      272      254      195      224      117      66       190      154      217      205      178      45       203      106      172      155      10       283      142      191      266      324      206      247      245      317      161      215      91       196      188      100      237      120      63       178      140      67       115      
1        260      0        239      7        403      109      144      326      102      117      63       126      81       233      58       340      88       392      267      54       368      133      165      263      279      152      41       76       129      283      220      276      304      263      152      379      233      417      346      288      145      
2        272      239      0        233      278      131      236      318      283      179      183      121      221      286      210      271      227      306      270      203      414      123      78       52       103      87       268      312      284      98       313      109      429      349      356      371      301      326      244      240      236      
3        254      7        233      0        396      103      138      320      101      110      55       119      75       228      51       334      82       385      261      53       364      126      160      257      272      146      43       83       126      276      216      269      302      259      153      373      228      410      339      281      140      
4        195      403      278      396      0        320      285      169      367      287      344      297      331      240      346      90       329      62       184      404      270      284      324      323      175      313      404      475      343      180      287      169      372      289      425      185      258      64       58       132      284      
5        224      109      131      103      320      0        138      287      159      76       52       23       99       216      81       275      107      323      228      86       358      37       65       162      175      46       137      185      168      178      226      173      335      268      231      343      225      347      268      227      138      
6        117      144      236      138      285      138      0        183      81       62       111      128      63       89       90       209      56       261      125      175      229      118      198      282      217      176      128      200      61       225      88       209      198      131      145      234      92       286      227      157      1        
7        66       326      318      320      169      287      183      0        253      220      283      267      244      100      269      82       239      115      60       349      108      252      324      371      237      305      310      382      223      246      139      227      203      126      292      56       111      134      128      80       181      
8        190      102      283      101      367      159      81       253      0        107      111      162      61       153      79       289      55       341      200      152      275      159      225      320      286      206      68       133      31       293      126      280      201      167      74       300      146      365      308      238      82       
9        154      117      179      110      287      76       62       220      107      0        63       66       50       141      59       224      53       276      160      129      283      57       136      222      180      114      120      188      104      187      149      175      260      191      181      275      148      301      229      172      62       
10       217      63       183      55       344      52       111      283      111      63       0        64       56       199      31       286      65       337      223      66       340      70       117      214      216      99       85       139      125      220      197      213      299      241      179      337      203      362      288      235      112      
11       205      126      121      119      297      23       128      267      162      66       64       0        100      201      88       252      107      300      208      108      342      15       69       159      154      48       149      202      166      158      214      152      327      256      235      323      211      324      245      204      128      
12       178      81       221      75       331      99       63       244      61       50       56       100      0        152      28       263      8        315      186      113      291      97       165      259      231      145      73       144      70       237      144      225      243      188      135      297      154      340      273      210      64       
13       45       233      286      228      240      216      89       100      153      141      199      201      152      0        179      152      145      200      56       264      142      188      267      337      234      247      213      284      122      243      46       224      152      65       193      148      19       223      185      110      88       
14       203      58       210      51       346      81       90       269      79       59       31       88       28       179      0        282      37       334      210      85       319      90       147      243      232      128      63       129      95       237      173      228      270      217      149      323      182      359      289      229      91       
15       106      340      271      334      90       275      209      82       289      224      286      252      263      152      282      0        259      52       96       351      189      237      296      323      177      281      335      407      263      185      198      168      282      198      342      113      169      77       46       52       208      
16       172      88       227      82       329      107      56       239      55       53       65       107      8        145      37       259      0        311      180      122      283      103      173      266      233      152      75       147      61       240      136      228      234      180      129      291      146      336      271      206      57       
17       155      392      306      385      62       323      261      115      341      276      337      300      315      200      334      52       311      0        145      401      209      285      339      355      205      325      387      459      314      212      245      197      319      240      392      123      216      25       62       104      260      
18       10       267      270      261      184      228      125      60       200      160      223      208      186      56       210      96       180      145      0        289      143      193      268      323      201      248      253      326      171      210      102      191      196      109      247      115      73       168      130      57       124      
19       283      54       203      53       404      86       175      349      152      129      66       108      113      264      85       351      122      401      289      0        404      121      125      220      261      117      96       112      175      264      258      260      351      302      206      404      267      426      350      300      176      
20       142      368      414      364      270      358      229      108      275      283      340      342      291      142      319      189      283      209      143      404      0        328      406      467      341      386      342      408      244      351      149      332      137      109      287      88       137      220      235      186      228      
21       191      133      123      126      284      37       118      252      159      57       70       15       97       188      90       237      103      285      193      121      328      0        80       165      146      59       152      210      161      150      203      143      317      244      233      308      199      310      231      189      118      
22       266      165      78       160      324      65       198      324      225      136      117      69       165      267      147      296      173      339      268      125      406      80       0        98       157      21       198      236      234      156      284      159      396      325      296      379      279      361      279      254      198      
23       324      263      52       257      323      162      282      371      320      222      214      159      259      337      243      323      266      355      323      220      467      165      98       0        150      115      297      332      325      144      362      157      478      399      393      423      351      374      293      292      281      
24       206      279      103      272      175      175      217      237      286      180      216      154      231      234      232      177      233      205      201      261      341      146      157      150      0        152      296      356      276      9        272      9        386      299      359      284      252      224      143      157      216      
25       247      152      87       146      313      46       176      305      206      114      99       48       145      247      128      281      152      325      248      117      386      59       21       115      152      0        183      225      213      152      262      152      375      303      277      361      258      348      266      237      176      
26       245      41       268      43       404      137      128      310      68       120      85       149      73       213      63       335      75       387      253      96       342      152      198      297      296      183      0        72       98       301      192      291      267      234      110      361      209      412      346      282      129      
27       317      76       312      83       475      185      200      382      133      188      139      202      144      284      129      407      147      459      326      112      408      210      236      332      356      225      72       0        164      360      260      352      320      299      143      432      279      484      417      354      202      
28       161      129      284      126      343      168      61       223      31       104      125      166      70       122      95       263      61       314      171      175      244      161      234      325      276      213      98       164      0        283      95       269      176      135      84       269      115      338      284      212      62       
29       215      283      98       276      180      178      225      246      293      187      220      158      237      243      237      185      240      212      210      264      351      150      156      144      9        152      301      360      283      0        280      19       395      308      366      293      261      230      150      166      224      
30       91       220      313      216      287      226      88       139      126      149      197      214      144      46       173      198      136      245      102      258      149      203      284      362      272      262      192      260      95       280      0        262      117      43       153      179      29       267      231      157      87       
31       196      276      109      269      169      173      209      227      280      175      213      152      225      224      228      168      228      197      191      260      332      143      159      157      9        152      291      352      269      19       262      0        377      289      352      275      242      217      135      147      208      
32       188      304      429      302      372      335      198      203      201      260      299      327      243      152      270      282      234      319      196      351      137      317      396      478      386      375      267      320      176      395      117      377      0        88       180      214      134      336      323      254      198      
33       100      263      349      259      289      268      131      126      167      191      241      256      188      65       217      198      180      240      109      302      109      244      325      399      299      303      234      299      135      308      43       289      88       0        181      154      48       260      238      166      130      
34       237      152      356      153      425      231      145      292      74       181      179      235      135      193      149      342      129      392      247      206      287      233      296      393      359      277      110      143      84       366      153      352      180      181      0        331      180      416      367      293      146      
35       120      379      371      373      185      343      234      56       300      275      337      323      297      148      323      113      291      123      115      404      88       308      379      423      284      361      361      432      269      293      179      275      214      154      331      0        154      133      159      130      233      
36       63       233      301      228      258      225      92       111      146      148      203      211      154      19       182      169      146      216      73       267      137      199      279      351      252      258      209      279      115      261      29       242      134      48       180      154      0        238      203      129      91       
37       178      417      326      410      64       347      286      134      365      301      362      324      340      223      359      77       336      25       168      426      220      310      361      374      224      348      412      484      338      230      267      217      336      260      416      133      238      0        82       129      284      
38       140      346      244      339      58       268      227      128      308      229      288      245      273      185      289      46       271      62       130      350      235      231      279      293      143      266      346      417      284      150      231      135      323      238      367      159      203      82       0        74       225      
39       67       288      240      281      132      227      157      80       238      172      235      204      210      110      229      52       206      104      57       300      186      189      254      292      157      237      282      354      212      166      157      147      254      166      293      130      129      129      74       0        156      
40       115      145      236      140      284      138      1        181      82       62       112      128      64       88       91       208      57       260      124      176      228      118      198      281      216      176      129      202      62       224      87       208      198      130      146      233      91       284      225      156      0        
;

