

sets
i        orders          /0*10/
k        routes          /1*10/
p        positions       /0*10/
;

alias(i,j)
alias(i,h)
alias(i,hh)
alias(i,jj)
alias(k,kk)
                            Parameters

rho(i)	Processing time
/
0	0
1	48
2	52
3	20
4	96
5	35
6	13
7	55
8	30
9	20
10	24
/

gamma(i)	Duedate
/
0	0
1	63
2	49
3	82
4	70
5	36
6	67
7	7
8	52
9	25
10	65
/

sigma(i)	Size
/
0	0
1	4
2	9
3	5
4	3
5	7
6	6
7	3
8	7
9	3
10	6
/

epsilon(i)	Priority
/
0	0
1	7
2	6
3	4
4	3
5	4
6	6
7	8
8	8
9	7
10	4
/

psi	Vehicle Capacity
/ 19 /
;

Table kappa(i,j)                 Setup
         0        1        2        3        4        5        6        7        8        9        10       
0        0        63       24       76       108      55       103      63       55       41       57       
1        63       0        50       84       44       39       42       42       17       30       75       
2        24       50       0        91       94       58       92       66       36       40       73       
3        76       84       91       0        108      45       96       42       93       58       20       
4        108      44       94       108      0        69       14       68       58       71       107      
5        55       39       58       45       69       0        59       8        49       18       38       
6        103      42       92       96       14       59       0        56       58       63       96       
7        63       42       66       42       68       8        56       0        55       26       39       
8        55       17       36       93       58       49       58       55       0        35       81       
9        41       30       40       58       71       18       63       26       35       0        46       
10       57       75       73       20       107      38       96       39       81       46       0        
;



Table delta(i,j)                 Distance
         0        1        2        3        4        5        6        7        8        9        10       
0        0        6450     6270     8850     5190     6600     5850     6300     7620     450      11130    
1        6450     0        120      94       65       147      137      164      81       224      167      
2        6270     120      0        126      159      254      25       45       202      223      189      
3        8850     94       126      0        159      231      151      169      143      306      76       
4        5190     65       159      159      0        95       167      195      81       179      231      
5        6600     147      254      231      95       0        263      290      95       219      293      
6        5850     137      25       151      167      263      0        27       219      209      214      
7        6300     164      45       169      195      290      27       0        246      225      225      
8        7620     81       202      143      81       95       219      246      0        259      198      
9        450      224      223      306      179      219      209      225      259      0        382      
10       11130    167      189      76       231      293      214      225      198      382      0        
;

