

sets
i        orders          /0*20/
k        routes          /1*20/
p        positions       /0*20/
;

alias(i,j)
alias(i,h)
alias(i,hh)
alias(i,jj)
alias(k,kk)
                            Parameters

rho(i)	Processing time
/
0	0
1	85
2	67
3	70
4	54
5	59
6	51
7	37
8	97
9	66
10	44
11	14
12	76
13	95
14	80
15	17
16	60
17	78
18	54
19	62
20	55
/

gamma(i)	Duedate
/
0	0
1	53
2	95
3	83
4	8
5	1
6	67
7	1
8	62
9	22
10	62
11	18
12	7
13	46
14	80
15	84
16	44
17	9
18	55
19	16
20	13
/

sigma(i)	Size
/
0	0
1	6
2	6
3	5
4	4
5	2
6	1
7	5
8	8
9	5
10	1
11	4
12	2
13	3
14	2
15	6
16	1
17	6
18	8
19	8
20	8
/

epsilon(i)	Priority
/
0	0
1	1
2	9
3	1
4	4
5	9
6	3
7	9
8	8
9	6
10	2
11	9
12	2
13	4
14	1
15	4
16	4
17	9
18	1
19	8
20	2
/

psi	Vehicle Capacity
/ 127 /
;

Table kappa(i,j)                 Setup
         0        1        2        3        4        5        6        7        8        9        10       11       12       13       14       15       16       17       18       19       20       
0        0        615      727      591      430      703      284      431      418      488      580      282      98       831      191      570      138      185      872      205      602      
1        615      0        228      261      962      119      507      902      575      154      536      360      691      230      542      745      747      700      537      797      365      
2        727      228      0        489      994      300      531      913      539      361      428      525      781      335      706      668      866      851      317      927      594      
3        591      261      489      0        1003     229      608      971      720      179      738      311      686      327      446      907      696      603      796      725      104      
4        430      962      994      1003     0        1070     466      113      480      870      660      692      331      1192     618      482      396      539      1010     437      1026     
5        703      119      300      229      1070     0        621      1014     694      215      652      430      785      127      604      864      829      765      618      873      329      
6        284      507      531      608      466      621      0        395      145      444      295      339      289      737      401      327      406      465      606      480      664      
7        431      902      913      971      113      1014     395      0        384      824      556      666      339      1132     621      368      433      572      906      488      1005     
8        418      575      539      720      480      694      145      384      0        546      187      476      401      798      547      189      527      603      532      601      786      
9        488      154      361      179      870      215      444      824      546      0        559      215      573      343      393      731      613      552      645      657      266      
10       580      536      428      738      660      652      295      556      187      559      0        561      578      735      675      245      700      758      350      774      822      
11       282      360      525      311      692      430      339      666      476      215      561      0        375      558      183      665      400      340      753      442      339      
12       98       691      781      686      331      785      289      339      401      573      578      375      0        912      287      527      128      241      894      202      700      
13       831      230      335      327      1192     127      737      1132     798      343      735      558      912      0        730      960      957      891      641      1000     415      
14       191      542      706      446      618      604      401      621      547      393      675      183      287      730      0        721      256      161      913      279      434      
15       570      745      668      907      482      864      327      368      189      731      245      665      527      960      721      0        655      754      571      727      976      
16       138      747      866      696      396      829      406      433      527      613      700      400      128      957      256      655      0        143      1005     74       691      
17       185      700      851      603      539      765      465      572      603      552      758      340      241      891      161      754      143      0        1032     130      581      
18       872      537      317      796      1010     618      606      906      532      645      350      753      894      641      913      571      1005     1032     0        1076     898      
19       205      797      927      725      437      873      480      488      601      657      774      442      202      1000     279      727      74       130      1076     0        709      
20       602      365      594      104      1026     329      664      1005     786      266      822      339      700      415      434      976      691      581      898      709      0        
;



Table delta(i,j)                 Distance
         0        1        2        3        4        5        6        7        8        9        10       11       12       13       14       15       16       17       18       19       20       
0        0        376      157      144      277      505      518      489      359      190      214      40       95       223      112      104      344      322      436      586      492      
1        376      0        245      294      101      149      309      238      101      459      168      404      301      441      470      335      59       179      542      474      120      
2        157      245      0        177      160      389      364      331      263      218      123      194      136      211      268      181      201      165      375      453      350      
3        144      294      177      0        196      397      518      470      246      322      132      145      54       342      191      49       284      315      539      626      414      
4        277      101      160      196      0        232      352      292      106      378      66       303      200      369      368      235      90       170      503      494      220      
5        505      149      389      397      232      0        403      327      151      606      291      526      419      590      586      444      207      323      686      581      128      
6        518      309      364      518      352      403      0        75       409      477      396      557      493      430      630      538      270      203      387      180      277      
7        489      238      331      470      292      327      75       0        339      476      343      526      451      434      600      495      205      166      428      254      202      
8        359      101      263      246      106      151      409      339      0        481      149      378      270      474      435      293      144      257      606      569      197      
9        190      459      218      322      378      606      477      476      481      0        335      217      267      54       258      291      408      328      266      484      553      
10       214      168      123      132      66       291      396      343      149      335      0        237      133      334      302      168      152      199      492      522      287      
11       40       404      194      145      303      526      557      526      378      217      237      0        107      255      73       98       375      360      471      626      521      
12       95       301      136      54       200      419      493      451      270      267      133      107      0        288      169      45       279      289      487      589      420      
13       223      441      211      342      369      590      430      434      474      54       334      255      288      0        304      317      387      296      217      430      527      
14       112      470      268      191      368      586      630      600      435      258      302      73       169      304      0        143      445      433      522      695      588      
15       104      335      181      49       235      444      538      495      293      291      168      98       45       317      143      0        318      334      523      634      455      
16       344      59       201      284      90       207      270      205      144      408      152      375      279      387      445      318      0        120      482      425      149      
17       322      179      165      315      170      323      203      166      257      328      199      360      289      296      433      334      120      0        363      325      236      
18       436      542      375      539      503      686      387      428      606      266      492      471      487      217      522      523      482      363      0        297      589      
19       586      474      453      626      494      581      180      254      569      484      522      626      589      430      695      634      425      325      297      0        456      
20       492      120      350      414      220      128      277      202      197      553      287      521      420      527      588      455      149      236      589      456      0        
;

