
sets
i        orders          /0*20/
k        routes          /1*20/
p        positions       /0*20/
;

alias(i,j)
alias(i,h)
alias(i,hh)
alias(i,jj)
alias(k,kk)
                
                    Parameters

rho(i)	Processing time
/
0	0
1	12
2	24
3	4
4	73
5	88
6	42
7	69
8	2
9	31
10	87
11	59
12	5
13	75
14	86
15	55
16	63
17	54
18	2
19	33
20	87
/

gamma(i)	Duedate
/
0	0
1	71
2	23
3	77
4	32
5	98
6	46
7	93
8	37
9	40
10	96
11	94
12	3
13	76
14	22
15	81
16	4
17	25
18	71
19	64
20	77
/

sigma(i)	Size
/
0	0
1	2
2	7
3	3
4	8
5	9
6	2
7	1
8	7
9	6
10	8
11	8
12	2
13	1
14	1
15	9
16	4
17	6
18	9
19	5
20	6
/

epsilon(i)	Priority
/
0	0
1	1
2	7
3	6
4	2
5	7
6	4
7	3
8	3
9	7
10	7
11	4
12	2
13	1
14	7
15	8
16	8
17	8
18	5
19	6
20	8
/

psi	Vehicle Capacity
/ 37 /
;

Table kappa(i,j)                 Setup
         0        1        2        3        4        5        6        7        8        9        10       11       12       13       14       15       16       17       18       19       20       
0        0        379      434      385      59       218      390      212      162      212      201      200      192      136      253      319      270      141      310      123      87       
1        379      0        119      121      321      238      39       369      222      167      280      337      396      281      176      104      237      326      283      259      321      
2        434      119      0        53       374      242      80       361      272      240      380      333      396      311      281      114      348      414      398      310      395      
3        385      121      53       0        325      188      85       307      225      201      349      280      342      259      256      70       327      377      381      263      353      
4        59       321      374      325      0        164      331      185      102      156      180      166      177      83       209      259      239      135      287      63       75       
5        218      238      242      188      164      0        229      130      98       141      275      99       159      82       233      141      297      267      357      116      220      
6        390      39       80       85       331      229      0        358      229      183      309      328      389      282      207      88       271      350      319      268      340      
7        212      369      361      307      185      130      358      0        192      254      353      32       39       126      341      269      395      320      451      182      260      
8        162      222      272      225      102      98       229      192      0        66       177      162      205      70       149      158      205      171      263      38       132      
9        212      167      240      201      156      141      183      254      66       0        154      222      269      136      92       131      158      175      218      98       157      
10       201      280      380      349      180      275      309      353      177      154      0        326      353      228      104      281      76       69       108      172      114      
11       200      337      333      280      166      99       328      32       162      222      326      0        62       98       311      239      366      297      422      154      240      
12       192      396      396      342      177      159      389      39       205      269      353      62       0        134      353      300      401      313      455      187      252      
13       136      281      311      259      83       82       282      126      70       136      228      98       134      0        218      199      269      203      325      56       149      
14       253      176      281      256      209      233      207      341      149      92       104      311      353      218      0        193      72       159      130      168      174      
15       319      104      114      70       259      141      88       269      158      131      281      239      300      199      193      0        265      306      322      196      283      
16       270      237      348      327      239      297      271      395      205      158      76       366      401      269      72       265      0        145      59       214      184      
17       141      326      414      377      135      267      350      320      171      175      69       297      313      203      159      306      145      0        173      152      60       
18       310      283      398      381      287      357      319      451      263      218      108      422      455      325      130      322      59       173      0        269      223      
19       123      259      310      263      63       116      268      182      38       98       172      154      187      56       168      196      214      152      269      0        103      
20       87       321      395      353      75       220      340      260      132      157      114      240      252      149      174      283      184      60       223      103      0        
;



Table delta(i,j)                 Distance
         0        1        2        3        4        5        6        7        8        9        10       11       12       13       14       15       16       17       18       19       20       
0        0        2520     3100     3190     2670     1260     4190     3660     1960     5050     1710     2870     2310     2190     3540     2580     3270     5540     2420     2240     1780     
1        2520     0        278      160      31       337      487      387      378      597      179      106      347      61       451      123      369      611      198      469      111      
2        3100     278      0        437      309      278      222      113      258      335      148      383      173      221      211      156      110      336      86       419      332      
3        3190     160      437      0        131      435      639      544      492      746      321      54       482      216      596      284      523      767      354      541      144      
4        2670     31       309      131      0        359      518      419      403      628      209      77       376      92       481      154      400      642      229      488      109      
5        1260     337      278      435      359      0        320      294      72       392      188      396      137      287      249      296      252      451      242      147      291      
6        4190     487      222      639      518      320      0        110      255      112      319      587      188      426      74       373      117      134      290      407      514      
7        3660     387      113      544      419      294      110      0        247      222      233      491      158      328      122      268      41       223      190      413      428      
8        1960     378      258      492      403      72       255      247      0        320      209      449      90       322      182      314      205      382      245      167      348      
9        5050     597      335      746      628      392      112      222      320      0        425      695      276      535      153      484      229      88       401      446      616      
10       1710     179      148      321      209      188      319      233      209      425      0        270      167      119      275      108      205      450      71       335      196      
11       2870     106      383      54       77       396      587      491      449      695      270      0        434      162      545      230      470      714      301      511      109      
12       2310     347      173      482      376      137      188      158      90       276      167      434      0        287      123      259      116      322      180      257      345      
13       2190     61       221      216      92       287      426      328      322      535      119      162      287      0        389      74       309      551      138      426      127      
14       3540     451      211      596      481      249      74       122      182      153      275      545      123      389      0        346      102      202      261      333      464      
15       2580     123      156      284      154      296      373      268      314      484      108      230      259      74       346      0        255      492      85       442      201      
16       3270     369      110      523      400      252      117      41       205      229      205      470      116      309      102      255      0        244      172      372      401      
17       5540     611      336      767      642      451      134      223      382      88       450      714      322      551      202      492      244      0        413      521      646      
18       2420     198      86       354      229      242      290      190      245      401      71       301      180      138      261      85       172      413      0        390      246      
19       2240     469      419      541      488      147      407      413      167      446      335      511      257      426      333      442      372      521      390      0        402      
20       1780     111      332      144      109      291      514      428      348      616      196      109      345      127      464      201      401      646      246      402      0        
;

