
sets
i        orders          /0*20/
k        routes          /1*20/
p        positions       /0*20/
;

alias(i,j)
alias(i,h)
alias(i,hh)
alias(i,jj)
alias(k,kk)
                
                    Parameters

rho(i)	Processing time
/
0	0
1	24
2	6
3	39
4	4
5	92
6	48
7	74
8	97
9	59
10	67
11	56
12	71
13	16
14	90
15	7
16	23
17	42
18	43
19	61
20	97
/

gamma(i)	Duedate
/
0	0
1	27
2	38
3	26
4	8
5	65
6	58
7	35
8	30
9	72
10	15
11	52
12	93
13	31
14	41
15	20
16	37
17	67
18	62
19	76
20	41
/

sigma(i)	Size
/
0	0
1	9
2	5
3	2
4	6
5	6
6	2
7	9
8	3
9	4
10	5
11	9
12	7
13	8
14	5
15	2
16	1
17	8
18	2
19	9
20	9
/

epsilon(i)	Priority
/
0	0
1	1
2	6
3	9
4	5
5	9
6	3
7	2
8	5
9	1
10	9
11	7
12	6
13	9
14	9
15	8
16	5
17	1
18	5
19	7
20	5
/

psi	Vehicle Capacity
/ 39 /
;

Table kappa(i,j)                 Setup
         0        1        2        3        4        5        6        7        8        9        10       11       12       13       14       15       16       17       18       19       20       
0        0        62       287      185      159      328      150      138      191      285      289      194      224      76       99       144      107      220      80       147      128      
1        62       0        278      248      121      343      144      197      249      228      235      222      286      120      62       92       144      232      94       163      68       
2        287      278      0        385      389      131      422      390      312      257      230      166      388      237      338      347      213      103      207      433      255      
3        185      248      385      0        318      358      268      77       93       464      462      226      50       166      269      319      178      285      215      225      312      
4        159      121      389      318      0        464      77       247      347      262      281      343      365      233      61       46       261      353      215      130      137      
5        328      343      131      358      464      0        477      389      268      383      358      141      344      257      405      428      225      110      252      473      344      
6        150      144      422      268      77       477      0        192      315      331      348      344      318      226      89       113      257      367      225      54       188      
7        138      197      390      77       247      389      192      0        149      424      427      248      128      154      205      255      177      300      194      148      266      
8        191      249      312      93       347      268      315      149      0        437      429      146      77       136      289      335      130      208      184      283      302      
9        285      228      257      464      262      383      331      424      437      0        31       337      494      304      249      218      307      300      254      373      160      
10       289      235      230      462      281      358      348      427      429      31       0        322      490      299      263      237      299      280      249      386      168      
11       194      222      166      226      343      141      344      248      146      337      322      0        223      118      282      314      87       62       128      335      245      
12       224      286      388      50       365      344      318      128      77       494      490      223      0        190      314      363      194      285      241      276      348      
13       76       120      237      166      233      257      226      154      136      304      299      118      190      0        172      211      31       154      50       216      167      
14       99       62       338      269      61       405      89       205      289      249      263      282      314      172      0        50       199      294      154      123      99       
15       144      92       347      319      46       428      113      255      335      218      237      314      363      211      50       0        236      318      185      160      92       
16       107      144      213      178      261      225      257      177      130      307      299      87       194      31       199      236      0        124      57       248      182      
17       220      232      103      285      353      110      367      300      208      300      280      62       285      154      294      318      124      0        142      367      237      
18       80       94       207      215      215      252      225      194      184      254      249      128      241      50       154      185      57       142      0        227      124      
19       147      163      433      225      130      473      54       148      283      373      386      335      276      216      123      160      248      367      227      0        220      
20       128      68       255      312      137      344      188      266      302      160      168      245      348      167      99       92       182      237      124      220      0        
;



Table delta(i,j)                 Distance
         0        1        2        3        4        5        6        7        8        9        10       11       12       13       14       15       16       17       18       19       20       
0        0        2220     4690     1650     2680     2670     4070     5680     5760     740      4470     5450     3110     930      2250     3870     2070     1010     3730     5040     3880     
1        2220     0        329      77       203      323      313      610      576      224      277      601      333      199      3        343      348      172      570      434      448      
2        4690     329      0        398      207      327      100      452      366      512      79       467      283      386      328      183      439      476      676      170      375      
3        1650     77       398      0        244      332      370      633      611      152      351      619      355      173      80       386      329      96       532      488      461      
4        2680     203      207      244      0        158      139      412      372      321      207      407      144      181      203      142      246      296      489      247      263      
5        2670     323      327      332      158      0        230      306      309      339      352      288      56       181      325      166      122      341      349      279      129      
6        4070     313      100      370      139      230      0        368      295      460      152      378      183      317      313      84       347      433      580      122      275      
7        5680     610      452      633      412      306      368      0        112      642      519      43       279      487      612      293      377      647      472      292      180      
8        5760     576      366      611      372      309      295      112      0        647      439      149      265      487      576      235      408      642      549      197      210      
9        740      224      512      152      321      339      460      642      647      0        480      619      381      160      228      450      281      57       426      564      461      
10       4470     277      79       351      207      352      152      519      439      480      0        530      317      373      275      234      453      437      695      246      422      
11       5450     601      467      619      407      288      378      43       149      619      530      0        268      466      603      299      347      627      430      314      159      
12       3110     333      283      355      144      56       183      279      265      381      317      268      0        221      334      112      178      377      398      223      118      
13       930      199      386      173      181      181      317      487      487      160      373      466      221      0        202      294      155      161      371      412      307      
14       2250     3        328      80       203      325      313      612      576      228      275      603      334      202      0        343      351      175      573      434      449      
15       3870     343      183      386      142      166      84       293      235      450      234      299      112      294      343      0        288      432      509      118      191      
16       2070     348      439      329      246      122      347      377      408      281      453      347      178      155      351      288      0        303      243      401      201      
17       1010     172      476      96       296      341      433      647      642      57       437      627      377      161      175      432      303      0        472      543      468      
18       3730     570      676      532      489      349      580      472      549      426      695      430      398      371      573      509      243      472      0        609      354      
19       5040     434      170      488      247      279      122      292      197      564      246      314      223      412      434      118      401      543      609      0        264      
20       3880     448      375      461      263      129      275      180      210      461      422      159      118      307      449      191      201      468      354      264      0        
;

