
sets
i        orders          /0*20/
k        routes          /1*20/
p        positions       /0*20/
;

alias(i,j)
alias(i,h)
alias(i,hh)
alias(i,jj)
alias(k,kk)
                
                    Parameters

rho(i)	Processing time
/
0	0
1	27
2	78
3	6
4	6
5	66
6	52
7	79
8	30
9	6
10	89
11	64
12	23
13	64
14	42
15	14
16	36
17	15
18	9
19	3
20	39
/

gamma(i)	Duedate
/
0	0
1	89
2	34
3	38
4	20
5	52
6	55
7	35
8	86
9	38
10	69
11	70
12	41
13	19
14	16
15	23
16	26
17	29
18	5
19	1
20	16
/

sigma(i)	Size
/
0	0
1	1
2	7
3	7
4	2
5	8
6	7
7	7
8	9
9	4
10	1
11	5
12	6
13	5
14	8
15	6
16	7
17	1
18	4
19	7
20	7
/

epsilon(i)	Priority
/
0	0
1	8
2	8
3	3
4	7
5	8
6	1
7	9
8	8
9	4
10	7
11	9
12	4
13	9
14	5
15	3
16	3
17	2
18	5
19	4
20	6
/

psi	Vehicle Capacity
/ 17 /
;

Table kappa(i,j)                 Setup
         0        1        2        3        4        5        6        7        8        9        10       11       12       13       14       15       16       17       18       19       20       
0        0        308      185      119      205      277      166      340      211      160      120      138      272      139      256      208      325      130      227      244      72       
1        308      0        191      307      278      322      172      41       376      351      405      287      272      327      107      191      217      382      109      481      353      
2        185      191      0        258      89       151      178      233      184      163      240      101      115      142      214      22       140      205      82       293      196      
3        119      307      258      0        306      381      135      327      329      277      227      246      364      255      220      280      395      248      264      358      188      
4        205      278      89       306      0        74       256      319      104      104      210      70       71       95       302      86       154      164      169      224      182      
5        277      322      151      381      74       0        326      363      121      148      263      139      53       152      364      139      145      213      220      240      245      
6        166      172      178      135      256      326      0        193      320      277      282      221      293      250      92       196      295      278      148      392      230      
7        340      41       233      327      319      363      193      0        417      391      441      328      313      367      112      232      253      420      151      521      389      
8        211      376      184      329      104      121      320      417      0        51       155      99       157      74       384      188      251      106      266      122      155      
9        160      351      163      277      104      148      277      391      51       0        114      63       171      26       347      172      258      64       243      130      105      
10       120      405      240      227      210      263      282      441      155      114      0        146      281      115      370      257      360      50       307      133      53       
11       138      287      101      246      70       139      221      328      99       63       146      0        141      40       286      114      213      105      180      194      112      
12       272      272      115      364      71       53       293      313      157      171      281      141      0        166      321      98       96       234      174      279      253      
13       139      327      142      255      95       152      250      367      74       26       115      40       166      0        321      154      247      69       220      154      93       
14       256      107      214      220      302      364      92       112      384      347      370      286      321      321      0        224      293      360      149      471      317      
15       208      191      22       280      86       139      196      232      188      172      257      114      98       154      224      0        117      219      83       302      214      
16       325      217      140      395      154      145      295      253      251      258      360      213      96       247      293      117      0        316      149      374      324      
17       130      382      205      248      164      213      278      420      106      64       50       105      234      69       360      219      316      0        278      114      60       
18       227      109      82       264      169      220      148      151      266      243      307      180      174      220      149      83       149      278      0        373      257      
19       244      481      293      358      224      240      392      521      122      130      133      194      279      154      471      302      374      114      373      0        171      
20       72       353      196      188      182      245      230      389      155      105      53       112      253      93       317      214      324      60       257      171      0        
;



Table delta(i,j)                 Distance
         0        1        2        3        4        5        6        7        8        9        10       11       12       13       14       15       16       17       18       19       20       
0        0        1640     4090     3560     1340     4130     3930     4510     3360     560      2190     3810     2500     3850     1090     1950     2200     5050     1100     2770     5340     
1        1640     0        496      192      192      371      389      372      175      189      113      278      361      236      172      315      311      494      95       159      504      
2        4090     496      0        630      306      341      249      441      593      353      599      464      164      577      329      219      191      298      403      462      358      
3        3560     192      630      0        352      397      454      347      39       376      208      246      522      115      341      485      466      535      269      173      523      
4        1340     192      306      352      0        286      258      339      320      89       293      288      171      338      26       133      119      371      97       214      401      
5        4130     371      341      397      286      0        92       101      358      375      481      160      343      301      307      354      296      137      322      237      133      
6        3930     389      249      454      258      92       0        193      415      346      502      237      271      371      283      293      233      112      320      283      149      
7        4510     372      441      347      339      101      193      0        311      424      473      103      429      238      354      430      376      216      348      216      184      
8        3360     175      593      39       320      358      415      311      0        351      212      209      489      88       311      454      432      496      242      134      485      
9        560      189      353      376      89       375      346      424      351      0        263      363      195      387      69       141      164      459      109      271      491      
10       2190     113      599      208      293      481      502      473      212      263      0        373      453      295      270      403      409      607      198      256      615      
11       3810     278      464      246      288      160      237      103      209      363      373      0        413      142      297      401      355      296      271      119      277      
12       2500     361      164      522      171      343      271      429      489      195      453      413      0        495      188      56       59       366      266      371      416      
13       3850     236      577      115      338      301      371      238      88       387      295      142      495      0        336      469      436      438      279      124      419      
14       1090     172      329      341      26       307      283      354      311      69       270      297      188      336      0        145      139      396      78       214      425      
15       1950     315      219      485      133      354      293      430      454      141      403      401      56       469      145      0        60       396      222      344      441      
16       2200     311      191      466      119      296      233      376      432      164      409      355      59       436      139      60       0        336      216      312      381      
17       5050     494      298      535      371      137      112      216      496      459      607      296      366      438      396      396      336      0        431      372      60       
18       1100     95       403      269      97       322      320      348      242      109      198      271      266      279      78       222      216      431      0        167      450      
19       2770     159      462      173      214      237      283      216      134      271      256      119      371      124      214      344      312      372      167      0        369      
20       5340     504      358      523      401      133      149      184      485      491      615      277      416      419      425      441      381      60       450      369      0        
;

