

sets
i        orders          /0*40/
k        routes          /1*40/
p        positions       /0*40/
;

alias(i,j)
alias(i,h)
alias(i,hh)
alias(i,jj)
alias(k,kk)
                            Parameters

rho(i)	Processing time
/
0	0
1	95
2	22
3	47
4	13
5	42
6	40
7	10
8	67
9	25
10	79
11	52
12	29
13	11
14	42
15	12
16	56
17	6
18	34
19	7
20	4
21	37
22	60
23	91
24	73
25	31
26	71
27	31
28	68
29	79
30	81
31	17
32	58
33	40
34	96
35	14
36	1
37	10
38	50
39	15
40	49
/

gamma(i)	Duedate
/
0	0
1	51
2	31
3	95
4	61
5	69
6	57
7	84
8	82
9	93
10	24
11	73
12	53
13	96
14	78
15	24
16	58
17	40
18	11
19	69
20	70
21	28
22	56
23	10
24	13
25	47
26	9
27	25
28	42
29	76
30	83
31	11
32	32
33	96
34	4
35	95
36	45
37	95
38	48
39	46
40	86
/

sigma(i)	Size
/
0	0
1	8
2	6
3	8
4	6
5	8
6	2
7	9
8	4
9	2
10	6
11	4
12	6
13	6
14	9
15	2
16	5
17	5
18	3
19	4
20	9
21	1
22	9
23	2
24	1
25	6
26	6
27	2
28	1
29	5
30	3
31	5
32	8
33	4
34	8
35	9
36	3
37	9
38	1
39	4
40	2
/

epsilon(i)	Priority
/
0	0
1	4
2	4
3	7
4	6
5	9
6	2
7	9
8	3
9	3
10	4
11	6
12	4
13	5
14	1
15	3
16	9
17	1
18	9
19	7
20	6
21	8
22	3
23	4
24	2
25	4
26	9
27	8
28	5
29	5
30	8
31	8
32	6
33	9
34	2
35	7
36	7
37	4
38	7
39	9
40	5
/

psi	Vehicle Capacity
/ 49 /
;

Table kappa(i,j)                 Setup
         0        1        2        3        4        5        6        7        8        9        10       11       12       13       14       15       16       17       18       19       20       21       22       23       24       25       26       27       28       29       30       31       32       33       34       35       36       37       38       39       40       
0        0        1661     1368     568      705      380      1586     598      845      420      666      1645     1468     1463     945      27       1551     1045     440      1147     448      917      1400     1184     588      619      1304     1910     231      1114     409      1843     1241     1673     562      1015     486      729      601      670      963      
1        1661     0        859      1845     1319     1562     75       1711     1046     1972     1121     899      946      684      2060     1668     689      1361     2041     514      1494     1505     503      969      1073     2211     1561     514      1871     1107     1685     400      447      135      2165     1596     2119     1292     1883     1043     942      
2        1368     859      0        1792     1435     1479     820      1713     523      1512     702      277      131      193      1367     1360     1369     588      1808     685      1452     1713     359      1400     930      1738     719      1365     1505     338      1183     1252     839      977      1709     832      1704     1423     1305     1056     1218     
3        568      1845     1792     0        553      313      1773     157      1295     887      1112     2065     1909     1842     1491     593      1510     1577     413      1372     358      564      1727     1073     873      987      1853     1948     671      1597     976      1911     1398     1815     930      1576     824      585      1148     816      943      
4        705      1319     1435     553      0        366      1250     403      1020     1125     866      1688     1563     1437     1598     730      961      1400     872      888      278      291      1286     533      536      1309     1698     1394     922      1330     1040     1359     877      1277     1250     1485     1159     32       1268     379      392      
5        380      1562     1479     313      366      0        1488     255      988      786      806      1751     1597     1528     1321     407      1304     1293     516      1074     87       538      1417     892      560      953      1578     1714     573      1294     771      1665     1116     1543     894      1319     798      396      978      520      711      
6        1586     75       820      1773     1250     1488     0        1640     979      1898     1050     882      914      652      1994     1592     663      1304     1966     439      1421     1441     461      915      998      2137     1513     545      1796     1053     1612     431      375      157      2090     1537     2044     1223     1812     969      877      
7        598      1711     1713     157      403      255      1640     0        1235     966      1056     1982     1835     1749     1543     625      1355     1549     549      1252     261      413      1622     916      784      1093     1834     1796     746      1543     1005     1762     1265     1675     1034     1572     930      434      1197     699      795      
8        845      1046     523      1295     1020     988      979      1235     0        1013     184      799      624      635      1015     837      1293     421      1285     606      975      1311     631      1156     483      1247     712      1464     986      312      691      1364     777      1116     1212     602      1196     1017     856      658      924      
9        420      1972     1512     887      1125     786      1898     966      1013     0        873      1778     1587     1647     632      396      1946     1044     557      1462     862      1324     1634     1598     933      239      1232     2277     219      1202     330      2200     1583     2004     198      919      203      1149     322      1057     1369     
10       666      1121     702      1112     866      806      1050     1056     184      873      0        980      808      799      977      660      1267     536      1105     635      798      1157     762      1069     336      1111     835      1494     822      487      566      1402     789      1173     1071     661      1044     866      763      526      826      
11       1645     899      277      2065     1688     1751     882      1982     799      1778     980      0        193      269      1581     1637     1503     800      2085     877      1722     1959     472      1599     1197     1999     845      1413     1779     580      1448     1299     1006     1031     1972     1031     1972     1674     1554     1311     1440     
12       1468     946      131      1909     1563     1597     914      1835     624      1587     808      193      0        261      1391     1459     1487     609      1909     813      1573     1842     460      1530     1053     1807     682      1458     1594     387      1257     1344     963      1070     1781     843      1782     1552     1360     1184     1349     
13       1463     684      193      1842     1437     1528     652      1749     635      1647     799      269      261      0        1546     1458     1245     774      1898     609      1491     1702     209      1330     968      1879     912      1196     1620     517      1321     1082     738      808      1845     1019     1832     1421     1462     1064     1175     
14       945      2060     1367     1491     1598     1321     1994     1543     1015     632      977      1581     1391     1546     0        918      2235     783      1189     1606     1378     1847     1614     1976     1217     693      817      2468     827      1030     558      2372     1765     2131     712      552      793      1615     345      1397     1728     
15       27       1668     1360     593      730      407      1592     625      837      396      660      1637     1459     1458     918      0        1568     1027     450      1153     474      943      1400     1205     596      600      1284     1923     214      1101     383      1855     1250     1682     544      994      471      753      574      685      981      
16       1551     689      1369     1510     961      1304     663      1355     1293     1946     1267     1503     1487     1245     2235     1568     0        1701     1821     714      1218     1026     1036     443      1033     2167     1967     467      1782     1495     1739     476      541      567      2111     1896     2037     929      1970     888      596      
17       1045     1361     588      1577     1400     1293     1304     1549     421      1044     536      800      609      774      783      1027     1701     0        1464     995      1302     1690     875      1577     872      1243     299      1826     1104     260      727      1719     1170     1455     1226     244      1247     1401     777      1060     1342     
18       440      2041     1808     413      872      516      1966     549      1285     557      1105     2085     1909     1898     1189     450      1821     1464     0        1535     602      961      1825     1404     980      596      1704     2227     382      1551     762      2174     1603     2036     544      1401     438      903      866      1004     1227     
19       1147     514      685      1372     888      1074     439      1252     606      1462     635      877      813      609      1606     1153     714      995      1535     0        1015     1126     420      722      560      1700     1253     862      1356     781      1185     767      175      544      1653     1204     1605     866      1395     556      575      
20       448      1494     1452     358      278      87       1421     261      975      862      798      1722     1573     1491     1378     474      1218     1302     602      1015     0        470      1370     804      524      1035     1592     1632     652      1285     822      1586     1047     1471     976      1344     882      308      1038     458      627      
21       917      1505     1713     564      291      538      1441     413      1311     1324     1157     1959     1842     1702     1847     943      1026     1690     961      1126     470      0        1538     586      827      1480     1988     1488     1109     1620     1289     1474     1082     1441     1421     1769     1320     294      1508     662      567      
22       1400     503      359      1727     1286     1417     461      1622     631      1634     762      472      460      209      1614     1400     1036     875      1825     420      1370     1538     0        1134     860      1871     1059     1006     1579     616      1318     893      534      618      1832     1117     1807     1267     1486     925      994      
23       1184     969      1400     1073     533      892      915      916      1156     1598     1069     1599     1530     1330     1976     1205     443      1577     1404     722      804      586      1134     0        764      1804     1868     902      1413     1423     1440     889      608      884      1746     1729     1662     501      1676     578      248      
24       588      1073     930      873      536      560      998      784      483      933      336      1197     1053     968      1217     596      1033     872      980      560      524      827      860      764      0        1166     1171     1343     804      794      705      1268     655      1086     1114     985      1057     534      937      194      515      
25       619      2211     1738     987      1309     953      2137     1093     1247     239      1111     1999     1807     1879     693      600      2167     1243     596      1700     1035     1480     1871     1804     1166     0        1401     2509     390      1420     557      2434     1818     2242     59       1089     163      1336     473      1280     1582     
26       1304     1561     719      1853     1698     1578     1513     1834     712      1232     835      845      682      912      817      1284     1967     299      1704     1253     1592     1988     1059     1868     1171     1401     0        2050     1330     473      945      1940     1428     1668     1395     313      1435     1700     929      1359     1637     
27       1910     514      1365     1948     1394     1714     545      1796     1464     2277     1494     1413     1458     1196     2468     1923     467      1826     2227     862      1632     1488     1006     902      1343     2509     2050     0        2137     1584     2028     114      707      388      2456     2050     2393     1363     2247     1241     1007     
28       231      1871     1505     671      922      573      1796     746      986      219      822      1779     1594     1620     827      214      1782     1104     382      1356     652      1109     1579     1413     804      390      1330     2137     0        1220     385      2068     1460     1890     332      1023     256      948      491      900      1194     
29       1114     1107     338      1597     1330     1294     1053     1543     312      1202     487      580      387      517      1030     1101     1495     260      1551     781      1285     1620     616      1423     794      1420     473      1584     1220     0        872      1475     956      1206     1395     505      1399     1326     975      963      1204     
30       409      1685     1183     976      1040     771      1612     1005     691      330      566      1448     1257     1321     558      383      1739     727      762      1185     822      1289     1318     1440     705      557      945      2028     385      872      0        1943     1323     1729     525      638      526      1057     236      867      1196     
31       1843     400      1252     1911     1359     1665     431      1762     1364     2200     1402     1299     1344     1082     2372     1855     476      1719     2174     767      1586     1474     893      889      1268     2434     1940     114      2068     1475     1943     0        620      274      2383     1945     2323     1328     2159     1179     967      
32       1241     447      839      1398     877      1116     375      1265     777      1583     789      1006     963      738      1765     1250     541      1170     1603     175      1047     1082     534      608      655      1818     1428     707      1460     956      1323     620      0        434      1768     1377     1713     851      1540     600      515      
33       1673     135      977      1815     1277     1543     157      1675     1116     2004     1173     1031     1070     808      2131     1682     567      1455     2036     544      1471     1441     618      884      1086     2242     1668     388      1890     1206     1729     274      434      0        2193     1685     2142     1248     1936     1032     889      
34       562      2165     1709     930      1250     894      2090     1034     1212     198      1071     1972     1781     1845     712      544      2111     1226     544      1653     976      1421     1832     1746     1114     59       1395     2456     332      1395     525      2383     1768     2193     0        1082     107      1277     467      1225     1525     
35       1015     1596     832      1576     1485     1319     1537     1572     602      919      661      1031     843      1019     552      994      1896     244      1401     1204     1344     1769     1117     1729     985      1089     313      2050     1023     505      638      1945     1377     1685     1082     0        1121     1491     616      1180     1487     
36       486      2119     1704     824      1159     798      2044     930      1196     203      1044     1972     1782     1832     793      471      2037     1247     438      1605     882      1320     1807     1662     1057     163      1435     2393     256      1399     526      2323     1713     2142     107      1121     0        1187     515      1156     1447     
37       729      1292     1423     585      32       396      1223     434      1017     1149     866      1674     1552     1421     1615     753      929      1401     903      866      308      294      1267     501      534      1336     1700     1363     948      1326     1057     1328     851      1248     1277     1491     1187     0        1287     368      362      
38       601      1883     1305     1148     1268     978      1812     1197     856      322      763      1554     1360     1462     345      574      1970     777      866      1395     1038     1508     1486     1676     937      473      929      2247     491      975      236      2159     1540     1936     467      616      515      1287     0        1102     1433     
39       670      1043     1056     816      379      520      969      699      658      1057     526      1311     1184     1064     1397     685      888      1060     1004     556      458      662      925      578      194      1280     1359     1241     900      963      867      1179     600      1032     1225     1180     1156     368      1102     0        331      
40       963      942      1218     943      392      711      877      795      924      1369     826      1440     1349     1175     1728     981      596      1342     1227     575      627      567      994      248      515      1582     1637     1007     1194     1204     1196     967      515      889      1525     1487     1447     362      1433     331      0        
;



Table delta(i,j)                 Distance
         0        1        2        3        4        5        6        7        8        9        10       11       12       13       14       15       16       17       18       19       20       21       22       23       24       25       26       27       28       29       30       31       32       33       34       35       36       37       38       39       40       
0        0        23670    18960    21690    5610     29160    7020     24960    8850     31200    12810    9930     1890     8460     34110    30360    5520     4530     35460    34890    10500    17340    25020    12090    9390     22500    22050    27450    40080    22800    9870     22800    27510    27180    34110    27870    12150    9660     18300    14160    34410    
1        23670    0        931      444      727      483      764      508      904      364      812      490      804      507      465      499      613      757      393      440      714      296      94       801      509      229      343      420      727      449      605      655      158      164      348      142      923      605      558      328      437      
2        18960    931      0        549      456      1333     852      585      927      953      1042     766      695      645      1393     1364     678      770      1240     1086     942      637      908      231      761      1046     1099     743      1092     572      412      393      967      1095     1200     1056     1037     861      1107     670      1368     
3        21690    444      549      0        569      915      830      115      961      407      964      588      768      507      904      936      618      778      695      541      849      232      390      510      599      631      723      213      624      37       405      211      433      604      656      541      1029     730      849      362      866      
4        5610     727      456      569      0        1001     395      672      480      922      585      362      248      257      1129     1038     237      314      1110     1052     489      468      752      224      350      744      757      773      1192     606      163      580      832      866      1065     869      584      421      694      398      1127     
5        29160    483      1333     915      1001     0        825      990      933      795      754      648      953      743      257      41       794      866      604      813      715      719      566      1154     664      291      243      901      1141     926      942      1120     585      360      582      459      889      666      415      663      318      
6        7020     764      852      830      395      825      0        944      141      1074     193      278      179      323      1027     866      213      84       1150     1184     126      635      831      620      259      659      610      993      1405     865      492      916      913      844      1106     892      202      169      425      501      1050     
7        24960    508      585      115      672      990      944      0        1075     378      1078     703      879      622      952      1008     732      892      697      506      963      340      438      587      714      714      813      161      532      81       509      200      462      659      663      583      1144     845      954      474      907      
8        8850     904      927      961      480      933      141      1075     0        1215     207      419      232      457      1147     974      342      184      1287     1325     219      773      972      698      401      789      731      1130     1544     997      601      1033     1054     979      1244     1030     118      302      521      641      1175     
9        31200    364      953      407      922      795      1074     378      1215     0        1153     797      1070     771      673      799      889      1047     336      135      1047     462      271      909      815      588      703      217      363      381      766      579      216      436      311      335      1252     930      922      578      611      
10       12810    812      1042     964      585      754      193      1078     207      1153     0        376      370      464      984      795      378      277      1174     1249     115      749      891      810      364      656      577      1104     1501     997      666      1075     969      856      1133     922      135      234      340      610      1020     
11       9930     490      766      588      362      648      278      703      419      797      376      0        328      121      806      686      148      268      879      905      262      372      553      550      20       419      407      730      1134     621      354      715      635      584      835      622      458      142      341      234      816      
12       1890     804      695      768      248      953      179      879      232      1070     370      328      0        302      1130     994      190      100      1197     1191     301      610      854      466      308      746      721      956      1376     806      383      816      938      911      1152     941      342      291      577      495      1144     
13       8460     507      645      507      257      743      323      622      457      771      464      121      302      0        877      780      118      279      899      889      349      316      552      431      118      490      500      673      1088     543      233      611      636      628      854      647      521      239      461      193      879      
14       34110    465      1393     904      1129     257      1027     952      1147     673      984      806      1130     877      0        227      953      1054     402      650      929      756      515      1244     825      388      417      830      981      904      1037     1116     495      302      395      369      1118     859      646      747      73       
15       30360    499      1364     936      1038     41       866      1008     974      799      795      686      994      780      227      0        833      907      591      809      756      745      578      1188     703      319      281      913      1139     946      976      1143     591      366      572      464      930      707      456      695      292      
16       5520     613      678      618      237      794      213      732      342      889      378      148      190      118      953      833      0        162      1006     1006     269      435      665      450      130      566      554      790      1206     654      288      703      749      723      961      751      416      184      458      311      962      
17       4530     757      770      778      314      866      84       892      184      1047     277      268      100      279      1054     907      162      0        1147     1162     201      596      816      538      247      676      640      952      1368     814      420      850      899      851      1103     890      273      200      481      469      1072     
18       35460    393      1240     695      1110     604      1150     697      1287     336      1174     879      1197     899      402      591      1006     1147     0        265      1087     650      358      1153     899      521      620      543      586      679      974      892      281      319      45       257      1294     985      874      716      329      
19       34890    440      1086     541      1052     813      1184     506      1325     135      1249     905      1191     889      650      809      1006     1162     265      0        1148     587      357      1044     924      646      760      344      331      514      898      707      282      467      258      368      1355     1033     995      696      582      
20       10500    714      942      849      489      715      126      963      219      1047     115      262      301      349      929      756      269      201      1087     1148     0        635      790      711      250      577      513      992      1392     882      557      961      869      772      1045     831      208      120      306      497      958      
21       17340    296      637      232      468      719      635      340      773      462      749      372      610      316      756      745      435      596      650      587      635      0        293      508      386      427      507      359      771      259      324      411      369      458      606      430      827      515      617      138      732      
22       25020    94       908      390      752      566      831      438      972      271      891      553      854      552      515      578      665      816      358      357      790      293      0        800      572      323      437      334      634      388      616      602      83       220      313      151      998      677      650      362      475      
23       12090    801      231      510      224      1154     620      587      698      909      810      550      466      431      1244     1188     450      538      1153     1044     711      508      800      0        543      875      912      723      1120     543      211      441      871      958      1109     938      806      634      891      499      1230     
24       9390     509      761      599      350      664      259      714      401      815      364      20       308      118      825      703      130      247      899      924      250      386      572      543      0        439      424      744      1150     632      351      721      655      605      855      642      442      131      348      248      836      
25       22500    229      1046     631      744      291      659      714      789      588      656      419      746      490      388      319      566      676      521      646      577      427      323      875      439      0        115      645      950      644      664      832      372      201      483      283      781      489      355      378      397      
26       22050    343      1099     723      757      243      610      813      731      703      577      407      721      500      417      281      554      640      620      760      513      507      437      912      424      115      0        754      1066     740      701      917      488      304      585      394      708      443      255      430      445      
27       27450    420      743      213      773      901      993      161      1130     217      1104     730      956      673      830      913      790      952      543      344      992      359      334      723      744      645      754      0        420      180      611      362      334      550      512      463      1186     872      931      496      778      
28       40080    727      1092     624      1192     1141     1405     532      1544     363      1501     1134     1376     1088     981      1139     1206     1368     586      331      1392     771      634      1120     1150     950      1066     420      0        587      1029     701      578      788      586      687      1592     1273     1284     903      911      
29       22800    449      572      37       606      926      865      81       997      381      997      621      806      543      904      946      654      814      679      514      882      259      388      543      632      644      740      180      587      0        443      216      424      606      642      538      1065     764      875      393      863      
30       9870     605      412      405      163      942      492      509      601      766      666      354      383      233      1037     976      288      420      974      898      557      324      616      211      351      664      701      611      1029     443      0        433      693      756      930      745      693      461      694      290      1026     
31       22800    655      393      211      580      1120     916      200      1033     579      1075     715      816      611      1116     1143     703      850      892      707      961      411      602      441      721      832      917      362      701      216      433      0        641      816      855      752      1118     850      1014     517      1077     
32       27510    158      967      433      832      585      913      462      1054     216      969      635      938      636      495      591      749      899      281      282      869      369      83       871      655      372      488      334      578      424      693      641      0        225      238      130      1078     757      715      446      446      
33       27180    164      1095     604      866      360      844      659      979      436      856      584      911      628      302      366      723      851      319      467      772      458      220      958      605      201      304      550      788      606      756      816      225      0        281      101      978      676      556      469      274      
34       34110    348      1200     656      1065     582      1106     663      1244     311      1133     835      1152     854      395      572      961      1103     45       258      1045     606      313      1109     855      483      585      512      586      642      930      855      238      281      0        214      1253     942      837      671      325      
35       27870    142      1056     541      869      459      892      583      1030     335      922      622      941      647      369      464      751      890      257      368      831      430      151      938      642      283      394      463      687      538      745      752      130      101      214      0        1040     728      638      471      324      
36       12150    923      1037     1029     584      889      202      1144     118      1252     135      458      342      521      1118     930      416      273      1294     1355     208      827      998      806      442      781      708      1186     1592     1065     693      1118     1078     978      1253     1040     0        322      475      691      1152     
37       9660     605      861      730      421      666      169      845      302      930      234      142      291      239      859      707      184      200      985      1033     120      515      677      634      131      489      443      872      1273     764      461      850      757      676      942      728      322      0        288      377      881      
38       18300    558      1107     849      694      415      425      954      521      922      340      341      577      461      646      456      458      481      874      995      306      617      650      891      348      355      255      931      1284     875      694      1014     715      556      837      638      475      288      0        496      686      
39       14160    328      670      362      398      663      501      474      641      578      610      234      495      193      747      695      311      469      716      696      497      138      362      499      248      378      430      496      903      393      290      517      446      469      671      471      691      377      496      0        736      
40       34410    437      1368     866      1127     318      1050     907      1175     611      1020     816      1144     879      73       292      962      1072     329      582      958      732      475      1230     836      397      445      778      911      863      1026     1077     446      274      325      324      1152     881      686      736      0        
;

