

sets
i        orders          /0*10/
k        routes          /1*10/
p        positions       /0*10/
;

alias(i,j)
alias(i,h)
alias(i,hh)
alias(i,jj)
alias(k,kk)
                            Parameters

rho(i)	Processing time
/
0	0
1	41
2	54
3	88
4	93
5	12
6	61
7	35
8	74
9	83
10	73
/

gamma(i)	Duedate
/
0	0
1	87
2	99
3	81
4	76
5	48
6	35
7	21
8	76
9	70
10	20
/

sigma(i)	Size
/
0	0
1	9
2	5
3	4
4	4
5	7
6	2
7	5
8	3
9	8
10	4
/

epsilon(i)	Priority
/
0	0
1	1
2	2
3	7
4	2
5	3
6	6
7	1
8	3
9	1
10	2
/

psi	Vehicle Capacity
/ 30 /
;

Table kappa(i,j)                 Setup
         0        1        2        3        4        5        6        7        8        9        10       
0        0        197      304      198      171      276      132      178      105      342      62       
1        197      0        388      121      132      126      323      59       288      539      163      
2        304      388      0        278      256      352      259      330      240      407      268      
3        198      121      278      0        32       90       289      64       250      511      138      
4        171      132      256      32       0        123      257      74       218      479      110      
5        276      126      352      90       123      0        378      101      339      600      221      
6        132      323      259      289      257      378      0        292      39       222      162      
7        178      59       330      64       74       101      292      0        255      513      130      
8        105      288      240      250      218      339      39       255      0        261      125      
9        342      539      407      511      479      600      222      513      261      0        383      
10       62       163      268      138      110      221      162      130      125      383      0        
;



Table delta(i,j)                 Distance
         0        1        2        3        4        5        6        7        8        9        10       
0        0        520      370      70       560      500      340      440      510      300      380      
1        520      0        62       46       37       8        54       14       32       22       18       
2        370      62       0        42       42       66       8        63       40       42       44       
3        70       46       42       0        55       44       38       37       50       26       34       
4        560      37       42       55       0        45       35       48       6        34       26       
5        500      8        66       44       45       0        58       7        39       24       23       
6        340      54       8        38       35       58       0        56       33       35       36       
7        440      14       63       37       48       7        56       0        42       21       22       
8        510      32       40       50       6        39       33       42       0        27       20       
9        300      22       42       26       34       24       35       21       27       0        8        
10       380      18       44       34       26       23       36       22       20       8        0        
;

