

sets
i        orders          /0*10/
k        routes          /1*10/
p        positions       /0*10/
;

alias(i,j)
alias(i,h)
alias(i,hh)
alias(i,jj)
alias(k,kk)
                            Parameters

rho(i)	Processing time
/
0	0
1	5
2	80
3	23
4	35
5	47
6	82
7	66
8	54
9	41
10	22
/

gamma(i)	Duedate
/
0	0
1	31
2	43
3	3
4	86
5	65
6	14
7	32
8	84
9	63
10	40
/

sigma(i)	Size
/
0	0
1	5
2	5
3	6
4	7
5	6
6	2
7	1
8	4
9	1
10	9
/

epsilon(i)	Priority
/
0	0
1	8
2	5
3	8
4	3
5	8
6	2
7	2
8	4
9	6
10	9
/

psi	Vehicle Capacity
/ 147 /
;

Table kappa(i,j)                 Setup
         0        1        2        3        4        5        6        7        8        9        10       
0        0        119      168      217      72       190      282      154      159      444      302      
1        119      0        213      336      190      91       401      272      278      468      356      
2        168      213      0        288      158      211      313      191      207      276      142      
3        217      336      288      0        156      405      83       98       81       515      351      
4        72       190      158      156      0        250      212      82       88       425      269      
5        190      91       211      405      250      0        462      328      338      426      342      
6        282      401      313      83       212      462      0        134      124      501      340      
7        154      272      191      98       82       328      134      0        17       424      260      
8        159      278      207      81       88       338      124      17       0        442      277      
9        444      468      276      515      425      426      501      424      442      0        164      
10       302      356      142      351      269      342      340      260      277      164      0        
;



Table delta(i,j)                 Distance
         0        1        2        3        4        5        6        7        8        9        10       
0        0        360      210      210      350      500      470      410      400      460      250      
1        360      0        44       15       29       49       25       8        4        20       36       
2        210      44       0        33       26       34       43       44       49       45       12       
3        210      15       33       0        27       47       32       20       18       29       27       
4        350      29       26       27       0        20       16       25       33       20       13       
5        500      49       34       47       20       0        29       43       52       35       25       
6        470      25       43       32       16       29       0        17       27       6        30       
7        410      8        44       20       25       43       17       0        10       11       34       
8        400      4        49       18       33       52       27       10       0        21       40       
9        460      20       45       29       20       35       6        11       21       0        33       
10       250      36       12       27       13       25       30       34       40       33       0        
;

