
sets
i        orders          /0*40/
k        routes          /1*40/
p        positions       /0*40/
;

alias(i,j)
alias(i,h)
alias(i,hh)
alias(i,jj)
alias(k,kk)
                
                    Parameters

rho(i)	Processing time
/
0	0
1	26
2	18
3	87
4	36
5	24
6	68
7	49
8	30
9	52
10	78
11	65
12	74
13	60
14	51
15	92
16	46
17	63
18	17
19	98
20	62
21	30
22	12
23	63
24	36
25	69
26	20
27	36
28	60
29	49
30	47
31	66
32	40
33	4
34	21
35	37
36	77
37	52
38	28
39	20
40	58
/

gamma(i)	Duedate
/
0	0
1	8
2	50
3	81
4	98
5	95
6	18
7	73
8	55
9	59
10	44
11	11
12	52
13	42
14	13
15	34
16	95
17	22
18	87
19	68
20	55
21	50
22	83
23	28
24	19
25	55
26	3
27	14
28	81
29	53
30	67
31	44
32	88
33	93
34	77
35	71
36	25
37	5
38	46
39	95
40	86
/

sigma(i)	Size
/
0	0
1	3
2	8
3	8
4	3
5	3
6	3
7	9
8	4
9	5
10	2
11	4
12	7
13	9
14	5
15	6
16	1
17	1
18	1
19	8
20	5
21	3
22	5
23	2
24	3
25	1
26	2
27	7
28	1
29	1
30	9
31	5
32	2
33	7
34	4
35	3
36	2
37	3
38	5
39	6
40	6
/

epsilon(i)	Priority
/
0	0
1	6
2	6
3	5
4	9
5	1
6	7
7	6
8	8
9	4
10	3
11	4
12	8
13	9
14	2
15	1
16	5
17	1
18	9
19	5
20	1
21	3
22	5
23	4
24	4
25	8
26	2
27	6
28	5
29	3
30	2
31	8
32	9
33	7
34	5
35	7
36	2
37	8
38	5
39	3
40	2
/

psi	Vehicle Capacity
/ 24 /
;

Table kappa(i,j)                 Setup
         0        1        2        3        4        5        6        7        8        9        10       11       12       13       14       15       16       17       18       19       20       21       22       23       24       25       26       27       28       29       30       31       32       33       34       35       36       37       38       39       40       
0        0        683      857      469      863      118      1331     1094     519      235      384      1284     676      507      982      502      248      594      738      188      556      254      753      988      436      897      1097     1116     1038     544      522      1022     152      1306     344      972      1162     837      300      225      251      
1        683      0        253      299      490      726      908      672      883      466      702      903      84       209      1132     711      436      89       1055     520      184      685      318      542      331      687      663      576      785      925      452      349      710      869      583      360      820      219      384      771      851      
2        857      253      0        545      309      871      664      439      919      623      763      669      330      351      1057     729      614      321      1050     674      435      789      187      315      574      535      427      322      600      961      462      208      916      623      659      117      601      36       579      890      975      
3        469      299      545      0        715      551      1173     928      834      328      647      1155     249      276      1194     707      268      224      1040     370      117      576      547      800      37       864      922      863      987      873      519      642      449      1136     532      658      1056     513      203      629      692      
4        863      490      309      715      0        834      475      232      743      639      633      444      574      445      774      554      660      514      822      677      633      708      173      133      731      228      234      300      297      780      350      490      965      446      566      327      340      336      656      814      898      
5        118      726      871      551      834      0        1291     1061     405      259      287      1238     732      533      874      410      297      640      622      205      623      157      746      964      520      840      1066     1105     980      428      485      1051     266      1269     279      983      1113     856      360      106      142      
6        1331     908      664      1173     475      1291     0        246      1113     1113     1054     88       990      914      936      949      1136     956      1114     1148     1077     1152     627      372      1193     476      250      364      360      1143     810      732      1440     43       1013     591      200      700      1131     1256     1336     
7        1094     672      439      928      232      1061     246      0        926      871      842      231      755      667      847      748      892      714      965      909      835      928      381      129      948      303      19       207      253      960      576      550      1198     214      788      389      172      474      885      1034     1117     
8        519      883      919      834      743      405      1113     926      0        509      187      1041     925      676      479      192      572      819      220      479      860      279      742      872      815      638      938      1043     759      42       457      1126     670      1103     308      1005     915      919      633      301      330      
9        235      466      623      328      639      259      1113     871      509      0        326      1071     476      276      906      405      63       381      721      54       376      248      519      760      306      704      872      882      842      547      317      794      327      1084     221      737      953      604      125      313      387      
10       384      702      763      647      633      287      1054     842      187      326      0        991      741      494      603      124      389      635      395      301      672      131      597      766      629      584      850      927      720      228      304      966      535      1037     121      858      865      759      448      213      284      
11       1284     903      669      1155     444      1238     88       231      1041     1071     991      0        987      889      849      883      1099     944      1033     1104     1065     1094     607      361      1173     408      242      393      282      1069     762      760      1398     109      958      609      127      704      1098     1197     1275     
12       676      84       330      249      574      732      990      755      925      476      741      987      0        251      1200     761      436      106      1106     529      133      710      402      626      285      768      746      652      869      967      512      393      686      951      620      431      905      294      376      788      864      
13       507      209      351      276      445      533      914      667      676      276      494      889      251      0        960      510      263      145      856      329      223      478      287      543      288      588      664      635      710      718      269      518      567      880      374      467      784      329      231      568      649      
14       982      1132     1057     1194     774      874      936      847      479      906      603      849      1200     960      0        501      968      1100     303      895      1180     729      873      862      1185     561      865      1032     601      470      691      1257     1135     944      686      1099     748      1074     1016     776      809      
15       502      711      729      707      554      410      949      748      192      405      124      883      761      510      501      0        468      655      345      394      712      253      550      685      694      474      759      854      606      233      269      937      651      935      184      813      756      730      519      336      403      
16       248      436      614      268      660      297      1136     892      572      63       389      1099     436      263      968      468      0        347      785      101      327      307      528      776      244      743      892      888      880      610      357      774      309      1106     283      730      984      592      65       364      433      
17       594      89       321      224      514      640      956      714      819      381      635      944      106      145      1100     655      347      0        1001     435      120      608      341      585      252      691      707      639      800      861      409      438      621      919      514      435      852      290      294      690      768      
18       738      1055     1050     1040     822      622      1114     965      220      721      395      1033     1106     856      303      345      785      1001     0        695      1055     498      864      939      1024     662      980      1115     754      194      606      1258     888      1112     508      1120     914      1056     843      516      532      
19       188      520      674      370      677      205      1148     909      479      54       301      1104     529      329      895      394      101      435      695      0        426      208      565      801      345      728      911      927      867      515      344      847      296      1121     211      788      984      656      167      263      335      
20       556      184      435      117      633      623      1077     835      860      376      672      1065     133      223      1180     712      327      120      1055     426      0        621      460      706      152      802      828      756      916      900      490      524      555      1039     552      545      972      402      263      689      760      
21       254      685      789      576      708      157      1152     928      279      248      131      1094     710      478      729      253      307      608      498      208      621      0        642      840      552      691      935      991      830      311      360      982      405      1131     142      894      968      779      372      106      191      
22       753      318      187      547      173      746      627      381      742      519      597      607      402      287      873      550      528      341      864      565      460      642      0        255      566      375      377      362      467      783      292      395      838      593      504      263      511      200      512      747      833      
23       988      542      315      800      133      964      372      129      872      760      766      361      626      543      862      685      776      585      939      801      706      840      255      0        820      300      122      176      310      909      481      449      1084     337      698      282      286      349      765      947      1031     
24       436      331      574      37       731      520      1193     948      815      306      629      1173     285      288      1185     694      244      252      1024     345      152      552      566      820      0        873      943      889      997      853      518      676      412      1157     516      687      1072     542      181      601      662      
25       897      687      535      864      228      840      476      303      638      704      584      408      768      588      561      474      743      691      662      728      802      691      375      300      873      0        319      472      140      668      387      717      1024     464      560      552      281      560      758      792      868      
26       1097     663      427      922      234      1066     250      19       938      872      850      242      746      664      865      759      892      707      980      911      828      935      377      122      943      319      0        187      272      972      581      533      1199     216      794      373      190      462      884      1041     1124     
27       1116     576      322      863      300      1105     364      207      1043     882      927      393      652      635      1032     854      888      639      1115     927      756      991      362      176      889      472      187      0        454      1080     632      368      1198     321      850      230      374      357      866      1098     1183     
28       1038     785      600      987      297      980      360      253      759      842      720      282      869      710      601      606      880      800      754      867      916      830      467      310      997      140      272      454      0        786      525      758      1164     357      700      590      159      630      891      929      1004     
29       544      925      961      873      780      428      1143     960      42       547      228      1069     967      718      470      233      610      861      194      515      900      311      783      909      853      668      972      1080     786      0        499      1168     694      1133     349      1046     944      961      671      322      341      
30       522      452      462      519      350      485      810      576      457      317      304      762      512      269      691      269      357      409      606      344      490      360      292      481      518      387      581      632      525      499      0        669      640      785      218      554      641      462      378      466      551      
31       1022     349      208      642      490      1051     732      550      1126     794      966      760      393      518      1257     937      774      438      1258     847      524      982      395      449      676      717      533      368      758      1168     669      0        1059     689      858      167      722      207      728      1079     1163     
32       152      710      916      449      965      266      1440     1198     670      327      535      1398     686      567      1135     651      309      621      888      296      555      405      838      1084     412      1024     1199     1198     1164     694      640      1059     0        1411     485      1033     1279     891      337      372      382      
33       1306     869      623      1136     446      1269     43       214      1103     1084     1037     109      951      880      944      935      1106     919      1112     1121     1039     1131     593      337      1157     464      216      321      357      1133     785      689      1411     0        992      548      199      659      1099     1236     1317     
34       344      583      659      532      566      279      1013     788      308      221      121      958      620      374      686      184      283      514      508      211      552      142      504      698      516      560      794      850      700      349      218      858      485      992      0        760      833      652      337      248      333      
35       972      360      117      658      327      983      591      389      1005     737      858      609      431      467      1099     813      730      435      1120     788      545      894      263      282      687      552      373      230      590      1046     554      167      1033     548      760      0        560      145      696      996      1082     
36       1162     820      601      1056     340      1113     200      172      915      953      865      127      905      784      748      756      984      852      914      984      972      968      511      286      1072     281      190      374      159      944      641      722      1279     199      833      560      0        635      987      1070     1148     
37       837      219      36       513      336      856      700      474      919      604      759      704      294      329      1074     730      592      290      1056     656      402      779      200      349      542      560      462      357      630      961      462      207      891      659      652      145      635      0        554      878      963      
38       300      384      579      203      656      360      1131     885      633      125      448      1098     376      231      1016     519      65       294      843      167      263      372      512      765      181      758      884      866      891      671      378      728      337      1099     337      696      987      554      0        429      497      
39       225      771      890      629      814      106      1256     1034     301      313      213      1197     788      568      776      336      364      690      516      263      689      106      747      947      601      792      1041     1098     929      322      466      1079     372      1236     248      996      1070     878      429      0        85       
40       251      851      975      692      898      142      1336     1117     330      387      284      1275     864      649      809      403      433      768      532      335      760      191      833      1031     662      868      1124     1183     1004     341      551      1163     382      1317     333      1082     1148     963      497      85       0        
;



Table delta(i,j)                 Distance
         0        1        2        3        4        5        6        7        8        9        10       11       12       13       14       15       16       17       18       19       20       21       22       23       24       25       26       27       28       29       30       31       32       33       34       35       36       37       38       39       40       
0        0        1430     2290     2140     1670     3750     2570     1870     890      410      1220     2930     2610     3350     270      3460     840      3310     1230     1930     700      540      560      2010     3260     2020     2180     1220     2720     490      3880     2380     530      100      3100     4270     3360     530      2360     3330     930      
1        1430     0        226      196      100      269      137      47       156      115      126      166      130      201      171      206      72       187      233      51       154      105      186      72       190      169      168      72       172      169      245      174      138      143      166      288      193      164      193      208      76       
2        2290     226      0        33       321      488      198      260      310      246      318      377      340      277      238      305      247      328      351      232      161      186      281      294      380      385      80       157      164      278      401      399      176      219      313      365      326      282      65       248      171      
3        2140     196      33       0        293      455      166      228      291      226      294      344      307      247      226      274      223      295      337      200      150      167      268      262      347      358      48       129      135      263      369      370      161      204      280      336      294      266      39       219      146      
4        1670     100      321      293      0        208      226      97       119      126      65       139      119      269      190      263      88       226      198      129      213      160      182      76       185      69       268      164      268      163      259      79       191      172      207      341      235      154      294      288      154      
5        3750     269      488      455      208      0        321      229      320      334      265      112      148      303      399      277      294      223      389      255      415      361      388      196      134      201      416      341      372      369      189      150      394      381      220      320      232      360      441      341      343      
6        2570     137      198      166      226      321      0        130      291      241      263      209      177      86       282      110      206      130      365      96       232      204      309      159      195      294      118      136      51       295      204      283      226      252      118      181      128      292      136      76       164      
7        1870     47       260      228      97       229      130      0        185      155      144      122      85       175      215      174      109      147      266      34       201      152      226      34       143      164      192      114      174      208      200      155      185      188      126      255      154      202      218      191      122      
8        890      156      310      291      119      320      291      185      0        64       55       259      235      356      99       359      84       331      81       205      159      124      71       182      302      126      284      175      319      55       374      171      139      99       310      440      338      45       307      364      149      
9        410      115      246      226      126      334      241      155      64       0        84       254      224      314      65       321      46       302      124      166      100      59       71       164      290      163      222      115      263      54       354      198      78       47       280      403      307      51       243      316      87       
10       1220     126      318      294      65       265      263      144      55       84       0        204      183      319      140      318      71       285      133      170      183      136      123      134      249      79       278      167      298      105      323      119      161      131      265      398      293      95       303      332      147      
11       2930     166      377      344      139      112      209      122      259      254      204      0        37       202      319      182      209      129      338      145      320      267      318      95       52       170      304      236      260      299      131      128      301      296      119      242      139      291      328      237      243      
12       2610     130      340      307      119      148      177      85       235      224      183      37       0        182      288      166      178      118      316      108      285      233      291      61       67       163      268      200      228      271      140      130      267      264      103      235      128      264      292      213      207      
13       3350     201      277      247      269      303      86       175      356      314      319      202      182      0        361      32       273      80       434      150      317      285      384      193      168      331      199      219      113      368      144      308      310      332      83       94       72       364      212      41       245      
14       270      171      238      226      190      399      282      215      99       65       140      319      288      361      0        373      110      359      113      220      77       77       43       227      353      219      235      146      294      46       415      259      65       29       337      454      363      55       253      358      118      
15       3460     206      305      274      263      277      110      174      359      321      318      182      166      32       373      0        279      54       439      155      334      298      393      187      143      323      226      234      143      376      112      295      325      343      63       81       44       371      241      72       258      
16       840      72       247      223      88       294      206      109      84       46       71       209      178      273      110      279      0        256      160      123      124      72       116      118      244      140      208      97       235      98       308      166      103      87       235      360      262      92       232      280      76       
17       3310     187      328      295      226      223      130      147      331      302      285      129      118      80       359      54       256      0        412      138      330      288      373      151      89       280      248      231      175      355      73       248      318      330      21       117      10       349      267      120      251      
18       1230     233      351      337      198      389      365      266      81       124      133      338      316      434      113      439      160      412      0        284      190      175      70       264      383      189      341      239      388      75       455      238      175      133      391      520      419      74       360      440      210      
19       1930     51       232      200      129      255      96       34       205      166      170      145      108      150      220      155      123      138      284      0        194      149      237      68       155      198      161      98       140      220      200      190      180      191      117      237      143      216      187      162      114      
20       700      154      161      150      213      415      232      201      159      100      183      320      285      317      77       334      124      330      190      194      0        53       120      224      344      260      165      100      234      118      395      290      21       60       310      412      333      123      179      307      80       
21       540      105      186      167      160      361      204      152      124      59       136      267      233      285      77       298      72       288      175      149      53       0        110      172      295      211      165      68       217      99       349      238      33       48       267      378      292      101      186      281      40       
22       560      186      281      268      182      388      309      226      71       71       123      318      291      384      43       393      116      373      70       237      120      110      0        232      357      197      274      176      327      19       424      242      106      64       351      474      379      28       292      385      148      
23       2010     72       294      262      76       196      159      34       182      164      134      95       61       193      227      187      118      151      264      68       224      172      232      0        125      138      227      144      206      213      192      124      206      203      131      265      159      206      253      214      149      
24       3260     190      380      347      185      134      195      143      302      290      249      52       67       168      353      143      244      89       383      155      344      295      357      125      0        222      303      253      246      338      78       180      328      328      85       194      98       331      325      206      265      
25       2020     169      385      358      69       201      294      164      126      163      79       170      163      331      219      323      140      280      189      198      260      211      197      138      222      0        335      228      337      181      300      50       239      210      262      397      289      171      361      353      214      
26       2180     168      80       48       268      416      118      192      284      222      278      304      268      199      235      226      208      248      341      161      165      165      274      227      303      335      0        111      88       265      321      342      170      209      233      289      246      267      25       172      135      
27       1220     72       157      129      164      341      136      114      175      115      167      236      200      219      146      234      97       231      239      98       100      68       176      144      253      228      111      0        150      164      298      242      90       116      211      313      234      164      135      213      28       
28       2720     172      164      135      268      372      51       174      319      263      298      260      228      113      294      143      235      175      388      140      234      217      327      206      246      337      88       150      0        314      248      330      233      265      165      201      171      313      99       84       178      
29       490      169      278      263      163      369      295      208      55       54       105      299      271      368      46       376      98       355      75       220      118      99       19       213      338      181      265      164      314      0        405      224      102      59       333      457      361      9        285      370      135      
30       3880     245      401      369      259      189      204      200      374      354      323      131      140      144      415      112      308      73       455      200      395      349      424      192      78       300      321      298      248      405      0        259      381      388      89       132      76       399      341      185      315      
31       2380     174      399      370      79       150      283      155      171      198      119      128      130      308      259      295      166      248      238      190      290      238      242      124      180      50       342      242      330      224      259      0        269      245      232      365      258      214      368      334      233      
32       530      138      176      161      191      394      226      185      139      78       161      301      267      310      65       325      103      318      175      180      21       33       106      206      328      239      170      90       233      102      381      269      0        43       297      404      321      106      187      302      66       
33       100      143      219      204      172      381      252      188      99       47       131      296      264      332      29       343      87       330      133      191      60       48       64       203      328      210      209      116      265      59       388      245      43       0        309      424      335      63       228      329      88       
34       3100     166      313      280      207      220      118      126      310      280      265      119      103      83       337      63       235      21       391      117      310      267      351      131      85       262      233      211      165      333      89       232      297      309      0        135      28       328      254      121      231      
35       4270     288      365      336      341      320      181      255      440      403      398      242      235      94       454      81       360      117      520      237      412      378      474      265      194      397      289      313      201      457      132      365      404      424      135      0        107      453      300      117      338      
36       3360     193      326      294      235      232      128      154      338      307      293      139      128      72       363      44       262      10       419      143      333      292      379      159      98       289      246      234      171      361      76       258      321      335      28       107      0        355      264      113      255      
37       530      164      282      266      154      360      292      202      45       51       95       291      264      364      55       371      92       349      74       216      123      101      28       206      331      171      267      164      313      9        399      214      106      63       328      453      355      0        287      368      135      
38       2360     193      65       39       294      441      136      218      307      243      303      328      292      212      253      241      232      267      360      187      179      186      292      253      325      361      25       135      99       285      341      368      187      228      254      300      264      287      0        183      158      
39       3330     208      248      219      288      341      76       191      364      316      332      237      213      41       358      72       280      120      440      162      307      281      385      214      206      353      172      213      84       370      185      334      302      329      121      117      113      368      183      0        240      
40       930      76       171      146      154      343      164      122      149      87       147      243      207      245      118      258      76       251      210      114      80       40       148      149      265      214      135      28       178      135      315      233      66       88       231      338      255      135      158      240      0        
;

