

sets
i        orders          /0*40/
k        routes          /1*40/
p        positions       /0*40/
;

alias(i,j)
alias(i,h)
alias(i,hh)
alias(i,jj)
alias(k,kk)
                            Parameters

rho(i)	Processing time
/
0	0
1	46
2	20
3	37
4	60
5	59
6	95
7	20
8	98
9	1
10	74
11	42
12	18
13	70
14	87
15	40
16	18
17	21
18	9
19	65
20	17
21	25
22	13
23	76
24	64
25	28
26	18
27	50
28	70
29	80
30	47
31	94
32	93
33	19
34	87
35	86
36	79
37	54
38	4
39	30
40	26
/

gamma(i)	Duedate
/
0	0
1	23
2	24
3	73
4	1
5	88
6	65
7	2
8	66
9	9
10	77
11	48
12	47
13	9
14	59
15	86
16	9
17	17
18	73
19	20
20	62
21	21
22	33
23	64
24	54
25	13
26	32
27	20
28	4
29	78
30	52
31	34
32	42
33	33
34	56
35	33
36	46
37	7
38	78
39	21
40	3
/

sigma(i)	Size
/
0	0
1	8
2	2
3	9
4	7
5	4
6	8
7	2
8	1
9	9
10	4
11	1
12	4
13	7
14	2
15	1
16	7
17	1
18	9
19	7
20	3
21	4
22	6
23	5
24	7
25	6
26	3
27	9
28	7
29	3
30	6
31	1
32	4
33	2
34	2
35	1
36	4
37	4
38	2
39	4
40	7
/

epsilon(i)	Priority
/
0	0
1	4
2	4
3	3
4	1
5	5
6	9
7	7
8	8
9	2
10	5
11	6
12	1
13	2
14	8
15	9
16	9
17	3
18	6
19	6
20	8
21	9
22	4
23	9
24	6
25	5
26	5
27	6
28	5
29	9
30	3
31	2
32	9
33	4
34	5
35	8
36	3
37	3
38	5
39	5
40	6
/

psi	Vehicle Capacity
/ 59 /
;

Table kappa(i,j)                 Setup
         0        1        2        3        4        5        6        7        8        9        10       11       12       13       14       15       16       17       18       19       20       21       22       23       24       25       26       27       28       29       30       31       32       33       34       35       36       37       38       39       40       
0        0        1312     411      1207     1452     506      1710     524      1112     1232     934      1259     1531     1442     406      1524     548      1337     316      462      1023     864      1758     1506     814      419      1519     653      486      1367     628      1416     803      582      297      1338     1303     561      378      436      302      
1        1312     0        1268     640      986      1085     1130     1570     1964     1192     501      391      917      2081     932      949      1742     185      1586     1580     1288     607      1284     2147     913      1079     559      776      1474     1371     1655     1886     1303     755      1032     210      440      766      964      1337     1081     
2        411      1268     0        965      1675     825      1927     935      1523     1532     794      1339     1725     1851     392      1727     493      1348     435      322      1366     695      2004     1916     509      730      1615     495      897      1689     1038     1812     1168     532      516      1227     1122     534      366      70       589      
3        1207     640      965      0        1547     1242     1731     1639     2158     1646     351      973      1510     2374     813      1535     1454     817      1383     1281     1644     364      1872     2443     465      1187     1191     556      1558     1833     1742     2233     1567     668      1024     461      232      700      835      1019     1111     
4        1452     986      1675     1547     0        961      258      1350     1434     400      1251     596      148      1372     1290     111      1999     810      1766     1890     666      1318     339      1425     1600     1036     525      1339     1266     498      1379     1120     857      1207     1187     1193     1400     1188     1311     1740     1151     
5        506      1085     825      1242     961      0        1219     491      920      727      898      897      1055     1142     532      1043     1052     1042     810      965      541      882      1256     1211     1006     94       1121     742      394      870      570      1039     361      594      316      1187     1247     560      533      875      235      
6        1710     1130     1927     1731     258      1219     0        1594     1627     601      1457     758      222      1515     1539     205      2258     945      2024     2148     883      1534     168      1561     1827     1295     595      1573     1513     635      1617     1252     1092     1448     1443     1340     1563     1430     1562     1993     1409     
7        524      1570     935      1639     1350     491      1594     0        588      1017     1318     1385     1468     935      836      1448     907      1533     672      904      744      1276     1592     996      1304     492      1595     1091     97       1092     106      953      509      971      614      1656     1685     940      819      954      529      
8        1112     1964     1523     2158     1434     920      1627     588      0        1036     1817     1688     1578     395      1387     1544     1449     1881     1234     1473     776      1794     1564     442      1868     970      1830     1632     634      1005     488      540      667      1495     1154     2091     2166     1462     1376     1541     1060     
9        1232     1192     1532     1646     400      727      601      1017     1036     0        1309     820      546      983      1181     511      1775     1045     1529     1692     283      1349     575      1040     1583     818      862      1305     944      186      1028     742      508      1155     1017     1380     1548     1127     1195     1589     954      
10       934      501      794      351      1251     898      1457     1318     1817     1309     0        719      1235     2024     528      1255     1284     630      1162     1115     1294     106      1585     2093     416      849      976      303      1233     1496     1418     1882     1217     356      709      432      371      383      556      860      788      
11       1259     391      1339     973      596      897      758      1385     1688     820      719      0        538      1754     954      567      1762     225      1566     1619     957      808      904      1818     1118     924      276      898      1288     992      1454     1540     1022     810      961      597      808      804      983      1409     976      
12       1531     917      1725     1510     148      1055     222      1468     1578     546      1235     538      0        1520     1334     42       2075     734      1847     1958     806      1311     366      1573     1606     1123     409      1356     1381     644      1503     1268     985      1234     1254     1127     1346     1218     1358     1791     1229     
13       1442     2081     1851     2374     1372     1142     1515     935      395      983      2024     1754     1520     0        1658     1481     1827     1967     1602     1838     798      2020     1415     69       2140     1214     1841     1884     956      883      847      266      807      1736     1424     2236     2347     1703     1652     1878     1329     
14       406      932      392      813      1290     532      1539     836      1387     1181     528      954      1334     1658     0        1338     818      985      654      666      1054     460      1623     1726     483      448      1228     257      763      1350     941      1570     893      180      234      937      897      166      31       461      330      
15       1524     949      1727     1535     111      1043     205      1448     1544     511      1255     567      42       1481     1338     0        2070     767      1840     1955     774      1329     336      1534     1621     1114     449      1367     1361     604      1480     1228     960      1243     1251     1159     1375     1226     1361     1793     1222     
16       548      1742     493      1454     1999     1052     2258     907      1449     1775     1284     1762     2075     1827     818      2070     0        1804     248      173      1550     1187     2307     1884     991      967      2032     981      921      1900     983      1860     1318     988      823      1716     1616     982      787      435      848      
17       1337     185      1348     817      810      1042     945      1533     1881     1045     630      225      734      1967     985      767      1804     0        1629     1649     1169     732      1100     2032     1046     1052     375      870      1436     1218     1611     1760     1214     819      1044     395      625      822      1016     1418     1078     
18       316      1586     435      1383     1766     810      2024     672      1234     1529     1162     1566     1847     1602     654      1840     248      1629     0        242      1302     1076     2067     1661     939      729      1830     861      677      1653     755      1622     1070     833      607      1586     1517     820      623      406      619      
19       462      1580     322      1281     1890     965      2148     904      1473     1692     1115     1619     1958     1838     666      1955     173      1649     242      0        1485     1017     2207     1898     818      874      1891     813      899      1829     991      1846     1262     830      704      1548     1443     826      636      262      744      
20       1023     1288     1366     1644     666      541      883      744      776      283      1294     957      806      798      1054     774      1550     1169     1302     1485     0        1313     856      862      1501     635      1064     1225     678      354      748      601      239      1070     855      1452     1585     1039     1061     1416     776      
21       864      607      695      364      1318     882      1534     1276     1794     1349     106      808      1311     2020     460      1329     1187     732      1076     1017     1313     0        1656     2089     314      824      1070     215      1194     1535     1378     1890     1216     304      662      533      442      336      486      760      748      
22       1758     1284     2004     1872     339      1256     168      1592     1564     575      1585     904      366      1415     1623     336      2307     1100     2067     2207     856      1656     0        1457     1940     1339     759      1679     1516     558      1603     1149     1082     1546     1506     1493     1712     1526     1643     2068     1462     
23       1506     2147     1916     2443     1425     1211     1561     996      442      1040     2093     1818     1573     69       1726     1534     1884     2032     1661     1898     862      2089     1457     0        2209     1283     1900     1953     1020     933      906      309      876      1805     1493     2303     2416     1772     1720     1942     1397     
24       814      913      509      465      1600     1006     1827     1304     1868     1583     416      1118     1606     2140     483      1621     991      1046     939      818      1501     314      1940     2209     0        927      1383     278      1238     1763     1410     2044     1364     432      717      810      652      463      492      557      813      
25       419      1079     730      1187     1036     94       1295     492      970      818      849      924      1123     1214     448      1114     967      1052     729      874      635      824      1339     1283     927      0        1161     670      398      964      582      1122     449      527      224      1165     1207     494      446      781      140      
26       1519     559      1615     1191     525      1121     595      1595     1830     862      976      276      409      1841     1228     449      2032     375      1830     1891     1064     1070     759      1900     1383     1161     0        1172     1500     1004     1654     1605     1180     1086     1222     765      999      1080     1257     1685     1228     
27       653      776      495      556      1339     742      1573     1091     1632     1305     303      898      1356     1884     257      1367     981      870      861      813      1225     215      1679     1953     278      670      1172     0        1015     1485     1195     1776     1096     154      480      735      657      186      279      562      572      
28       486      1474     897      1558     1266     394      1513     97       634      944      1233     1288     1381     956      763      1361     921      1436     677      899      678      1194     1516     1020     1238     398      1500     1015     0        1030     185      947      440      890      535      1563     1597     858      748      922      446      
29       1367     1371     1689     1833     498      870      635      1092     1005     186      1496     992      644      883      1350     604      1900     1218     1653     1829     354      1535     558      933      1763     964      1004     1485     1030     0        1084     625      592      1333     1172     1562     1733     1304     1361     1743     1103     
30       628      1655     1038     1742     1379     570      1617     106      488      1028     1418     1454     1503     847      941      1480     983      1611     755      991      748      1378     1603     906      1410     582      1654     1195     185      1084     0        886      524      1073     717      1748     1783     1042     924      1054     630      
31       1416     1886     1812     2233     1120     1039     1252     953      540      742      1882     1540     1268     266      1570     1228     1860     1760     1622     1846     601      1890     1149     309      2044     1122     1605     1776     947      625      886      0        680      1623     1344     2054     2184     1590     1569     1848     1251     
32       803      1303     1168     1567     857      361      1092     509      667      508      1217     1022     985      807      893      960      1318     1214     1070     1262     239      1216     1082     876      1364     449      1180     1096     440      592      524      680      0        944      674      1442     1541     910      894      1213     585      
33       582      755      532      668      1207     594      1448     971      1495     1155     356      810      1234     1736     180      1243     988      819      833      830      1070     304      1546     1805     432      527      1086     154      890      1333     1073     1623     944      0        357      757      728      33       211      602      443      
34       297      1032     516      1024     1187     316      1443     614      1154     1017     709      961      1254     1424     234      1251     823      1044     607      704      855      662      1506     1493     717      224      1222     480      535      1172     717      1344     674      357      0        1079     1079     327      227      572      95       
35       1338     210      1227     461      1193     1187     1340     1656     2091     1380     432      597      1127     2236     937      1159     1716     395      1586     1548     1452     533      1493     2303     810      1165     765      735      1563     1562     1748     2054     1442     757      1079     0        240      777      968      1293     1142     
36       1303     440      1122     232      1400     1247     1563     1685     2166     1548     371      808      1346     2347     897      1375     1616     625      1517     1443     1585     442      1712     2416     652      1207     999      657      1597     1733     1783     2184     1541     728      1079     240      0        755      925      1182     1157     
37       561      766      534      700      1188     560      1430     940      1462     1127     383      804      1218     1703     166      1226     982      822      820      826      1039     336      1526     1772     463      494      1080     186      858      1304     1042     1590     910      33       327      777      755      0        197      605      411      
38       378      964      366      835      1311     533      1562     819      1376     1195     556      983      1358     1652     31       1361     787      1016     623      636      1061     486      1643     1720     492      446      1257     279      748      1361     924      1569     894      211      227      968      925      197      0        434      323      
39       436      1337     70       1019     1740     875      1993     954      1541     1589     860      1409     1791     1878     461      1793     435      1418     406      262      1416     760      2068     1942     557      781      1685     562      922      1743     1054     1848     1213     602      572      1293     1182     605      434      0        641      
40       302      1081     589      1111     1151     235      1409     529      1060     954      788      976      1229     1329     330      1222     848      1078     619      744      776      748      1462     1397     813      140      1228     572      446      1103     630      1251     585      443      95       1142     1157     411      323      641      0        
;



Table delta(i,j)                 Distance
         0        1        2        3        4        5        6        7        8        9        10       11       12       13       14       15       16       17       18       19       20       21       22       23       24       25       26       27       28       29       30       31       32       33       34       35       36       37       38       39       40       
0        0        276      427      150      175      230      246      226      88       160      18       79       312      338      270      174      243      288      88       357      31       122      270      291      289      47       59       450      119      263      303      34       273      189      284      246      142      247      384      251      215      
1        276      0        153      130      160      197      303      220      223      116      258      227      110      203      9        250      210      210      202      214      294      291      68       287      315      229      241      179      168      287      241      242      9        160      72       44       148      236      108      194      132      
2        427      153      0        276      283      288      395      313      376      266      408      381      150      226      158      364      338      270      355      224      442      422      165      356      389      380      386      27       321      369      295      393      159      305      186      193      290      320      47       275      242      
3        150      130      276      0        70       138      218      150      122      20       132      122      166      216      122      147      203      185      96       234      165      168      121      230      246      105      111      299      72       215      210      117      128      130      159      110      25       174      235      151      87       
4        175      160      283      70       0        69       152      80       178      88       158      176      145      164      151      90       273      121      152      183      177      138      118      160      176      140      119      302      138      146      143      149      163      201      210      158      50       103      249      85       43       
5        230      197      288      138      69       0        109      25       246      154      215      243      138      114      188      84       340      58       220      132      225      158      136      95       118      202      171      302      207      90       75       210      202      268      258      208      119      40       264      22       66       
6        246      303      395      218      152      109      0        84       295      238      237      289      244      191      294      77       419      131      273      205      227      130      245      65       46       238      192      406      273      33       118      240      308      347      361      309      194      74       372      120      171      
7        226      220      313      150      80       25       84       0        251      169      212      247      163      130      211      65       354      69       225      148      217      141      161      79       97       202      167      326      216      68       77       208      225      281      280      229      129      23       289      41       88       
8        88       223      376      122      178      246      295      251      0        120      79       9        287      338      219      218      155      300      27       356      119      191      238      327      333      61       109      402      55       304      321      65       217      104      213      184      130      274      330      263      208      
9        160      116      266      20       88       154      238      169      120      0        142      122      166      225      109      168      185      198      95       242      178      188      117      248      265      113      127      290      66       234      224      126      113      113      139      91       46       191      223      165      98       
10       18       258      408      132      158      215      237      212      79       142      0        70       293      322      252      163      234      273      75       340      42       118      252      280      279      29       45       432      104      253      289      17       255      177      268      228      124      233      365      236      198      
11       79       227      381      122      176      243      289      247      9        122      70       0        288      337      223      212      164      297      27       355      110      183      240      323      328      53       101      406      59       299      318      57       222      112      219      190      129      270      335      261      207      
12       312      110      150      166      145      138      244      163      287      166      293      288      0        96       105      216      314      123      261      105      319      281      52       208      241      269      261      163      232      219      151      281      119      254      181      147      169      170      130      124      101      
13       338      203      226      216      164      114      191      130      338      225      322      337      96       0        197      196      396      62       311      18       336      271      137      137      172      304      280      230      289      159      75       313      212      330      275      235      208      123      219      91       130      
14       270      9        158      122      151      188      294      211      219      109      252      223      105      197      0        241      212      202      197      208      287      283      60       279      306      223      234      183      163      278      232      236      15       160      78       45       140      228      113      185      123      
15       174      250      364      147      90       84       77       65       218      168      163      212      216      196      241      0        344      135      195      213      160      76       202      117      116      161      117      379      196      89       140      164      253      272      299      247      122      80       333      105      123      
16       243      210      338      203      273      340      419      354      155      185      234      164      314      396      212      344      0        380      162      411      275      337      263      434      449      211      256      366      148      419      408      219      201      72       153      167      226      377      292      350      280      
17       288      210      270      185      121      58       131      69       300      198      273      297      123      62       202      135      380      0        273      78       283      211      143      86       119      259      229      278      257      101      30       267      218      310      279      232      170      61       254      37       100      
18       88       202      355      96       152      220      273      225      27       95       75       27       261      311      197      195      162      273      0        329      117      175      213      302      310      49       93       381      34       280      295      58       197      102      199      166      103      249      310      237      181      
19       357      214      224      234      183      132      205      148      356      242      340      355      105      18       208      213      411      78       329      0        355      289      149      148      183      322      299      226      306      172      87       332      223      345      286      248      226      139      221      110      148      
20       31       294      442      165      177      225      227      217      119      178      42       110      319      336      287      160      275      283      117      355      0        98       281      277      271      70       58       464      145      247      295      59       292      219      308      267      152      236      400      247      220      
21       122      291      422      168      138      158      130      141      191      188      118      183      281      271      283      76       337      211      175      289      98       0        256      186      176      129      82       440      190      155      216      126      292      270      327      278      145      156      387      180      180      
22       270      68       165      121      118      136      245      161      238      117      252      240      52       137      60       202      263      143      213      149      281      256      0        222      251      226      224      185      182      225      173      238      76       202      139      98       128      174      132      130      79       
23       291      287      356      230      160      95       65       79       327      248      280      323      208      137      279      117      434      86       302      148      277      186      222      0        34       275      234      363      295      32       62       279      294      361      352      303      209      56       339      93       161      
24       289      315      389      246      176      118      46       97       333      265      279      328      241      172      306      116      449      119      310      183      271      176      251      34       0        278      234      397      307      30       97       281      320      376      377      326      223      78       371      121      185      
25       47       229      380      105      140      202      238      202      61       113      29       53       269      304      223      161      211      259      49       322      70       129      226      275      278      0        48       404      75       250      277      12       226      150      238      199      100      225      337      222      177      
26       59       241      386      111      119      171      192      167      109      127      45       101      261      280      234      117      256      229      93       299      58       82       224      234      234      48       0        407      111      207      244      47       240      191      263      218      95       188      345      193      161      
27       450      179      27       299      302      302      406      326      402      290      432      406      163      230      183      379      366      278      381      226      464      440      185      363      397      404      407      0        347      378      301      416      185      332      213      220      312      331      74       286      260      
28       119      168      321      72       138      207      273      216      55       66       104      59       232      289      163      196      148      257      34       306      145      190      182      295      307      75       111      347      0        276      281      86       163      80       165      131      87       240      276      222      160      
29       263      287      369      215      146      90       33       68       304      234      253      299      219      159      278      89       419      101      280      172      247      155      225      32       30       250      207      378      276      0        85       253      293      346      348      297      193      50       349      96       156      
30       303      241      295      210      143      75       118      77       321      224      289      318      151      75       232      140      408      30       295      87       295      216      173      62       97       277      244      301      281      85       0        284      248      337      309      262      193      60       281      59       127      
31       34       242      393      117      149      210      240      208      65       126      17       57       281      313      236      164      219      267      58       332      59       126      238      279      281      12       47       416      86       253      284      0        239      160      250      211      111      231      349      230      187      
32       273      9        159      128      163      202      308      225      217      113      255      222      119      212      15       253      201      218      197      223      292      292      76       294      320      226      240      185      163      293      248      239      0        151      63       36       148      242      113      200      137      
33       189      160      305      130      201      268      347      281      104      113      177      112      254      330      160      272      72       310      102      345      219      270      202      361      376      150      191      332      80       346      337      160      151      0        123      115      153      305      257      279      209      
34       284      72       186      159      210      258      361      280      213      139      268      219      181      275      78       299      153      279      199      286      308      327      139      352      377      238      263      213      165      348      309      250      63       123      0        51       183      299      139      259      192      
35       246      44       193      110      158      208      309      229      184      91       228      190      147      235      45       247      167      232      166      248      267      278      98       303      326      199      218      220      131      297      262      211      36       115      51       0        133      248      146      210      141      
36       142      148      290      25       50       119      194      129      130      46       124      129      169      208      140      122      226      170      103      226      152      145      128      209      223      100      95       312      87       193      193      111      148      153      183      133      0        153      250      135      78       
37       247      236      320      174      103      40       74       23       274      191      233      270      170      123      228      80       377      61       249      139      236      156      174      56       78       225      188      331      240      50       60       231      242      305      299      248      153      0        299      46       106      
38       384      108      47       235      249      264      372      289      330      223      365      335      130      219      113      333      292      254      310      221      400      387      132      339      371      337      345      74       276      349      281      349      113      257      139      146      250      299      0        253      211      
39       251      194      275      151      85       22       120      41       263      165      236      261      124      91       185      105      350      37       237      110      247      180      130      93       121      222      193      286      222      96       59       230      200      279      259      210      135      46       253      0        70       
40       215      132      242      87       43       66       171      88       208      98       198      207      101      130      123      123      280      100      181      148      220      180      79       161      185      177      161      260      160      156      127      187      137      209      192      141      78       106      211      70       0        
;

