
sets
i        orders          /0*10/
k        routes          /1*10/
p        positions       /0*10/
;

alias(i,j)
alias(i,h)
alias(i,hh)
alias(i,jj)
alias(k,kk)
                
                    Parameters

rho(i)	Processing time
/
0	0
1	51
2	61
3	90
4	41
5	29
6	54
7	43
8	65
9	85
10	14
/

gamma(i)	Duedate
/
0	0
1	41
2	61
3	22
4	93
5	46
6	64
7	68
8	9
9	67
10	86
/

sigma(i)	Size
/
0	0
1	5
2	4
3	9
4	9
5	4
6	8
7	7
8	1
9	4
10	7
/

epsilon(i)	Priority
/
0	0
1	6
2	8
3	3
4	7
5	6
6	1
7	7
8	1
9	2
10	3
/

psi	Vehicle Capacity
/ 13 /
;

Table kappa(i,j)                 Setup
         0        1        2        3        4        5        6        7        8        9        10       
0        0        47       8        14       93       5        80       55       73       74       60       
1        47       0        50       46       53       44       91       55       47       93       47       
2        8        50       0        8        98       6        88       63       80       81       67       
3        14       46       8        0        96       9        94       66       80       88       69       
4        93       53       98       96       0        92       91       63       29       101      48       
5        5        44       6        9        92       0        85       58       74       79       61       
6        80       91       88       94       91       85       0        36       63       15       48       
7        55       55       63       66       63       58       36       0        34       41       15       
8        73       47       80       80       29       74       63       34       0        72       19       
9        74       93       81       88       101      79       15       41       72       0        55       
10       60       47       67       69       48       61       48       15       19       55       0        
;



Table delta(i,j)                 Distance
         0        1        2        3        4        5        6        7        8        9        10       
0        0        5970     2550     5310     3780     3840     1830     9480     5100     8280     2610     
1        5970     0        281      138      190      157      210      146      45       149      123      
2        2550     281      0        231      193      177      118      401      254      359      161      
3        5310     138      231      0        250      55       224      283      155      285      101      
4        3780     190      193      250      0        219      74       247      145      187      151      
5        3840     157      177      55       219      0        181      302      159      291      69       
6        1830     210      118      224      74       181      0        301      170      250      124      
7        9480     146      401      283      247      302      301      0        151      71       258      
8        5100     45       254      155      145      159      170      151      0        132      107      
9        8280     149      359      285      187      291      250      71       132      0        235      
10       2610     123      161      101      151      69       124      258      107      235      0        
;

