
sets
i        orders          /0*20/
k        routes          /1*20/
p        positions       /0*20/
;

alias(i,j)
alias(i,h)
alias(i,hh)
alias(i,jj)
alias(k,kk)
                
                    Parameters

rho(i)	Processing time
/
0	0
1	31
2	96
3	41
4	21
5	92
6	91
7	86
8	42
9	72
10	8
11	37
12	90
13	44
14	65
15	17
16	18
17	17
18	68
19	98
20	36
/

gamma(i)	Duedate
/
0	0
1	61
2	95
3	94
4	55
5	49
6	84
7	41
8	11
9	19
10	31
11	52
12	3
13	13
14	68
15	70
16	51
17	51
18	48
19	71
20	44
/

sigma(i)	Size
/
0	0
1	8
2	7
3	9
4	3
5	1
6	2
7	8
8	6
9	6
10	1
11	5
12	8
13	7
14	8
15	3
16	7
17	3
18	5
19	1
20	5
/

epsilon(i)	Priority
/
0	0
1	3
2	5
3	3
4	4
5	4
6	5
7	6
8	5
9	5
10	1
11	5
12	6
13	8
14	7
15	2
16	7
17	9
18	2
19	6
20	2
/

psi	Vehicle Capacity
/ 39 /
;

Table kappa(i,j)                 Setup
         0        1        2        3        4        5        6        7        8        9        10       11       12       13       14       15       16       17       18       19       20       
0        0        93       160      36       171      67       97       149      84       43       116      13       142      114      165      129      114      36       63       98       68       
1        93       0        173      97       81       60       76       77       10       70       48       82       106      31       76       36       27       92       88       61       26       
2        160      173      0        196      196      204      97       143      165      190      139      152      88       204      185      193      165      195      217      112      173      
3        36       97       196      0        178      48       125      165      91       27       132      44       170      108      173      130      123      4        31       122      70       
4        171      81       196      178      0        137      112      53       87       150      66       159      109      78       11       50       57       173      166      97       107      
5        67       60       204      48       137      0        116      137      59       24       106      64       156      62       135      88       88       44       28       106      38       
6        97       76       97       125      112      116      0        67       68       109      47       85       45       107      102      98       69       122      135      16       80       
7        149      77       143      165      53       137      67       0        78       141      32       136      56       94       41       69       50       162      163      55       99       
8        84       10       165      91       87       59       68       78       0        65       47       73       102      41       82       46       31       87       85       55       21       
9        43       70       190      27       150      24       109      141      65       0        109      42       152      81       147      103      96       23       26       102      43       
10       116      48       139      132      66       106      47       32       47       109      0        103      60       73       56       55       28       129      132      31       68       
11       13       82       152      44       159      64       85       136      73       42       103      0        130      105      153      119      102      43       66       85       59       
12       142      106      88       170      109      156      45       56       102      152      60       130      0        133      98       115      89       167      178      49       118      
13       114      31       204      108      78       62       107      94       41       81       73       105      133      0        79       29       45       104      90       92       46       
14       165      76       185      173      11       135      102      41       82       147      56       153      98       79       0        50       51       169      164      87       103      
15       129      36       193      130      50       88       98       69       46       103      55       119      115      29       50       0        28       126      116      82       61       
16       114      27       165      123      57       88       69       50       31       96       28       102      89       45       51       28       0        118      115      53       52       
17       36       92       195      4        173      44       122      162      87       23       129      43       167      104      169      126      118      0        28       119      66       
18       63       88       217      31       166      28       135      163      85       26       132      66       178      90       164      116      115      28       0        128      64       
19       98       61       112      122      97       106      16       55       55       102      31       85       49       92       87       82       53       119      128      0        69       
20       68       26       173      70       107      38       80       99       21       43       68       59       118      46       103      61       52       66       64       69       0        
;



Table delta(i,j)                 Distance
         0        1        2        3        4        5        6        7        8        9        10       11       12       13       14       15       16       17       18       19       20       
0        0        440      150      1340     580      990      390      580      1170     1110     1110     490      1400     1250     1050     1100     680      670      340      1190     750      
1        440      0        56       131      90       143      79       23       161      88       139      81       158      117      149      154      109      110      48       139      49       
2        150      56       0        148      64       92       24       65       109      126      116      56       148      139      94       98       53       62       49       127      78       
3        1340     131      148      0        103      173      169      153      185      63       97       104      72       17       201      208      189      146      99       72       179      
4        580      90       64       103      0        74       75       111      89       111      52       9        85       101      98       105      88       43       43       64       132      
5        990      143      92       173      74       0        80       157      17       184      87       78       130      173      34       42       65       34       108      114      170      
6        390      79       24       169      75       80       0        84       96       151      124      69       160      161      74       77       30       57       71       139      92       
7        580      23       65       153      111      157      84       0        175      105      161      101      181      138      159      162      114      125      71       162      26       
8        1170     161      109      185      89       17       96       175      0        200      95       94       137      187      38       44       78       51       125      122      187      
9        1110     88       126      63       111      184      151      105      200      0        132      106      124      45       204      211      178      151      81       115      130      
10       1110     139      116      97       52       87       124      161      95       132      0        61       43       104      121      128      130      74       90       27       183      
11       490      81       56       104      9        78       69       101      94       106      61       0        92       101      99       106      85       45       34       71       123      
12       1400     158      148      72       85       130      160      181      137      124      43       92       0        85       164      172      170      116      111      21       206      
13       1250     117      139      17       101      173      161      138      187      45       104      101      85       0        199      207      183      144      90       81       164      
14       1050     149      94       201      98       34       74       159      38       204      121      99       164      199      0        7        49       55       124      146      166      
15       1100     154      98       208      105      42       77       162      44       211      128      106      172      207      7        0        50       62       130      154      168      
16       680      109      53       189      88       65       30       114      78       178      130      85       170      183      49       50       0        55       96       149      119      
17       670      110      62       146      43       34       57       125      51       151      74       45       116      144      55       62       55       0        74       96       140      
18       340      48       49       99       43       108      71       71       125      81       90       34       111      90       124      130      96       74       0        91       94       
19       1190     139      127      72       64       114      139      162      122      115      27       71       21       81       146      154      149      96       91       0        186      
20       750      49       78       179      132      170      92       26       187      130      183      123      206      164      166      168      119      140      94       186      0        
;

