
sets
i        orders          /0*20/
k        routes          /1*20/
p        positions       /0*20/
;

alias(i,j)
alias(i,h)
alias(i,hh)
alias(i,jj)
alias(k,kk)
                
                    Parameters

rho(i)	Processing time
/
0	0
1	69
2	47
3	60
4	76
5	2
6	3
7	91
8	41
9	19
10	46
11	86
12	33
13	32
14	94
15	63
16	82
17	23
18	34
19	97
20	65
/

gamma(i)	Duedate
/
0	0
1	85
2	73
3	31
4	17
5	80
6	86
7	86
8	57
9	54
10	55
11	92
12	78
13	37
14	62
15	96
16	27
17	50
18	95
19	45
20	75
/

sigma(i)	Size
/
0	0
1	1
2	6
3	9
4	9
5	3
6	9
7	5
8	6
9	2
10	3
11	2
12	6
13	1
14	9
15	6
16	2
17	2
18	2
19	5
20	6
/

epsilon(i)	Priority
/
0	0
1	1
2	4
3	4
4	5
5	1
6	9
7	2
8	2
9	6
10	2
11	3
12	3
13	9
14	3
15	9
16	8
17	7
18	6
19	1
20	9
/

psi	Vehicle Capacity
/ 11 /
;

Table kappa(i,j)                 Setup
         0        1        2        3        4        5        6        7        8        9        10       11       12       13       14       15       16       17       18       19       20       
0        0        73       106      94       44       116      89       162      110      120      43       133      80       46       87       80       23       58       72       81       148      
1        73       0        89       72       115      127      16       118      156      66       41       62       143      59       27       47       83       79       145      77       177      
2        106      89       0        16       144      48       91       66       104      56       70       100      124      60       117      42       92       150      157      160      103      
3        94       72       16       0        134      60       74       71       110      47       55       88       123      48       100      25       83       135      150      143      115      
4        44       115      144      134      0        143      132      205      117      165      87       177      70       86       125      123      52       70       35       98       161      
5        116      127      48       60       143      0        132      104      65       104      95       148      100      78       155      82       95       170      145      186      55       
6        89       16       91       74       132      132      0        109      167      57       54       46       158      70       29       50       97       93       161      88       184      
7        162      118      66       71       205      104      109      0        168      51       120      87       191      118      138      83       154      194      221      196      154      
8        110      156      104      110      117      65       167      168      0        157      115      195      51       97       181      123      87       168      103      191      47       
9        120      66       56       47       165      104      57       51       157      0        77       46       166      81       86       42       117      145      186      144      159      
10       43       41       70       55       87       95       54       120      115      77       0        94       103      18       65       37       44       79       111      91       140      
11       133      62       100      88       177      148      46       87       195      46       94       0        195      106      66       71       138      138      205      129      203      
12       80       143      124      123      70       100      158      191      51       166      103      195      0        89       164      126      61       132      51       158      98       
13       46       59       60       48       86       78       70       118      97       81       18       106      89       0        84       39       36       93       105      108      121      
14       87       27       117      100      125      155      29       138      181      86       65       66       164      84       0        74       102      73       158      62       204      
15       80       47       42       25       123      82       50       83       123      42       37       71       126      39       74       0        75       113      144      119      135      
16       23       83       92       83       52       95       97       154      87       117      44       138      61       36       102      75       0        81       69       104      124      
17       58       79       150      135      70       170      93       194      168      145      79       138      132      93       73       113      81       0        105      28       205      
18       72       145      157      150      35       145      161      221      103      186      111      205      51       105      158      144      69       105      0        133      150      
19       81       77       160      143      98       186      88       196      191      144      91       129      158      108      62       119      104      28       133      0        226      
20       148      177      103      115      161      55       184      154      47       159      140      203      98       121      204      135      124      205      150      226      0        
;



Table delta(i,j)                 Distance
         0        1        2        3        4        5        6        7        8        9        10       11       12       13       14       15       16       17       18       19       20       
0        0        430      2070     2020     1790     730      1510     2130     1300     1070     1610     560      1080     2230     510      1930     1270     1680     1020     1720     1050     
1        430      0        194      160      166      82       112      173      110      85       148      39       123      209      25       158      85       159      71       157      62       
2        2070     194      0        181      28       139      149      172      86       271      46       233      130      17       219      122      221      39       249      37       203      
3        2020     160      181      0        165      192      54       19       129      181      161      180      221      184      169      60       104      175      156      156      110      
4        1790     166      28       165      0        113      128      159      59       244      18       205      109      43       191      108      195      17       222      10       177      
5        730      82       139      192      113      0        137      197      79       167      95       118      41       156      106      161      155      100      153      108      131      
6        1510     112      149      54       128      137      0        62       81       152      119      138      168      157      125      52       81       134      126      117      74       
7        2130     173      172      19       159      197      62       0        129      199      156      195      224      174      183      50       122      170      173      150      126      
8        1300     110      86       129      59       79       81       129      0        185      43       148      96       100      134      86       138      57       163      48       119      
9        1070     85       271      181      244      167      152      199      185      0        227      51       207      285      60       205      77       239      25       234      77       
10       1610     148      46       161      18       95       119      156      43       227      0        188      94       62       173      107      182      15       206      13       162      
11       560      39       233      180      205      118      138      195      148      51       188      0        157      248      14       188      85       198      48       196      70       
12       1080     123      130      221      109      41       168      224      96       207      94       157      0        147      147      183      195      91       195      107      171      
13       2230     209      17       184      43       156      157      174      100      285      62       248      147      0        234      124      231      56       262      52       215      
14       510      25       219      169      191      106      125      183      134      60       173      14       147      234      0        174      79       184      51       182      61       
15       1930     158      122      60       108      161      52       50       86       205      107      188      183      124      174      0        133      121      179      100      127      
16       1270     85       221      104      195      155      81       122      138      77       182      85       195      231      79       133      0        196      52       185      24       
17       1680     159      39       175      17       100      134      170      57       239      15       198      91       56       184      121      196      0        218      21       176      
18       1020     71       249      156      222      153      126      173      163      25       206      48       195      262      51       179      52       218      0        212      51       
19       1720     157      37       156      10       108      117      150      48       234      13       196      107      52       182      100      185      21       212      0        166      
20       1050     62       203      110      177      131      74       126      119      77       162      70       171      215      61       127      24       176      51       166      0        
;

