
sets
i        orders          /0*40/
k        routes          /1*40/
p        positions       /0*40/
;

alias(i,j)
alias(i,h)
alias(i,hh)
alias(i,jj)
alias(k,kk)
                
                    Parameters

rho(i)	Processing time
/
0	0
1	63
2	83
3	75
4	47
5	6
6	21
7	21
8	90
9	55
10	29
11	32
12	88
13	2
14	43
15	9
16	62
17	86
18	53
19	50
20	50
21	13
22	60
23	93
24	51
25	18
26	29
27	30
28	15
29	53
30	13
31	77
32	27
33	49
34	48
35	45
36	39
37	65
38	53
39	41
40	38
/

gamma(i)	Duedate
/
0	0
1	77
2	35
3	29
4	68
5	23
6	22
7	77
8	58
9	79
10	24
11	73
12	95
13	52
14	75
15	84
16	12
17	46
18	17
19	42
20	70
21	71
22	42
23	96
24	60
25	30
26	40
27	58
28	94
29	61
30	28
31	54
32	56
33	89
34	40
35	75
36	98
37	73
38	76
39	38
40	45
/

sigma(i)	Size
/
0	0
1	2
2	4
3	5
4	8
5	5
6	4
7	1
8	5
9	3
10	4
11	6
12	2
13	4
14	4
15	4
16	9
17	1
18	2
19	3
20	4
21	5
22	9
23	2
24	7
25	9
26	1
27	4
28	5
29	4
30	6
31	5
32	8
33	4
34	4
35	3
36	5
37	1
38	5
39	4
40	3
/

epsilon(i)	Priority
/
0	0
1	3
2	7
3	9
4	4
5	9
6	6
7	7
8	1
9	1
10	6
11	9
12	7
13	3
14	9
15	7
16	3
17	9
18	2
19	7
20	8
21	8
22	9
23	2
24	2
25	1
26	1
27	4
28	6
29	5
30	7
31	8
32	6
33	3
34	2
35	5
36	7
37	3
38	4
39	8
40	6
/

psi	Vehicle Capacity
/ 41 /
;

Table kappa(i,j)                 Setup
         0        1        2        3        4        5        6        7        8        9        10       11       12       13       14       15       16       17       18       19       20       21       22       23       24       25       26       27       28       29       30       31       32       33       34       35       36       37       38       39       40       
0        0        744      637      614      1033     654      476      113      1032     858      247      261      931      201      523      323      155      431      878      840      616      436      1150     966      255      296      555      691      765      696      123      936      603      530      263      488      378      316      245      923      491      
1        744      0        802      247      749      1061     268      825      499      619      645      1005     286      549      238      680      824      369      956      524      342      1093     584      1004     627      697      196      732      318      534      819      724      1276     252      582      818      366      625      533      1095     509      
2        637      802      0        872      519      313      637      593      719      396      400      753      775      644      741      900      539      493      241      456      463      590      824      329      399      341      732      119      563      317      573      410      728      575      782      177      635      864      495      320      946      
3        614      247      872      0        946      1079     235      715      737      794      601      870      532      414      131      466      731      380      1068     710      471      1020     828      1131     586      669      144      834      516      671      715      900      1200     309      394      838      272      415      468      1188     267      
4        1033     749      519      946      0        815      765      1031     350      176      791      1218     541      944      846      1195     988      675      443      236      495      1103     400      422      779      768      812      404      434      339      1013     109      1248     664      1065     683      831      1144     808      595      1138     
5        654      1061     313      1079     815      0        849      563      1033     707      496      652      1076     750      948      970      507      709      416      770      742      390      1137     495      506      421      952      431      862      626      546      708      471      815      877      244      813      949      628      356      1082     
6        476      268      637      235      765      849      0        556      630      599      390      737      477      286      104      468      557      144      837      531      271      833      739      904      373      451      103      603      368      459      551      703      1015     102      349      606      103      412      269      954      372      
7        113      825      593      715      1031     563      556      0        1068     861      244      196      989      301      615      433      57       486      828      857      656      323      1187     918      259      265      644      663      808      704      19       929      492      596      376      428      465      428      299      857      604      
8        1032     499      719      737      350      1033     630      1068     0        340      828      1265     227      885      675      1098     1040     606      741      262      415      1232     119      745      812      837      632      603      269      414      1054     395      1401     535      976      838      724      1042     787      898      978      
9        858      619      396      794      176      707      599      861      340      0        619      1051     465      768      686      1019     820      501      404      101      328      957      433      420      606      601      655      276      303      163      844      106      1112     499      890      541      659      969      631      561      971      
10       247      645      400      601      791      496      390      244      828      619      0        439      766      259      477      504      212      278      641      612      421      449      947      728      18       74       491      444      574      460      228      691      632      396      393      278      329      472      134      705      587      
11       261      1005     753      870      1218     652      737      196      1265     1051     439      0        1182     461      784      501      230      679      978      1051     852      301      1384     1068     454      449      817      837      1005     896      210      1113     414      785      493      578      640      518      491      982      713      
12       931      286      775      532      541      1076     477      989      227      465      766      1182     0        758      495      937      972      503      860      365      353      1205     298      885      749      796      450      674      214      459      978      553      1383     402      825      852      580      881      691      1015     788      
13       201      549      644      414      944      750      286      301      885      768      259      461      758      0        322      261      321      282      880      729      479      614      1001     962      253      333      356      663      616      606      302      859      790      357      138      537      183      220      151      958      333      
14       523      238      741      131      846      948      104      615      675      686      477      784      495      322      0        445      624      248      940      610      358      908      778      1006     461      543      44       706      429      553      613      791      1090     188      343      707      153      389      347      1058     303      
15       323      680      900      466      1195     970      468      433      1098     1019     504      501      937      261      445      0        479      520      1139     971      712      749      1207     1222     502      573      489      924      833      860      445      1114     902      563      129      779      376      56       412      1209     232      
16       155      824      539      731      988      507      557      57       1040     820      212      230      972      321      624      479      0        473      773      821      632      292      1159     863      228      219      649      614      785      665      38       884      469      586      412      372      471      470      290      800      638      
17       431      369      493      380      675      709      144      486      606      501      278      679      503      282      248      520      473      0        699      451      197      728      723      769      260      327      244      465      337      346      476      600      910      117      391      465      161      468      188      811      482      
18       878      956      241      1068     443      416      837      828      741      404      641      978      860      880      940      1139     773      699      0        499      616      777      823      90       640      582      924      234      669      423      808      354      884      760      1018     401      852      1100     729      157      1170     
19       840      524      456      710      236      770      531      857      262      101      612      1051     365      729      610      971      821      451      499      0        262      986      370      520      598      607      576      341      206      160      841      200      1149     429      843      581      601      919      603      655      903      
20       616      342      463      471      495      742      271      656      415      328      421      852      353      479      358      712      632      197      616      262      0        852      534      669      404      444      329      390      153      201      643      433      1030     170      584      507      339      659      371      752      643      
21       436      1093     590      1020     1103     390      833      323      1232     957      449      301      1205     614      908      749      292      728      777      986      852      0        1349     863      467      409      930      698      1001     825      316      993      183      845      699      419      755      750      564      744      927      
22       1150     584      824      828      400      1137     739      1187     119      433      947      1384     298      1001     778      1207     1159     723      823      370      534      1349     0        816      931      956      734      706      386      526      1173     469      1516     648      1087     950      836      1151     905      980      1077     
23       966      1004     329      1131     422      495      904      918      745      420      728      1068     885      962      1006     1222     863      769      90       520      669      863      816      0        725      670      987      305      705      470      898      349      965      822      1100     492      925      1182     811      182      1246     
24       255      627      399      586      779      506      373      259      812      606      18       454      749      253      461      502      228      260      640      598      404      467      931      725      0        85       475      439      557      447      243      681      650      378      389      284      314      468      121      707      578      
25       296      697      341      669      768      421      451      265      837      601      74       449      796      333      543      573      219      327      582      607      444      409      956      670      85       0        554      400      594      449      246      665      589      444      466      205      398      544      206      637      662      
26       555      196      732      144      812      952      103      644      632      655      491      817      450      356      44       489      649      244      924      576      329      930      734      987      475      554      0        690      390      528      640      761      1112     165      386      708      179      433      366      1046     345      
27       691      732      119      834      404      431      603      663      603      276      444      837      674      663      706      924      614      465      234      341      390      698      706      305      439      400      690      0        467      215      644      295      844      526      799      279      620      882      512      362      940      
28       765      318      563      516      434      862      368      808      269      303      574      1005     214      616      429      833      785      337      669      206      153      1001     386      705      557      594      390      467      0        252      796      406      1177     270      709      638      457      778      520      818      731      
29       696      534      317      671      339      626      459      704      414      163      460      896      459      606      553      860      665      346      423      160      201      825      526      470      447      449      528      215      252      0        687      254      989      365      730      424      507      810      468      569      825      
30       123      819      573      715      1013     546      551      19       1054     844      228      210      978      302      613      445      38       476      808      841      643      316      1173     898      243      246      640      644      796      687      0        911      488      587      384      408      461      439      290      837      611      
31       936      724      410      900      109      708      703      929      395      106      691      1113     553      859      791      1114     884      600      354      200      433      993      469      349      681      665      761      295      406      254      911      0        1138     604      985      574      759      1065     718      510      1074     
32       603      1276     728      1200     1248     471      1015     492      1401     1112     632      414      1383     790      1090     902      469      910      884      1149     1030     183      1516     965      650      589      1112     844      1177     989      488      1138     0        1028     866      570      937      909      746      822      1094     
33       530      252      575      309      664      815      102      596      535      499      396      785      402      357      188      563      586      117      760      429      170      845      648      822      378      444      165      526      270      365      587      604      1028     0        440      571      188      508      297      885      474      
34       263      582      782      394      1065     877      349      376      976      890      393      493      825      138      343      129      412      391      1018     843      584      699      1087     1100     389      466      386      799      709      730      384      985      866      440      0        671      251      82       288      1095     228      
35       488      818      177      838      683      244      606      428      838      541      278      578      852      537      707      779      372      465      401      581      507      419      950      492      284      205      708      279      638      424      408      574      570      571      671      0        575      749      400      435      861      
36       378      366      635      272      831      813      103      465      724      659      329      640      580      183      153      376      471      161      852      601      339      755      836      925      314      398      179      620      457      507      461      759      937      188      251      575      0        321      196      955      322      
37       316      625      864      415      1144     949      412      428      1042     969      472      518      881      220      389      56       470      468      1100     919      659      750      1151     1182     468      544      433      882      778      810      439      1065     909      508      82       749      321      0        371      1176     197      
38       245      533      495      468      808      628      269      299      787      631      134      491      691      151      347      412      290      188      729      603      371      564      905      811      121      206      366      512      520      468      290      718      746      297      288      400      196      371      0        811      461      
39       923      1095     320      1188     595      356      954      857      898      561      705      982      1015     958      1058     1209     800      811      157      655      752      744      980      182      707      637      1046     362      818      569      837      510      822      885      1095     435      955      1176     811      0        1266     
40       491      509      946      267      1138     1082     372      604      978      971      587      713      788      333      303      232      638      482      1170     903      643      927      1077     1246     578      662      345      940      731      825      611      1074     1094     474      228      861      322      197      461      1266     0        
;



Table delta(i,j)                 Distance
         0        1        2        3        4        5        6        7        8        9        10       11       12       13       14       15       16       17       18       19       20       21       22       23       24       25       26       27       28       29       30       31       32       33       34       35       36       37       38       39       40       
0        0        2100     6990     1140     4470     2220     9960     7440     8970     1380     10470    7590     4500     4980     9510     7080     8490     12600    10470    9360     7080     8700     5550     6990     8250     10560    11940    10590    690      2010     1290     4740     10080    8940     6630     3840     3360     9480     5730     4050     13860    
1        2100     0        169      85       186      139      279      177      232      117      317      186      159      96       252      167      215      372      292      254      165      221      136      199      205      310      361      312      94       121      38       88       300      227      231      60       114      323      126      156      409      
2        6990     169      0        228      275      283      124      100      70       275      211      156      213      85       84       122      161      223      128      92       69       74       74       126      133      180      237      186      255      255      189      100      188      132      253      108      187      314      42       230      248      
3        1140     85       228      0        112      56       316      258      297      51       322      271      113      172      312      251      300      400      335      299      242      291      171      208      288      329      372      329      42       35       48       168      310      309      183      131      79       278      189      97       444      
4        4470     186      275      112      0        100      323      336      345      134      286      362      67       250      350      336      387      386      350      318      312      348      202      198      370      310      339      307      143      85       150      251      282      384      97       211      90       185      247      45       439      
5        2220     139      283      56       100      0        364      314      352      37       357      325      133      228      366      305      354      443      386      350      298      347      222      250      343      370      409      369      56       29       102      224      348      364      192      188      115      284      244      110      491      
6        9960     279      124      316      323      364      0        210      119      367      122      269      256      208      93       237      264      99       31       34       184      146      146      125      236      73       126      82       351      335      289      223      100      222      264      222      251      286      161      280      130      
7        7440     177      100      258      336      314      210      0        100      295      310      58       283      87       131      29       61       306      202      175      30       74       157      223      36       275      332      282      271      292      211      90       287      50       337      128      246      407      97       294      318      
8        8970     232      70       297      345      352      119      100      0        343      234      157      282      138      31       129      147      209      105      86       83       27       143      180      119      191      245      199      322      326      256      151      211      102      317      171      257      367      108      300      218      
9        1380     117      275      51       134      37       367      295      343      0        372      299      155      212      359      283      330      451      386      349      282      334      221      259      322      380      423      380      24       50       86       205      360      344      220      173      127      314      234      135      496      
10       10470    317      211      322      286      357      122      310      234      372      0        367      227      278      212      333      370      115      150      150      281      258      187      118      341      52       53       44       363      328      312      292      23       333      200      275      244      185      233      252      174      
11       7590     186      156      271      362      325      269      58       157      299      367      0        316      116      188      34       32       364      261      234      86       130      204      275      43       333      391      340      275      307      223      111      344      72       376      152      275      453      144      323      375      
12       4500     159      213      113      67       133      256      283      282      155      227      316      0        200      285      287      338      322      283      251      257      287      139      132      318      246      280      244      154      106      131      205      220      330      72       165      45       167      189      25       374      
13       4980     96       85       172      250      228      208      87       138      212      278      116      200      0        162      86       137      306      213      178      69       125      96       170      120      256      312      261      189      206      126      15       257      137      260      41       161      339      47       209      334      
14       9510     252      84       312      350      366      93       131      31       359      212      188      285      162      0        160      177      179      75       62       112      58       148      173      150      166      219      174      339      338      274      175      189      132      314      191      265      357      125      305      187      
15       7080     167      122      251      336      305      237      29       129      283      333      34       287      86       160      0        50       334      231      203      53       103      170      240      38       300      357      307      259      286      203      85       310      65       345      125      248      420      110      296      347      
16       8490     215      161      300      387      354      264      61       147      330      370      32       338      137      177      50       0        357      253      230      91       119      218      285      28       332      389      339      306      335      252      135      346      49       395      176      299      467      157      347      362      
17       12600    372      223      400      386      443      99       306      209      451      115      364      322      306      179      334      357      0        104      132      282      237      237      193      329      76       75       80       438      414      378      322      108      311      309      318      328      300      260      347      58       
18       10470    292      128      335      350      386      31       202      105      386      150      261      283      213      75       231      253      104      0        37       180      133      164      153      225      99       147      108      369      356      305      228      129      208      293      233      275      317      169      306      120      
19       9360     254      92       299      318      350      34       175      86       349      150      234      251      178      62       203      230      132      37       0        150      112      128      125      201      105      159      113      332      320      268      193      127      188      267      196      240      300      132      273      156      
20       7080     165      69       242      312      298      184      30       83       282      281      86       257      69       112      53       91       282      180      150      0        61       128      193      65       247      304      253      259      274      196      77       258      72       309      110      222      377      69       270      297      
21       8700     221      74       291      348      347      146      74       27       334      258      130      287      125      58       103      119      237      133      112      61       0        148      195      91       216      272      224      313      321      248      136      235      76       327      162      258      383      103      303      245      
22       5550     136      74       171      202      222      146      157      143      221      187      204      139      96       148      170      218      237      164      128      128      148      0        74       193      174      227      177      205      193      142      108      168      199      181      88       116      249      60       157      276      
23       6990     199      126      208      198      250      125      223      180      259      118      275      132      170      173      240      285      193      153      125      193      195      74       0        258      120      165      120      248      220      194      183      103      259      142      160      134      188      131      156      243      
24       8250     205      133      288      370      343      236      36       119      322      341      43       318      120      150      38       28       329      225      201      65       91       193      258      0        304      360      311      298      323      241      121      318      29       373      160      281      443      133      328      335      
25       10560    310      180      329      310      370      73       275      191      380      52       333      246      256      166      300      332      76       99       105      247      216      174      120      304      0        57       8        368      340      311      271      36       292      233      261      255      233      209      272      132      
26       11940    361      237      372      339      409      126      332      245      423      53       391      280      312      219      357      389      75       147      159      304      272      227      165      360      57       0        51       413      380      359      327      62       348      253      315      295      230      266      305      132      
27       10590    312      186      329      307      369      82       282      199      380      44       340      244      261      174      307      339      80       108      113      253      224      177      120      311      8        51       0        368      339      313      275      29       300      228      264      254      225      214      270      137      
28       690      94       255      42       143      56       351      271      322      24       363      275      154      189      339      259      306      438      369      332      259      313      205      248      298      368      413      368      0        57       65       182      351      321      223      151      121      318      214      137      481      
29       2010     121      255      35       85       29       335      292      326      50       328      307      106      206      338      286      335      414      356      320      274      321      193      220      323      340      380      339      57       0        83       202      319      342      169      164      85       263      218      85       461      
30       1290     38       189      48       150      102      289      211      256      86       312      223      131      126      274      203      252      378      305      268      196      248      142      194      241      311      359      313      65       83       0        121      297      261      203      86       87       297      148      124      419      
31       4740     88       100      168      251      224      223      90       151      205      292      111      205      15       175      85       135      322      228      193      77       136      108      183      121      271      327      275      182      202      121      0        271      140      267      40       164      348      62       212      348      
32       10080    300      188      310      282      348      100      287      211      360      23       344      220      257      189      310      346      108      129      127      258      235      168      103      318      36       62       29       351      319      297      271      0        310      201      256      233      197      211      246      166      
33       8940     227      132      309      384      364      222      50       102      344      333      72       330      137      132      65       49       311      208      188      72       76       199      259      29       292      348      300      321      342      261      140      310      0        380      178      295      446      141      342      314      
34       6630     231      253      183      97       192      264      337      317      220      200      376      72       260      314      345      395      309      293      267      309      327      181      142      373      233      253      228      223      169      203      267      201      380      0        229      117      95       239      85       365      
35       3840     60       108      131      211      188      222      128      171      173      275      152      165      41       191      125      176      318      233      196      110      162      88       160      160      261      315      264      151      164      86       40       256      178      229      0        123      313      66       171      352      
36       3360     114      187      79       90       115      251      246      257      127      244      275      45       161      265      248      299      328      275      240      222      258      116      134      281      255      295      254      121      85       87       164      233      295      117      123      0        210      157      48       376      
37       9480     323      314      278      185      284      286      407      367      314      185      453      167      339      357      420      467      300      317      300      377      383      249      188      443      233      230      225      318      263      297      348      197      446      95       313      210      0        310      181      358      
38       5730     126      42       189      247      244      161      97       108      234      233      144      189      47       125      110      157      260      169      132      69       103      60       131      133      209      266      214      214      218      148      62       211      141      239      66       157      310      0        203      289      
39       4050     156      230      97       45       110      280      294      300      135      252      323      25       209      305      296      347      347      306      273      270      303      157      156      328      272      305      270      137      85       124      212      246      342      85       171      48       181      203      0        399      
40       13860    409      248      444      439      491      130      318      218      496      174      375      374      334      187      347      362      58       120      156      297      245      276      243      335      132      132      137      481      461      419      348      166      314      365      352      376      358      289      399      0        
;

