
sets
i        orders          /0*40/
k        routes          /1*40/
p        positions       /0*40/
;

alias(i,j)
alias(i,h)
alias(i,hh)
alias(i,jj)
alias(k,kk)
                
                    Parameters

rho(i)	Processing time
/
0	0
1	52
2	99
3	94
4	80
5	26
6	24
7	87
8	46
9	28
10	10
11	36
12	35
13	79
14	23
15	41
16	34
17	77
18	53
19	2
20	34
21	59
22	5
23	37
24	90
25	8
26	81
27	89
28	60
29	50
30	98
31	63
32	32
33	88
34	22
35	64
36	11
37	47
38	18
39	46
40	4
/

gamma(i)	Duedate
/
0	0
1	60
2	89
3	49
4	47
5	52
6	69
7	27
8	51
9	84
10	24
11	75
12	98
13	15
14	14
15	31
16	44
17	38
18	16
19	55
20	23
21	23
22	86
23	64
24	37
25	72
26	24
27	74
28	3
29	77
30	10
31	47
32	87
33	35
34	2
35	2
36	20
37	77
38	33
39	78
40	13
/

sigma(i)	Size
/
0	0
1	2
2	9
3	4
4	5
5	4
6	9
7	9
8	6
9	9
10	1
11	6
12	6
13	8
14	8
15	2
16	4
17	7
18	1
19	1
20	8
21	9
22	2
23	9
24	9
25	4
26	3
27	7
28	9
29	4
30	6
31	9
32	6
33	7
34	3
35	9
36	5
37	7
38	5
39	7
40	5
/

epsilon(i)	Priority
/
0	0
1	1
2	6
3	7
4	4
5	6
6	7
7	3
8	7
9	1
10	5
11	5
12	2
13	7
14	3
15	3
16	5
17	3
18	2
19	6
20	9
21	1
22	3
23	8
24	2
25	7
26	6
27	6
28	5
29	8
30	9
31	4
32	7
33	8
34	9
35	4
36	2
37	5
38	7
39	1
40	5
/

psi	Vehicle Capacity
/ 27 /
;

Table kappa(i,j)                 Setup
         0        1        2        3        4        5        6        7        8        9        10       11       12       13       14       15       16       17       18       19       20       21       22       23       24       25       26       27       28       29       30       31       32       33       34       35       36       37       38       39       40       
0        0        800      1002     27       187      1348     947      661      1065     491      937      1003     947      632      309      1161     1099     492      1115     359      1133     190      207      191      780      930      251      551      312      1168     96       969      1208     335      687      943      1164     1026     527      266      733      
1        800      0        210      812      711      594      451      224      311      470      241      261      610      669      566      555      717      654      355      666      476      830      595      645      619      743      565      250      713      374      754      440      618      514      709      517      449      405      272      699      637      
2        1002     210      0        1012     921      478      540      371      255      674      174      121      606      855      776      435      673      792      162      875      466      1016     795      838      777      766      773      451      923      166      951      516      496      699      801      500      397      440      475      877      712      
3        27       812      1012     0        214      1365     968      667      1081     514      943      1010     941      658      332      1161     1092     479      1122     386      1152     165      216      190      806      919      270      562      339      1179     84       991      1208     337      673      940      1182     1046     539      252      722      
4        187      711      921      214      0        1218     785      622      944      326      887      944      983      444      154      1147     1136     585      1052     171      985      363      212      262      596      998      156      481      128      1086     244      811      1201     356      778      959      1027     878      454      384      801      
5        1348     594      478      1365     1218     0        506      813      287      903      650      582      1076     971      1063     835      1121     1246     534      1112     275      1410     1157     1219     819      1240     1097     829      1172     400      1321     470      883      1100     1275     968      196      368      845      1288     1189     
6        947      451      540      968      785      506      0        639      341      458      669      653      1061     467      639      971      1166     1014     696      648      233      1057     791      867      313      1188     701      553      711      622      947      37       1033     791      1118     968      317      144      553      970      1062     
7        661      224      371      667      622      813      639      0        534      484      276      345      454      725      503      529      588      432      458      633      698      650      454      482      729      556      466      161      663      531      597      636      585      337      488      386      674      619      187      507      424      
8        1065     311      255      1081     944      287      341      534      0        641      423      376      855      754      790      683      928      966      382      853      212      1122     871      931      632      1008     816      541      910      287      1035     308      741      812      1011     750      147      209      557      1000     931      
9        491      470      674      514      326      903      458      484      641      0        693      730      928      249      181      994      1069     682      826      211      661      620      364      444      322      998      257      323      269      828      503      484      1055     420      839      870      709      553      301      565      822      
10       937      241      174      943      887      650      669      276      423      693      0        79       433      907      756      314      508      656      187      874      630      920      730      758      860      592      732      407      913      289      872      650      377      611      640      327      569      589      434      774      547      
11       1003     261      121      1010     944      582      653      345      376      730      79       0        493      931      807      318      553      735      112      919      588      994      795      827      869      657      790      463      961      211      941      631      380      682      718      386      517      559      490      848      623      
12       947      610      606      941      983      1076     1061     454      855      928      433      493      0        1175     905      339      152      488      554      1044     1058     845      776      758      1183     171      839      606      1060     688      857      1050     349      629      348      107      1001     1006     627      701      252      
13       632      669      855      658      444      971      467      725      754      249      907      931      1175     0        361      1217     1314     919      1015     273      700      798      569      647      178      1248     455      568      326      990      676      503      1279     656      1085     1112     776      602      547      775      1071     
14       309      566      776      332      154      1063     639      503      790      181      756      807      905      361      0        1032     1054     571      913      140      833      447      208      286      484      945      94       350      159      939      327      663      1089     311      750      866      873      725      322      414      754      
15       1161     555      435      1161     1147     835      971      529      683      994      314      318      339      1217     1032     0        308      771      307      1160     895      1101     963      971      1175     503      991      685      1192     437      1082     949      62       825      672      260      815      875      712      950      570      
16       1099     717      673      1092     1136     1121     1166     588      928      1069     508      553      152      1314     1054     308      0        633      586      1193     1138     992      928      910      1312     237      990      746      1210     722      1008     1152     290      782      474      204      1071     1097     768      850      387      
17       492      654      792      479      585      1246     1014     432      966      682      656      735      488      919      571      771      633      0        841      704      1116     361      378      325      998      441      481      462      695      941      396      1020     804      263      195      518      1102     1027     461      227      248      
18       1115     355      162      1122     1052     534      696      458      382      826      187      112      554      1015     913      307      586      841      0        1020     592      1106     907      940      939      724      899      572      1065     135      1054     669      362      795      811      447      508      584      599      960      713      
19       359      666      875      386      171      1112     648      633      853      211      874      919      1044     273      140      1160     1193     704      1020     0        863      530      329      399      429      1085     223      474      62       1033     409      678      1218     448      887      1003     917      756      447      528      893      
20       1133     476      466      1152     985      275      233      698      212      661      630      588      1058     700      833      895      1138     1116     592      863      0        1220     957      1027     545      1206     881      663      925      485      1119     197      953      927      1185     955      102      107      672      1114     1113     
21       190      830      1016     165      363      1410     1057     650      1122     620      920      994      845      798      447      1101     992      361      1106     530      1220     0        265      192      931      800      363      582      491      1180     121      1075     1142     317      545      862      1236     1116     564      151      609      
22       207      595      795      216      212      1157     791      454      871      364      730      795      776      569      208      963      928      378      907      329      957      265      0        80       683      786      114      345      316      962      163      810      1013     146      567      759      979      853      323      206      589      
23       191      645      838      190      262      1219     867      482      931      444      758      827      758      647      286      971      910      325      940      399      1027     192      80       0        763      751      193      395      379      1004     114      884      1018     147      519      752      1044     924      375      129      553      
24       780      619      777      806      596      819      313      729      632      322      860      869      1183     178      484      1175     1312     998      939      429      545      931      683      763      0        1278     571      588      488      893      810      350      1237     740      1146     1108     630      455      574      886      1116     
25       930      743      766      919      998      1240     1188     556      1008     998      592      657      171      1248     945      503      237      441      724      1085     1206     800      786      751      1278     0        867      690      1091     856      835      1181     504      644      257      276      1155     1146     706      668      198      
26       251      565      773      270      156      1097     701      466      816      257      732      790      839      455      94       991      990      481      899      223      881      363      114      193      571      867      0        327      223      939      247      722      1046     225      663      809      912      775      300      320      673      
27       551      250      451      562      481      829      553      161      541      323      407      463      606      568      350      685      746      462      572      474      663      582      345      395      588      690      327      0        508      617      504      558      743      270      572      546      664      568      27       459      531      
28       312      713      923      339      128      1172     711      663      910      269      913      961      1060     326      159      1192     1210     695      1065     62       925      491      316      379      488      1091     223      508      0        1082     372      740      1249     448      883      1024     978      818      481      505      896      
29       1168     374      166      1179     1086     400      622      531      287      828      289      211      688      990      939      437      722      941      135      1033     485      1180     962      1004     893      856      939      617      1082     0        1116     592      487      863      929      580      393      496      642      1039     834      
30       96       754      951      84       244      1321     947      597      1035     503      872      941      857      676      327      1082     1008     396      1054     409      1119     121      163      114      810      835      247      504      372      1116     0        967      1128     261      591      858      1142     1014     483      169      638      
31       969      440      516      991      811      470      37       636      308      484      650      631      1050     503      663      949      1152     1020     669      678      197      1075     810      884      350      1181     722      558      740      592      967      0        1011     803      1118     955      280      107      560      984      1060     
32       1208     618      496      1208     1201     883      1033     585      741      1055     377      380      349      1279     1089     62       290      804      362      1218     953      1142     1013     1018     1237     504      1046     743      1249     487      1128     1011     0        873      693      287      871      936      770      991      592      
33       335      514      699      337      356      1100     791      337      812      420      611      682      629      656      311      825      782      263      795      448      927      317      146      147      740      644      225      270      448      863      261      803      873      0        439      614      933      828      256      188      449      
34       687      709      801      673      778      1275     1118     488      1011     839      640      718      348      1085     750      672      474      195      811      887      1185     545      567      519      1146     257      663      572      883      929      591      1118     693      439      0        412      1155     1107     579      421      102      
35       943      517      500      940      959      968      968      386      750      870      327      386      107      1112     866      260      204      518      447      1003     955      862      759      752      1108     276      809      546      1024     580      858      955      287      614      412      0        896      906      569      712      309      
36       1164     449      397      1182     1027     196      317      674      147      709      569      517      1001     776      873      815      1071     1102     508      917      102      1236     979      1044     630      1155     912      664      978      393      1142     280      871      933      1155     896      0        175      677      1122     1077     
37       1026     405      440      1046     878      368      144      619      209      553      589      559      1006     602      725      875      1097     1027     584      756      107      1116     853      924      455      1146     775      568      818      496      1014     107      936      828      1107     906      175      0        576      1014     1040     
38       527      272      475      539      454      845      553      187      557      301      434      490      627      547      322      712      768      461      599      447      672      564      323      375      574      706      300      27       481      642      483      560      770      256      579      569      677      576      0        445      543      
39       266      699      877      252      384      1288     970      507      1000     565      774      848      701      775      414      950      850      227      960      528      1114     151      206      129      886      668      320      459      505      1039     169      984      991      188      421      712      1122     1014     445      0        473      
40       733      637      712      722      801      1189     1062     424      931      822      547      623      252      1071     754      570      387      248      713      893      1113     609      589      553      1116     198      673      531      896      834      638      1060     592      449      102      309      1077     1040     543      473      0        
;



Table delta(i,j)                 Distance
         0        1        2        3        4        5        6        7        8        9        10       11       12       13       14       15       16       17       18       19       20       21       22       23       24       25       26       27       28       29       30       31       32       33       34       35       36       37       38       39       40       
0        0        9750     10470    3870     11550    12360    5190     10200    5790     7530     5430     2550     7620     8820     450      4200     8610     6810     6480     7530     11310    6480     3840     12150    10470    6540     9030     11430    13440    1260     10140    13440    12210    2970     4830     10950    8250     3660     10200    6750     10050    
1        9750     0        43       269      83       168      213      146      236      74       291      251      294      187      323      186      298      98       235      74       158      329      239      87       87       108      49       226      204      335      13       191      103      294      269      231      236      217      232      103      25       
2        10470    43       0        305      104      126      252      187      236      107      292      281      284      167      346      209      283      128      231      103      120      326      251      56       123      140      93       192      161      354      41       148      63       307      274      200      220      249      205      124      62       
3        3870     269      305      0        306      402      61       234      249      198      265      66       327      317      140      131      355      179      270      202      372      309      185      357      262      165      230      402      440      168      280      434      368      195      237      392      322      67       373      193      270      
4        11550    83       104      306      0        221      245      110      318      139      372      305      377      268      386      252      381      163      318      143      223      411      314      104      47       168      84       297      250      401      72       234      133      368      349      305      318      268      309      177      59       
5        12360    168      126      402      221      0        357      313      247      212      298      362      259      139      405      282      243      225      232      206      38       316      291      121      248      240      217      99       38       405      167      35       91       343      291      118      190      337      138      208      188      
6        5190     213      252      61       245      357      0        174      242      146      271      90       323      290      181      115      347      131      260      152      331      317      188      301      201      117      171      370      395      206      223      388      315      214      241      363      305      62       347      151      212      
7        10200    146      187      234      110      313      174      0        333      146      380      255      406      319      345      230      418      160      340      154      305      425      306      208      67       155      103      371      346      366      145      332      235      351      353      374      360      218      371      187      124      
8        5790     236      236      249      318      247      242      333      0        189      56       185      80       111      180      127      106      172      23       182      209      94       67       287      304      177      244      193      277      171      248      282      275      102      43       175      82       186      149      147      258      
9        7530     74       107      198      139      212      146      146      189      0        240      177      260      178      250      114      272      24       195      8        190      283      176      160      115      34       57       242      251      264      86       242      169      229      215      240      214      143      232      42       84       
10       5430     291      292      265      372      298      271      380      56       240      0        199      73       158      166      159      108      221      66       233      259      46       82       343      356      224      296      233      325      149      303      332      331      82       29       213      116      209      185      198      312      
11       2550     251      281      66       305      362      90       255      185      177      199      0        262      263      91       80       291      153      207      178      330      243      120      336      267      143      222      350      399      115      263      396      342      130      171      338      261      37       317      159      258      
12       7620     294      284      327      377      259      323      406      80       260      73       262      0        124      240      207      34       246      65       252      222      62       141      328      370      253      311      178      280      223      305      290      310      155      94       156      69       265      129      218      318      
13       8820     187      167      317      268      139      290      319      111      178      158      263      124      0        283      186      116      174      93       169      101      177      166      206      271      186      217      87       166      278      196      173      187      212      154      74       55       249      57       146      212      
14       450      323      346      140      386      405      181      345      180      250      166      91       240      283      0        137      273      226      203      249      369      201      117      402      351      218      302      370      439      28       336      440      403      84       147      354      263      126      329      221      335      
15       4200     186      209      131      252      282      115      230      127      114      159      80       207      186      137      0        232      89       144      112      250      206      79       265      222      84       168      271      319      149      199      317      268      121      130      261      192      64       241      85       198      
16       8610     298      283      355      381      243      347      418      106      272      108      291      34       116      273      232      0        260      87       263      208      93       171      323      378      269      320      155      260      257      308      272      302      189      126      133      62       292      107      232      323      
17       6810     98       128      179      163      225      131      160      172      24       221      153      246      174      226      89       260      0        180      24       200      265      154      182      137      14       80       245      264      239      110      257      190      205      195      241      205      121      230      28       109      
18       6480     235      231      270      318      232      260      340      23       195      66       207      65       93       203      144      87       180      0        187      193      95       90       280      307      187      248      172      259      193      247      266      266      124      62       154      59       205      127      153      258      
19       7530     74       103      202      143      206      152      154      182      8        233      178      252      169      249      112      263      24       187      0        183      276      171      158      122      36       62       233      244      261      87       236      166      225      209      232      205      145      223      35       86       
20       11310    158      120      372      223      38       331      305      209      190      259      330      222      101      369      250      208      200      193      183      0        278      254      132      243      215      204      76       70       368      160      73       105      305      253      90       153      307      106      180      181      
21       6480     329      326      309      411      316      317      425      94       283      46       243      62       177      201      206      93       265      95       276      278      0        129      374      398      269      338      240      339      180      341      348      360      119      75       218      126      256      191      241      351      
22       3840     239      251      185      314      291      188      306      67       176      82       120      141      166      117      79       171      154      90       171      254      129      0        306      291      153      233      253      325      113      252      327      301      55       53       237      149      127      212      137      257      
23       12150    87       56       357      104      121      301      208      287      160      343      336      328      206      402      265      323      182      280      158      132      374      306      0        141      194      132      209      147      411      78       130      30       362      326      222      261      303      233      180      93       
24       10470    87       123      262      47       248      201      67       304      115      356      267      370      271      351      222      378      137      307      122      243      398      291      141      0        138      59       313      281      369      82       266      168      342      331      318      317      229      318      157      62       
25       6540     108      140      165      168      240      117      155      177      34       224      143      253      186      218      84       269      14       187      36       215      269      153      194      138      0        84       259      278      233      120      271      203      203      197      255      215      109      243      40       117      
26       9030     49       93       230      84       217      171      103      244      57       296      222      311      217      302      168      320      80       248      62       204      338      233      132      59       84       0        267      253      317      55       241      151      285      272      270      260      186      267      98       40       
27       11430    226      192      402      297      99       370      371      193      242      233      350      178      87       370      271      155      245      172      233      76       240      253      209      313      259      267      0        107      364      230      121      181      296      235      21       117      334      49       220      250      
28       13440    204      161      440      250      38       395      346      277      251      325      399      280      166      439      319      260      264      259      244      70       339      325      147      281      278      253      107      0        438      202      19       117      375      320      128      213      375      153      246      222      
29       1260     335      354      168      401      405      206      366      171      264      149      115      223      278      28       149      257      239      193      261      368      180      113      411      369      233      317      364      438      0        348      441      409      69       133      347      253      149      320      232      348      
30       10140    13       41       280      72       167      223      145      248      86       303      263      305      196      336      199      308      110      247      87       160      341      252      78       82       120      55       230      202      348      0        189      96       307      282      237      245      229      239      116      20       
31       13440    191      148      434      234      35       388      332      282      242      332      396      290      173      440      317      272      257      266      236      73       348      327      130      266      271      241      121      19       441      189      0        100      378      326      142      222      371      165      241      209      
32       12210    103      63       368      133      91       315      235      275      169      331      342      310      187      403      268      302      190      266      166      105      360      301      30       168      203      151      181      117      409      96       100      0        357      317      196      242      311      209      183      114      
33       2970     294      307      195      368      343      214      351      102      229      82       130      155      212      84       121      189      205      124      225      305      119      55       362      342      203      285      296      375      69       307      378      357      0        64       278      184      151      251      191      311      
34       4830     269      274      237      349      291      241      353      43       215      29       171      94       154      147      130      126      195      62       209      253      75       53       326      331      197      272      235      320      133      282      326      317      64       0        216      121      180      189      173      290      
35       10950    231      200      392      305      118      363      374      175      240      213      338      156      74       354      261      133      241      154      232      90       218      237      222      318      255      270      21       128      347      237      142      196      278      216      0        97       324      28       215      256      
36       8250     236      220      322      318      190      305      360      82       214      116      261      69       55       263      192      62       205      59       205      153      126      149      261      317      215      260      117      213      253      245      222      242      184      121      97       0        255      69       176      261      
37       3660     217      249      67       268      337      62       218      186      143      209      37       265      249      126      64       292      121      205      145      307      256      127      303      229      109      186      334      375      149      229      371      311      151      180      324      255      0        305      130      223      
38       10200    232      205      373      309      138      347      371      149      232      185      317      129      57       329      241      107      230      127      223      106      191      212      233      318      243      267      49       153      320      239      165      209      251      189      28       69       305      0        203      257      
39       6750     103      124      193      177      208      151      187      147      42       198      159      218      146      221      85       232      28       153      35       180      241      137      180      157      40       98       220      246      232      116      241      183      191      173      215      176      130      203      0        120      
40       10050    25       62       270      59       188      212      124      258      84       312      258      318      212      335      198      323      109      258      86       181      351      257      93       62       117      40       250      222      348      20       209      114      311      290      256      261      223      257      120      0        
;

