
sets
i        orders          /0*40/
k        routes          /1*40/
p        positions       /0*40/
;

alias(i,j)
alias(i,h)
alias(i,hh)
alias(i,jj)
alias(k,kk)
                
                    Parameters

rho(i)	Processing time
/
0	0
1	21
2	95
3	29
4	16
5	96
6	39
7	73
8	8
9	83
10	58
11	46
12	21
13	37
14	21
15	83
16	80
17	64
18	98
19	89
20	69
21	63
22	4
23	32
24	98
25	53
26	13
27	65
28	61
29	67
30	41
31	81
32	62
33	6
34	4
35	97
36	69
37	44
38	64
39	4
40	93
/

gamma(i)	Duedate
/
0	0
1	97
2	18
3	7
4	15
5	70
6	45
7	28
8	68
9	35
10	74
11	97
12	98
13	32
14	36
15	7
16	15
17	72
18	10
19	14
20	41
21	54
22	1
23	74
24	81
25	68
26	55
27	30
28	3
29	76
30	35
31	45
32	11
33	34
34	20
35	45
36	53
37	46
38	51
39	18
40	85
/

sigma(i)	Size
/
0	0
1	2
2	3
3	8
4	2
5	9
6	7
7	6
8	4
9	4
10	4
11	3
12	5
13	4
14	9
15	2
16	1
17	6
18	4
19	1
20	3
21	3
22	5
23	6
24	2
25	6
26	5
27	4
28	9
29	7
30	9
31	8
32	4
33	7
34	4
35	8
36	4
37	8
38	2
39	1
40	6
/

epsilon(i)	Priority
/
0	0
1	9
2	8
3	8
4	3
5	5
6	3
7	8
8	8
9	7
10	3
11	4
12	8
13	8
14	5
15	6
16	9
17	9
18	7
19	2
20	1
21	1
22	2
23	3
24	9
25	3
26	2
27	8
28	9
29	5
30	3
31	4
32	9
33	1
34	8
35	4
36	6
37	5
38	7
39	8
40	1
/

psi	Vehicle Capacity
/ 21 /
;

Table kappa(i,j)                 Setup
         0        1        2        3        4        5        6        7        8        9        10       11       12       13       14       15       16       17       18       19       20       21       22       23       24       25       26       27       28       29       30       31       32       33       34       35       36       37       38       39       40       
0        0        156      153      101      148      10       135      110      132      118      98       343      141      95       156      127      291      60       202      145      195      100      327      83       216      186      366      84       82       51       210      312      282      96       145      36       119      358      127      133      332      
1        156      0        205      147      111      157      256      176      226      217      61       233      73       133      54       46       137      213      280      31       102      239      242      124      81       30       244      218      200      161      252      179      154      63       299      146      76       254      239      261      239      
2        153      205      0        245      104      143      98       43       53       59       159      265      136      234      162      159      330      191      75       175      294      121      228      92       287      223      299      231      234      102      57       270      241      158      251      185      225      271      79       112      240      
3        101      147      245      0        204      110      236      202      232      218      120      375      179      14       179      148      253      117      302      157      124      198      374      158      166      174      390      95       71       148      302      327      300      118      187      65       72       395      228      232      375      
4        148      111      104      204      0        141      182      90       141      137      87       196      37       190      60       69       226      206      179      79       210      182      179      67       191      122      223      232      224      116      143      179      149      87       287      164      156      210      162      192      184      
5        10       157      143      110      141      0        126      100      122      108      97       337      136      103      153      124      292      65       192      143      200      93       320      75       219      186      361      93       92       40       199      308      278      95       149      46       124      351      118      125      325      
6        135      256      98       236      182      126      0        91       45       45       197      362      203      230      228      212      391      140      90       231      322      43       327      133      331      281      395      183      196      99       130      359      330      195      171      171      246      369      20       14       338      
7        110      176      43       202      90       100      91       0        52       46       123      275      114      192      139      129      307      153      107      147      257      97       246      54       255      197      306      190      192      60       100      268      238      122      220      142      186      285      71       102      255      
8        132      226      53       232      141      122      45       52       0        14       171      316      166      224      192      180      359      156      70       199      303      71       281      102      305      249      350      198      206      85       92       316      287      169      205      168      229      323      26       59       292      
9        118      217      59       218      137      108      45       46       14       0        160      318      160      210      185      171      351      142      84       190      291      62       285      93       294      240      350      184      192      71       103      314      284      159      194      154      216      326      24       56       295      
10       98       61       159      120      87       97       197      123      171      160      0        259      59       105      63       31       198      157      230      47       135      178      254      69       134      89       277      169      155      100      211      219      190      2        243      96       70       277      181      201      256      
11       343      233      265      375      196      337      362      275      316      318      259      0        203      361      196      228      236      402      320      218      321      373      55       263      274      214      39       424      413      312      263      74       85       261      484      352      309      23       341      374      37       
12       141      73       136      179      37       136      203      114      166      160      59       203      0        164      25       33       193      201      211      41       173      196      196      73       154      86       225      220      209      121      179      172      141      60       286      149      124      220      184      211      197      
13       95       133      234      14       190      103      230      192      224      210      105      361      164      0        164      133      241      119      293      142      117      194      359      146      156      160      375      101      78       139      291      312      285      104      193      59       59       380      222      227      360      
14       156      54       162      179      60       153      228      139      192      185      63       196      25       164      0        31       168      216      237      25       156      219      196      96       132      62       214      231      218      142      203      157      127      65       302      159      117      215      209      235      195      
15       127      46       159      148      69       124      212      129      180      171      31       228      33       133      31       0        179      186      233      20       141      198      226      78       128      69       246      200      186      120      206      188      158      33       272      127      90       247      194      218      226      
16       291      137      330      253      226      292      391      307      359      351      198      236      193      241      168      179      0        343      405      160      138      376      272      258      87       110      224      340      319      298      367      161      157      200      427      275      184      259      373      397      261      
17       60       213      191      117      206      65       140      153      156      142      157      402      201      119      216      186      343      0        224      204      234      97       384      139      263      243      426      43       58       96       245      373      342      154      86       69       162      416      141      132      390      
18       202      280      75       302      179      192      90       107      70       84       230      320      211      293      237      233      405      224      0        250      365      131      275      161      361      298      357      267      276      154      57       335      309      229      262      238      293      322      83       103      290      
19       145      31       175      157      79       143      231      147      199      190      47       218      41       142      25       20       160      204      250      0        132      218      220      98       113      49       234      215      200      140      220      173      144      49       290      142      92       238      213      238      219      
20       195      102      294      124      210      200      322      257      303      291      135      321      173      117      156      141      138      234      365      132      0        294      338      203      54       109      324      219      195      223      346      256      237      136      310      167      76       344      309      323      333      
21       100      239      121      198      182      93       43       97       71       62       178      373      196      194      219      198      376      97       131      218      294      0        343      122      308      266      404      140      154      78       163      362      331      176      133      134      217      383      49       35       353      
22       327      242      228      374      179      320      327      246      281      285      254      55       196      359      196      226      272      384      275      220      338      343      0        244      296      228      93       411      403      290      218      118      115      256      462      342      313      47       307      340      17       
23       83       124      92       158      67       75       133      54       102      93       69       263      73       146      96       78       258      139      161      98       203      122      244      0        202      148      290      168      163      49       148      242      212      67       220      106      133      277      115      140      250      
24       216      81       287      166      191      219      331      255      305      294      134      274      154      156      132      128      87       263      361      113      54       308      296      202      0        73       273      256      234      232      333      206      189      135      345      194      101      297      315      334      289      
25       186      30       223      174      122      186      281      197      249      240      89       214      86       160      62       69       110      243      298      49       109      266      228      148      73       0        221      248      230      188      265      155      131      91       329      177      102      236      263      287      224      
26       366      244      299      390      223      361      395      306      350      350      277      39       225      375      214      246      224      426      357      234      324      404      93       290      273      221      0        445      432      339      301      67       90       279      509      373      320      51       374      407      76       
27       84       218      231      95       232      93       183      190      198      184      169      424      220      101      231      200      340      43       267      215      219      140      411      168      256      248      445      0        24       131      285      388      359      166      92       72       155      440      184      175      415      
28       82       200      234      71       224      92       196      192      206      192      155      413      209      78       218      186      319      58       276      200      195      154      403      163      234      230      432      24       0        132      290      373      344      153      116      60       134      430      195      189      406      
29       51       161      102      148      116      40       99       60       85       71       100      312      121      139      142      120      298      96       154      140      223      78       290      49       232      188      339      131      132      0        158      292      261      98       171      85       147      325      86       102      297      
30       210      252      57       302      143      199      130      100      92       103      211      263      179      291      203      206      367      245      57       220      346      163      218      148      333      265      301      285      290      158      0        284      258      211      297      243      280      264      115      144      232      
31       312      179      270      327      179      308      359      268      316      314      219      74       172      312      157      188      161      373      335      173      256      362      118      242      206      155      67       388      373      292      284      0        30       221      458      315      256      98       339      370      103      
32       282      154      241      300      149      278      330      238      287      284      190      85       141      285      127      158      157      342      309      144      237      331      115      212      189      131      90       359      344      261      258      30       0        192      427      286      230      108      309      340      104      
33       96       63       158      118      87       95       195      122      169      159      2        261      60       104      65       33       200      154      229      49       136      176      256      67       135      91       279      166      153      98       211      221      192      0        241      94       70       279      179      199      257      
34       145      299      251      187      287      149      171      220      205      194      243      484      286      193      302      272      427      86       262      290      310      133      462      220      345      329      509      92       116      171      297      458      427      241      0        153      244      497      182      158      469      
35       36       146      185      65       164      46       171      142      168      154      96       352      149      59       159      127      275      69       238      142      167      134      342      106      194      177      373      72       60       85       243      315      286      94       153      0        94       369      163      168      346      
36       119      76       225      72       156      124      246      186      229      216      70       309      124      59       117      90       184      162      293      92       76       217      313      133      101      102      320      155      134      147      280      256      230      70       244      94       0        329      233      247      312      
37       358      254      271      395      210      351      369      285      323      326      277      23       220      380      215      247      259      416      322      238      344      383      47       277      297      236      51       440      430      325      264      98       108      279      497      369      329      0        349      382      31       
38       127      239      79       228      162      118      20       71       26       24       181      341      184      222      209      194      373      141      83       213      309      49       307      115      315      263      374      184      195      86       115      339      309      179      182      163      233      349      0        33       318      
39       133      261      112      232      192      125      14       102      59       56       201      374      211      227      235      218      397      132      103      238      323      35       340      140      334      287      407      175      189      102      144      370      340      199      158      168      247      382      33       0        351      
40       332      239      240      375      184      325      338      255      292      295      256      37       197      360      195      226      261      390      290      219      333      353      17       250      289      224      76       415      406      297      232      103      104      257      469      346      312      31       318      351      0        
;



Table delta(i,j)                 Distance
         0        1        2        3        4        5        6        7        8        9        10       11       12       13       14       15       16       17       18       19       20       21       22       23       24       25       26       27       28       29       30       31       32       33       34       35       36       37       38       39       40       
0        0        481      225      774      145      451      1001     516      860      643      656      425      400      550      618      703      450      643      551      430      540      306      479      379      537      291      580      588      714      89       367      206      566      365      874      413      704      332      627      267      644      
1        481      0        332      347      370      404      520      89       382      292      250      263      297      419      188      474      204      355      83       295      59       422      348      320      314      376      372      385      420      394      124      427      279      237      410      88       301      190      218      384      166      
2        225      332      0        568      227      500      837      334      683      425      449      201      175      576      422      478      400      607      414      430      387      403      255      403      518      365      574      585      489      147      208      95       344      146      682      299      493      272      529      351      497      
3        774      347      568      0        695      741      361      273      205      163      119      383      424      735      163      326      537      615      337      633      307      769      397      664      620      723      669      681      231      685      418      646      251      422      143      435      78       534      436      729      289      
4        145      370      227      695      0        315      884      424      752      584      580      394      383      409      532      685      308      498      431      285      428      185      468      236      392      158      435      444      677      109      276      267      519      326      778      292      631      198      491      137      525      
5        451      404      500      741      315      0        793      492      710      694      654      589      600      104      590      858      204      257      405      108      434      156      680      99       160      160      164      166      817      422      405      567      665      528      770      325      704      257      360      184      476      
6        1001     520      837      361      884      793      0        502      165      510      439      691      735      739      432      686      618      569      452      703      461      884      733      755      635      847      657      665      591      915      639      928      589      707      223      592      427      688      433      862      359      
7        516      89       334      273      424      492      502      0        349      203      166      212      252      508      110      388      293      436      138      384      92       499      285      405      402      453      459      472      331      426      149      426      195      208      358      169      218      264      282      458      183      
8        860      382      683      205      752      710      165      349      0        346      274      529      572      675      269      530      516      522      327      609      324      778      568      655      563      737      598      608      435      771      493      772      424      548      91       462      264      563      356      749      239      
9        643      292      425      163      584      694      510      203      346      0        79       229      268      711      130      208      496      626      323      586      279      689      234      605      602      642      658      672      132      555      316      495      89       279      302      369      85       456      457      644      321      
10       656      250      449      119      580      654      439      166      274      79       0        268      310      661      64       285      451      563      264      545      224      666      294      570      549      619      603      616      202      566      304      529      149      304      243      335      52       430      389      624      248      
11       425      263      201      383      394      589      691      212      529      229      268      0        43       638      259      291      426      611      340      493      298      538      91       490      549      492      609      622      289      341      188      266      143      68       510      290      305      332      481      486      396      
12       400      297      175      424      383      600      735      252      572      268      310      43       0        655      303      304      447      638      376      508      336      537      85       500      571      494      631      644      315      320      208      229      179      72       553      314      346      344      515      485      436      
13       550      419      576      735      409      104      739      508      675      711      661      638      655      0        596      890      217      176      399      147      436      260      729      176      115      260      82       77       840      513      449      650      695      582      744      354      708      312      319      284      453      
14       618      188      422      163      532      590      432      110      269      130      64       259      303      596      0        337      387      500      199      482      159      608      305      508      484      562      538      551      261      528      256      507      172      281      260      274      113      373      328      567      191      
15       703      474      478      326      685      858      686      388      530      208      285      291      304      890      337      0        673      824      521      755      475      824      224      763      788      778      846      860      95       625      456      514      195      358      465      537      271      605      660      774      528      
16       450      204      400      537      308      204      618      293      516      496      451      426      447      217      387      673      0        207      201      96       230      266      518      138      123      230      183      196      623      385      239      488      477      375      570      138      501      130      192      247      278      
17       643      355      607      615      498      257      569      436      522      626      563      611      638      176      500      824      207      0        303      217      348      396      700      274      109      378      95       99       758      586      432      695      631      569      600      324      604      337      179      402      326      
18       551      83       414      337      431      405      452      138      327      323      264      340      376      399      199      521      201      303      0        297      46       452      420      335      286      410      339      351      455      467      206      510      331      318      371      139      309      237      144      422      93       
19       430      295      430      633      285      108      703      384      609      586      545      493      508      147      482      755      96       217      297      0        326      189      585      58       108      164      151      161      711      381      306      508      560      436      665      219      595      165      270      186      372      
20       540      59       387      307      428      434      461      92       324      279      224      298      336      436      159      475      230      348      46       326      0        468      376      358      325      424      379      393      411      453      181      483      285      282      357      139      272      242      190      433      109      
21       306      422      403      769      185      156      884      499      778      689      666      538      537      260      608      824      266      396      452      189      468      0        622      131      289      46       311      316      800      294      375      452      641      471      824      334      718      235      455      52       539      
22       479      348      255      397      468      680      733      285      568      234      294      91       85       729      305      224      518      700      420      585      376      622      0        580      640      578      700      714      249      402      280      294      146      153      535      381      319      422      564      570      466      
23       379      320      403      664      236      99       755      405      655      605      570      490      500      176      508      763      138      274      335      58       358      131      580      0        165      105      200      208      725      337      307      474      571      428      706      236      621      158      324      128      416      
24       537      314      518      620      392      160      635      402      563      602      549      549      571      115      484      788      123      109      286      108      325      289      640      165      0        269      59       73       733      483      362      601      592      499      630      259      596      245      207      293      338      
25       291      376      365      723      158      160      847      453      737      642      619      492      494      260      562      778      230      378      410      164      424      46       578      105      269      0        300      307      753      267      328      420      595      426      780      288      671      189      421      24       498      
26       580      372      574      669      435      164      657      459      598      658      603      609      631      82       538      846      183      95       339      151      379      311      700      200      59       300      0        13       789      532      422      655      651      559      670      319      648      301      243      325      383      
27       588      385      585      681      444      166      665      472      608      672      616      622      644      77       551      860      196      99       351      161      393      316      714      208      73       307      13       0        802      542      435      667      664      572      680      332      661      314      253      331      394      
28       714      420      489      231      677      817      591      331      435      132      202      289      315      840      261      95       623      758      455      711      411      800      249      725      733      753      789      802      0        631      425      541      159      354      370      492      180      571      588      752      451      
29       89       394      147      685      109      422      915      426      771      555      566      341      320      513      528      625      385      586      467      381      453      294      402      337      483      267      532      542      631      0        278      161      479      278      785      331      614      259      552      247      559      
30       367      124      208      418      276      405      639      149      493      316      304      188      208      449      256      456      239      432      206      306      181      375      280      307      362      328      422      435      425      278      0        303      267      137      508      107      356      149      327      328      290      
31       206      427      95       646      267      567      928      426      772      495      529      266      229      650      507      514      488      695      510      508      483      452      294      474      601      420      655      667      541      161      303      0        409      226      766      394      569      358      624      402      592      
32       566      279      344      251      519      665      589      195      424      89       149      143      179      695      172      195      477      631      331      560      285      641      146      571      592      595      651      664      159      479      267      409      0        201      388      342      173      415      474      593      354      
33       365      237      146      422      326      528      707      208      548      279      304      68       72       582      281      358      375      569      318      436      282      471      153      428      499      426      559      572      354      278      137      226      201      0        540      244      347      271      453      419      387      
34       874      410      682      143      778      770      223      358      91       302      243      510      553      744      260      465      570      600      371      665      357      824      535      706      630      780      670      680      370      785      508      766      388      540      0        496      216      599      426      790      294      
35       413      88       299      435      292      325      592      169      462      369      335      290      314      354      274      537      138      324      139      219      139      334      381      236      259      288      319      332      492      331      107      394      342      244      496      0        386      102      230      296      232      
36       704      301      493      78       631      704      427      218      264      85       52       305      346      708      113      271      501      604      309      595      272      718      319      621      596      671      648      661      180      614      356      569      173      347      216      386      0        482      428      676      283      
37       332      190      272      534      198      257      688      264      563      456      430      332      344      312      373      605      130      337      237      165      242      235      422      158      245      189      301      314      571      259      149      358      415      271      599      102      482      0        295      194      329      
38       627      218      529      436      491      360      433      282      356      457      389      481      515      319      328      660      192      179      144      270      190      455      564      324      207      421      243      253      588      552      327      624      474      453      426      230      428      295      0        440      147      
39       267      384      351      729      137      184      862      458      749      644      624      486      485      284      567      774      247      402      422      186      433      52       570      128      293      24       325      331      752      247      328      402      593      419      790      296      676      194      440      0        511      
40       644      166      497      289      525      476      359      183      239      321      248      396      436      453      191      528      278      326      93       372      109      539      466      416      338      498      383      394      451      559      290      592      354      387      294      232      283      329      147      511      0        
;

