

sets
i        orders          /0*40/
k        routes          /1*40/
p        positions       /0*40/
;

alias(i,j)
alias(i,h)
alias(i,hh)
alias(i,jj)
alias(k,kk)
                            Parameters

rho(i)	Processing time
/
0	0
1	43
2	95
3	1
4	37
5	34
6	12
7	86
8	71
9	92
10	14
11	19
12	76
13	90
14	21
15	8
16	33
17	68
18	65
19	83
20	96
21	64
22	34
23	43
24	83
25	74
26	13
27	20
28	80
29	10
30	65
31	57
32	25
33	65
34	35
35	9
36	1
37	31
38	73
39	80
40	37
/

gamma(i)	Duedate
/
0	0
1	50
2	19
3	21
4	7
5	12
6	66
7	73
8	80
9	88
10	23
11	2
12	13
13	34
14	77
15	32
16	30
17	20
18	29
19	21
20	3
21	89
22	21
23	1
24	76
25	18
26	97
27	98
28	17
29	79
30	15
31	96
32	91
33	76
34	30
35	24
36	39
37	10
38	70
39	1
40	67
/

sigma(i)	Size
/
0	0
1	9
2	6
3	4
4	1
5	7
6	8
7	8
8	6
9	5
10	1
11	5
12	3
13	9
14	6
15	6
16	4
17	8
18	6
19	1
20	5
21	4
22	2
23	8
24	5
25	7
26	5
27	6
28	2
29	5
30	9
31	1
32	6
33	3
34	2
35	2
36	1
37	7
38	5
39	5
40	7
/

epsilon(i)	Priority
/
0	0
1	4
2	6
3	2
4	9
5	1
6	3
7	2
8	5
9	9
10	2
11	9
12	6
13	2
14	4
15	6
16	5
17	5
18	9
19	4
20	6
21	3
22	2
23	6
24	1
25	5
26	7
27	3
28	6
29	8
30	7
31	6
32	7
33	5
34	2
35	3
36	4
37	1
38	2
39	6
40	3
/

psi	Vehicle Capacity
/ 13 /
;

Table kappa(i,j)                 Setup
         0        1        2        3        4        5        6        7        8        9        10       11       12       13       14       15       16       17       18       19       20       21       22       23       24       25       26       27       28       29       30       31       32       33       34       35       36       37       38       39       40       
0        0        835      421      1173     1155     1081     1626     1513     119      717      1650     1346     1265     1788     730      624      187      280      1181     1683     1461     1218     1305     721      210      1470     263      1355     591      348      1886     1693     1317     639      1502     1105     409      1385     1109     879      719      
1        835      0        637      550      373      741      1108     1125     715      345      1275     838      579      1032     715      677      778      915      346      848      716      1398     744      632      625      795      812      921      1155     907      1209     1460     649      423      826      1082     778      1031     631      1062     538      
2        421      637      0        1128     1009     1170     1212     1092     359      714      1229     1373     907      1436     916      208      527      320      954      1440     1117     908      908      869      304      1096     609      937      518      286      1499     1283     949      688      1126     716      704      964      1134     546      309      
3        1173     550      1128     0        285      360      1536     1610     1063     456      1755     300      978      1247     635      1212     1038     1346     513      791      1010     1946     1196     571      996      1154     1026     1408     1630     1361     1504     1972     1046     538      1179     1632     913      1535     189      1604     1085     
4        1155     373      1009     285      0        618      1253     1337     1036     483      1480     578      696      975      791      1047     1058     1274     228      589      725      1749     919      711      954      869      1069     1138     1526     1273     1223     1708     763      585      893      1414     989      1269     455      1424     896      
5        1081     741      1170     360      618      0        1824     1863     992      465      2013     298      1269     1593     388      1305     912      1311     835      1151     1335     2057     1468     365      953      1464     872      1659     1621     1346     1838     2201     1339     482      1491     1783     729      1772     170      1698     1221     
6        1626     1108     1212     1536     1253     1824     0        250      1539     1450     301      1831     558      619      1815     1031     1685     1500     1026     1115     581      1147     364      1734     1456     406      1753     282      1509     1437     432      600      490      1516     393      818      1786     337      1683     1073     907      
7        1513     1125     1092     1610     1337     1863     250      0        1440     1452     151      1910     653      851      1801     894      1597     1353     1120     1297     746      903      420      1725     1365     573      1672     203      1320     1284     682      393      598      1503     572      592      1725     130      1737     864      805      
8        119      715      359      1063     1036     992      1539     1440     0        607      1580     1247     1157     1677     661      567      170      325      1061     1563     1350     1217     1210     640      93       1365     254      1273     642      375      1784     1642     1212     534      1397     1069     373      1313     1009     866      637      
9        717      345      714      456      483      465      1450     1452     607      0        1603     663      924      1353     370      840      591      897      602      1066     1048     1592     1086     287      543      1139     591      1251     1192     919      1548     1766     994      102      1169     1322     505      1350     422      1234     760      
10       1650     1275     1229     1755     1480     2013     301      151      1580     1603     0        2054     789      921      1952     1027     1739     1478     1260     1406     860      940      560      1876     1507     684      1815     353      1423     1406     709      299      730      1654     677      671      1872     267      1885     955      948      
11       1346     838      1373     300      578      298      1831     1910     1247     663      2054     0        1274     1504     684      1479     1187     1554     805      991      1291     2224     1495     651      1196     1443     1155     1708     1855     1580     1775     2273     1341     715      1467     1920     1017     1835     240      1874     1366     
12       1265     579      907      978      696      1269     558      653      1157     924      789      1274     0        529      1295     798      1272     1227     472      701      215      1277     234      1211     1065     218      1326     466      1350     1184     640      1040     71       1002     250      906      1326     609      1125     1043     620      
13       1788     1032     1436     1247     975      1593     619      851      1677     1353     921      1504     529      0        1717     1319     1781     1756     770      586      326      1685     600      1632     1584     363      1828     762      1866     1712     301      1220     491      1445     341      1321     1808     890      1428     1515     1145     
14       730      715      916      635      791      388      1815     1801     661      370      1952     684      1295     1717     0        1090     549      986      953      1379     1417     1825     1451     84       647      1509     496      1603     1303     1034     1918     2094     1365     299      1540     1601     346      1692     487      1463     1056     
15       624      677      208      1212     1047     1305     1031     894      567      840      1027     1479     798      1319     1090     0        734      469      948      1404     1014     751      755      1035     509      964      816      751      552      408      1348     1075     828      835      992      517      905      764      1247     395      182      
16       187      778      527      1038     1058     912      1685     1597     170      591      1739     1187     1272     1781     549      734      0        463      1118     1615     1455     1383     1345     547      231      1485     85       1424     777      525      1907     1809     1331     501      1518     1239     222      1471     956      1034     791      
17       280      915      320      1346     1274     1311     1500     1353     325      897      1478     1554     1227     1756     986      469      463      0        1250     1745     1437     948      1217     964      358      1412     542      1219     317      78       1810     1483     1267     839      1442     879      684      1223     1314     626      618      
18       1181     346      954      513      228      835      1026     1120     1061     602      1260     805      472      770      953      948      1118     1250     0        502      500      1602     700      869      971      640      1145     924      1467     1235     1003     1498     537      701      665      1251     1092     1060     677      1299     778      
19       1683     848      1440     791      589      1151     1115     1297     1563     1066     1406     991      701      586      1379     1404     1615     1745     502      0        551      1974     912      1300     1474     723      1637     1140     1944     1725     886      1689     728      1168     728      1605     1570     1285     981      1714     1224     
20       1461     716      1117     1010     725      1335     581      746      1350     1048     860      1291     215      326      1417     1014     1455     1437     500      551      0        1466     371      1332     1257     176      1503     591      1566     1397     505      1139     202      1136     188      1095     1488     736      1178     1250     835      
21       1218     1398     908      1946     1749     2057     1147     903      1217     1592     940      2224     1277     1685     1825     751      1383     948      1602     1974     1466     0        1101     1776     1195     1336     1468     925      714      873      1574     764      1265     1585     1351     371      1590     815      1996     362      861      
22       1305     744      908      1196     919      1468     364      420      1210     1086     560      1495     234      600      1451     755      1345     1217     700      912      371      1101     0        1370     1122     238      1410     233      1285     1162     593      806      186      1152     258      731      1433     378      1333     915      600      
23       721      632      869      571      711      365      1734     1725     640      287      1876     651      1211     1632     84       1035     547      964      869      1300     1332     1776     1370     0        615      1426     506      1526     1280     1007     1834     2024     1281     222      1456     1541     366      1618     437      1414     990      
24       210      625      304      996      954      953      1456     1365     93       543      1507     1196     1065     1584     647      509      231      358      971      1474     1257     1195     1122     615      0        1274     310      1193     667      393      1693     1581     1120     481      1306     1021     400      1239     956      837      559      
25       1470     795      1096     1154     869      1464     406      573      1365     1139     684      1443     218      363      1509     964      1485     1412     640      723      176      1336     238      1426     1274     0        1542     432      1506     1364     422      965      154      1218     32       968      1544     574      1313     1152     795      
26       263      812      609      1026     1069     872      1753     1672     254      591      1815     1155     1326     1828     496      816      85       542      1145     1637     1503     1468     1410     506      310      1542     0        1496     854      607      1964     1890     1387     494      1574     1323     153      1547     929      1119     866      
27       1355     921      937      1408     1138     1659     282      203      1273     1251     353      1708     466      762      1603     751      1424     1219     924      1140     591      925      233      1526     1193     432      1496     0        1228     1154     664      575      419      1304     440      570      1541     145      1534     804      636      
28       591      1155     518      1630     1526     1621     1509     1320     642      1192     1423     1855     1350     1866     1303     552      777      317      1467     1944     1566     714      1285     1280     667      1506     854      1228     0        275      1869     1364     1376     1144     1533     763      999      1194     1614     476      734      
29       348      907      286      1361     1273     1346     1437     1284     375      919      1406     1580     1184     1712     1034     408      525      78       1235     1725     1397     873      1162     1007     393      1364     607      1154     275      0        1755     1406     1222     868      1393     801      744      1153     1339     548      568      
30       1886     1209     1499     1504     1223     1838     432      682      1784     1548     709      1775     640      301      1918     1348     1907     1810     1003     886      505      1574     593      1834     1693     422      1964     664      1869     1755     0        1004     577      1632     390      1232     1966     758      1678     1466     1191     
31       1693     1460     1283     1972     1708     2201     600      393      1642     1766     299      2273     1040     1220     2094     1075     1809     1483     1498     1689     1139     764      806      2024     1581     965      1890     575      1364     1406     1004     0        988      1803     962      608      1968     438      2087     889      1046     
32       1317     649      949      1046     763      1339     490      598      1212     994      730      1341     71       491      1365     828      1331     1267     537      728      202      1265     186      1281     1120     154      1387     419      1376     1222     577      988      0        1071     187      894      1390     564      1195     1049     654      
33       639      423      688      538      585      482      1516     1503     534      102      1654     715      1002     1445     299      835      501      839      701      1168     1136     1585     1152     222      481      1218     494      1304     1144     868      1632     1803     1071     0        1249     1333     403      1396     475      1224     776      
34       1502     826      1126     1179     893      1491     393      572      1397     1169     677      1467     250      341      1540     992      1518     1442     665      728      188      1351     258      1456     1306     32       1574     440      1533     1393     390      962      187      1249     0        984      1576     579      1340     1174     824      
35       1105     1082     716      1632     1414     1783     818      592      1069     1322     671      1920     906      1321     1601     517      1239     879      1251     1605     1095     371      731      1541     1021     968      1323     570      763      801      1232     608      894      1333     984      0        1420     482      1703     287      562      
36       409      778      704      913      989      729      1786     1725     373      505      1872     1017     1326     1808     346      905      222      684      1092     1570     1488     1590     1433     366      400      1544     153      1541     999      744      1966     1968     1390     403      1576     1420     0        1605     799      1235     927      
37       1385     1031     964      1535     1269     1772     337      130      1313     1350     267      1835     609      890      1692     764      1471     1223     1060     1285     736      815      378      1618     1239     574      1547     145      1194     1153     758      438      564      1396     579      482      1605     0        1653     744      681      
38       1109     631      1134     189      455      170      1683     1737     1009     422      1885     240      1125     1428     487      1247     956      1314     677      981      1178     1996     1333     437      956      1313     929      1534     1614     1339     1678     2087     1195     475      1340     1703     799      1653     0        1643     1143     
39       879      1062     546      1604     1424     1698     1073     864      866      1234     955      1874     1043     1515     1463     395      1034     626      1299     1714     1250     362      915      1414     837      1152     1119     804      476      548      1466     889      1049     1224     1174     287      1235     744      1643     0        528      
40       719      538      309      1085     896      1221     907      805      637      760      948      1366     620      1145     1056     182      791      618      778      1224     835      861      600      990      559      795      866      636      734      568      1191     1046     654      776      824      562      927      681      1143     528      0        
;



Table delta(i,j)                 Distance
         0        1        2        3        4        5        6        7        8        9        10       11       12       13       14       15       16       17       18       19       20       21       22       23       24       25       26       27       28       29       30       31       32       33       34       35       36       37       38       39       40       
0        0        570      3140     1680     2820     3190     2310     1570     1880     2360     3070     2400     3560     2550     700      1680     3400     780      1350     2120     3350     770      2420     1190     400      2370     2980     2840     1870     2210     3520     2180     2600     2860     1490     3870     3640     2710     3400     1690     2320     
1        570      0        284      149      296      340      282      162      200      290      307      292      358      238      64       197      334      21       98       222      318      57       290      62       87       293      304      237      146      236      311      275      267      279      176      395      362      281      300      209      281      
2        3140     284      0        148      229      279      411      196      207      440      169      423      198      84       244      266      143      272      349      196      79       338      393      271      354      465      197      114      144      219      82       451      186      127      259      248      181      202      73       312      394      
3        1680     149      148      0        180      233      284      66       101      308      168      296      218      89       98       143      187      144      235      109      169      207      274      162      208      328      174      158      76       133      202      312      139      134      128      261      218      157      190      184      271      
4        2820     296      229      180      0        54       228      135      96       264      73       240      96       153      232      123      123      302      394      75       175      349      200      331      312      298      40       309      253      60       311      290      46       103      137      109      117      27       301      156      207      
5        3190     340      279      233      54       0        223      183      142      259      114      232      115      206      276      152      158      347      438      125      219      390      191      379      346      296      82       363      306      104      362      291      100      152      170      103      140      81       352      173      201      
6        2310     282      411      284      228      223      0        220      203      36       296      12       324      327      242      144      347      301      365      217      384      305      33       343      230      73       267      442      350      199      481      70       248      310      155      325      346      242      469      100      22       
7        1570     162      196      66       135      183      220      0        41       246      150      232      199      117      98       77       185      166      258      60       191      217      208      196      193      270      143      224      140      78       261      255      105      131      64       233      207      118      249      119      206      
8        1880     200      207      101      96       142      203      41       0        233      123      216      170      123      135      59       166      206      298      25       187      253      186      237      221      261      110      253      177      37       280      248      73       117      59       199      182      83       268      105      186      
9        2360     290      440      308      264      259      36       246      233      0        331      27       360      357      257      174      381      310      367      249      417      307      69       353      229      37       302      465      371      233      508      40       282      343      182      362      382      277      496      128      58       
10       3070     307      169      168      73       114      296      150      123      331      0        308      50       107      245      173      50       308      400      98       105      364      270      330      342      364      33       263      228      103      251      354      52       44       180      94       58       54       242      214      276      
11       2400     292      423      296      240      232      12       232      216      27       308      0        335      339      253      157      358      311      373      230      397      313      42       353      237      64       278      454      362      212      493      65       260      322      168      335      357      254      481      112      32       
12       3560     358      198      218      96       115      324      199      170      360      50       335      0        150      296      214      56       359      451      145      123      415      295      380      390      395      62       302      276      144      279      387      96       88       223      50       25       90       271      251      303      
13       2550     238      84       89       153      206      327      117      123      357      107      339      150      0        185      183      106      232      320      112      80       295      309      244      295      383      128      158      128      135      161      369      107      62       177      199      143      125      150      229      310      
14       700      64       244      98       232      276      242      98       135      257      245      253      296      185      0        137      275      72       162      157      266      119      244      109      110      268      241      224      125      172      286      250      203      220      116      331      301      216      275      157      237      
15       1680     197      266      143      123      152      144      77       59       174      173      157      214      183      137      0        219      209      294      78       246      242      131      246      193      201      151      302      215      70       336      188      121      174      21       233      230      123      324      46       129      
16       3400     334      143      187      123      158      347      185      166      381      50       358      56       106      275      219      0        331      422      142      67       391      320      348      377      414      82       250      234      151      223      403      99       54       224      105      39       104      215      262      326      
17       780      21       272      144      302      347      301      166      206      310      308      311      359      232      72       209      331      0        92       226      311      66       308      42       108      314      307      220      131      243      295      296      270      278      187      397      361      285      285      224      299      
18       1350     98       349      235      394      438      365      258      298      367      400      373      451      320      162      294      422      92       0        319      397      60       378      77       138      362      400      275      205      334      357      344      362      369      274      490      453      377      348      303      367      
19       2120     222      196      109      75       125      217      60       25       249      98       230      145      112      157      78       142      226      319      0        168      276      197      256      245      279      85       253      184      25       273      266      48       95       82       175      157      59       261      123      199      
20       3350     318      79       169      175      219      384      191      187      417      105      397      123      80       266      246      67       311      397      168      0        375      362      320      375      447      137      191      196      185      156      434      139      75       245      172      104      151      148      291      365      
21       770      57       338      207      349      390      305      217      253      307      364      313      415      295      119      242      391      66       60       276      375      0        319      82       78       303      360      282      197      289      359      284      322      337      222      451      420      335      349      246      307      
22       2420     290      393      274      200      191      33       208      186      69       270      42       295      309      244      131      320      308      378      197      362      319      0        350      247      106      239      433      343      177      466      104      223      286      145      294      317      216      454      91       14       
23       1190     62       271      162      331      379      343      196      237      353      330      353      380      244      109      246      348      42       77       256      320      82       350      0        144      356      333      202      127      274      282      338      296      296      225      422      381      312      273      265      341      
24       400      87       354      208      312      346      230      193      221      229      342      237      390      295      110      193      377      108      138      245      375      78       247      144      0        224      331      322      226      252      391      205      294      324      175      419      400      304      380      185      235      
25       2370     293      465      328      298      296      73       270      261      37       364      64       395      383      268      201      414      314      362      279      447      303      106      356      224      0        336      483      387      264      530      18       314      374      206      398      416      310      518      155      95       
26       2980     304      197      174      40       82       267      143      110      302      33       278      62       128      241      151      82       307      400      85       137      360      239      333      331      336      0        286      241      82       280      327      37       70       161      90       80       28       270      189      246      
27       2840     237      114      158      309      363      442      224      253      465      263      454      302      158      224      302      250      220      275      253      191      282      433      202      322      483      286      0        98       279      83       466      263      219      287      352      289      282      75       343      430      
28       1870     146      144      76       253      306      350      140      177      371      228      362      276      128      125      215      234      131      205      184      196      197      343      127      226      387      241      98       0        209      165      369      209      188      198      323      271      228      154      252      339      
29       2210     236      219      133      60       104      199      78       37       233      103      212      144      135      172      70       151      243      334      25       185      289      177      274      252      264      82       279      209      0        297      253      51       110      79       167      160      53       285      110      180      
30       3520     311      82       202      311      362      481      261      280      508      251      493      279      161      286      336      223      295      357      273      156      359      466      282      391      530      280      83       165      297      0        514      267      210      326      328      260      284      12       381      466      
31       2180     275      451      312      290      291      70       255      248      40       354      65       387      369      250      188      403      296      344      266      434      284      104      338      205      18       327      466      369      253      514      0        304      362      192      392      407      300      502      143      91       
32       2600     267      186      139      46       100      248      105      73       282      52       260      96       107      203      121      99       270      362      48       139      322      223      296      294      314      37       263      209      51       267      304      0        64       128      128      109      19       256      162      228      
33       2860     279      127      134      103      152      310      131      117      343      44       322      88       62       220      174      54       278      369      95       75       337      286      296      324      374      70       219      188      110      210      362      64       0        176      136      85       77       200      219      290      
34       1490     176      259      128      137      170      155      64       59       182      180      168      223      177      116      21       224      187      274      82       245      222      145      225      175      206      161      287      198      79       326      192      128      176      0        246      238      133      314      55       142      
35       3870     395      248      261      109      103      325      233      199      362      94       335      50       199      331      233      105      397      490      175      172      451      294      422      419      398      90       352      323      167      328      392      128      136      246      0        68       116      320      264      303      
36       3640     362      181      218      117      140      346      207      182      382      58       357      25       143      301      230      39       361      453      157      104      420      317      381      400      416      80       289      271      160      260      407      109      85       238      68       0        107      253      269      325      
37       2710     281      202      157      27       81       242      118      83       277      54       254      90       125      216      123      104      285      377      59       151      335      216      312      304      310      28       282      228      53       284      300      19       77       133      116      107      0        274      161      221      
38       3400     300      73       190      301      352      469      249      268      496      242      481      271      150      275      324      215      285      348      261      148      349      454      273      380      518      270      75       154      285      12       502      256      200      314      320      253      274      0        369      454      
39       1690     209      312      184      156      173      100      119      105      128      214      112      251      229      157      46       262      224      303      123      291      246      91       265      185      155      189      343      252      110      381      143      162      219      55       264      269      161      369      0        87       
40       2320     281      394      271      207      201      22       206      186      58       276      32       303      310      237      129      326      299      367      199      365      307      14       341      235      95       246      430      339      180      466      91       228      290      142      303      325      221      454      87       0        
;

