
sets
i        orders          /0*10/
k        routes          /1*10/
p        positions       /0*10/
;

alias(i,j)
alias(i,h)
alias(i,hh)
alias(i,jj)
alias(k,kk)
                
                    Parameters

rho(i)	Processing time
/
0	0
1	15
2	10
3	72
4	74
5	37
6	41
7	15
8	46
9	5
10	82
/

gamma(i)	Duedate
/
0	0
1	89
2	84
3	63
4	91
5	81
6	8
7	78
8	93
9	91
10	56
/

sigma(i)	Size
/
0	0
1	8
2	6
3	7
4	9
5	2
6	2
7	8
8	1
9	2
10	4
/

epsilon(i)	Priority
/
0	0
1	1
2	8
3	3
4	2
5	6
6	4
7	1
8	9
9	9
10	5
/

psi	Vehicle Capacity
/ 35 /
;

Table kappa(i,j)                 Setup
         0        1        2        3        4        5        6        7        8        9        10       
0        0        10       150      324      213      297      305      252      247      136      79       
1        10       0        153      328      220      305      311      254      257      144      85       
2        150      153      0        174      104      203      169      103      216      232      82       
3        324      328      174      0        151      186      81       83       278      381      250      
4        213      220      104      151      0        99       98       130      137      235      135      
5        297      305      203      186      99       0        105      206      113      280      223      
6        305      311      169      81       98       105      0        122      204      333      226      
7        252      254      103      83       130      206      122      0        267      329      184      
8        247      257      216      278      137      113      204      267      0        185      192      
9        136      144      232      381      235      280      333      329      185      0        153      
10       79       85       82       250      135      223      226      184      192      153      0        
;



Table delta(i,j)                 Distance
         0        1        2        3        4        5        6        7        8        9        10       
0        0        730      1990     1910     1450     910      1320     660      1510     140      1890     
1        730      0        127      120      126      53       87       104      127      58       124      
2        1990     127      0        30       185      132      120      220      178      185      81       
3        1910     120      30       0        200      114      95       220      194      177      106      
4        1450     126      185      200      0        179      210      100      10       141      118      
5        910      53       132      114      179      0        41       144      180      79       159      
6        1320     87       120      95       210      41       0        184      209      120      167      
7        660      104      220      220      100      144      184      0        108      71       183      
8        1510     127      178      194      10       180      209      108      0        145      109      
9        140      58       185      177      141      79       120      71       145      0        176      
10       1890     124      81       106      118      159      167      183      109      176      0        
;

