

sets
i        orders          /0*40/
k        routes          /1*40/
p        positions       /0*40/
;

alias(i,j)
alias(i,h)
alias(i,hh)
alias(i,jj)
alias(k,kk)
                            Parameters

rho(i)	Processing time
/
0	0
1	58
2	87
3	75
4	20
5	51
6	56
7	49
8	42
9	95
10	36
11	76
12	23
13	21
14	91
15	13
16	98
17	13
18	40
19	40
20	87
21	6
22	66
23	52
24	85
25	22
26	78
27	93
28	5
29	58
30	14
31	14
32	42
33	24
34	13
35	31
36	70
37	18
38	49
39	81
40	83
/

gamma(i)	Duedate
/
0	0
1	49
2	29
3	81
4	21
5	1
6	99
7	51
8	74
9	14
10	52
11	32
12	43
13	60
14	20
15	96
16	35
17	88
18	44
19	53
20	64
21	68
22	32
23	8
24	42
25	58
26	91
27	36
28	4
29	54
30	48
31	36
32	16
33	10
34	97
35	28
36	13
37	97
38	78
39	3
40	2
/

sigma(i)	Size
/
0	0
1	7
2	1
3	5
4	7
5	8
6	7
7	4
8	8
9	1
10	1
11	2
12	5
13	6
14	9
15	8
16	3
17	9
18	9
19	3
20	1
21	9
22	7
23	5
24	2
25	4
26	3
27	4
28	7
29	2
30	5
31	9
32	9
33	3
34	7
35	4
36	3
37	8
38	1
39	5
40	7
/

epsilon(i)	Priority
/
0	0
1	8
2	4
3	8
4	1
5	2
6	8
7	2
8	1
9	5
10	1
11	3
12	6
13	3
14	2
15	5
16	7
17	3
18	4
19	1
20	8
21	7
22	6
23	6
24	6
25	2
26	2
27	6
28	2
29	8
30	7
31	7
32	7
33	6
34	5
35	5
36	2
37	4
38	7
39	3
40	7
/

psi	Vehicle Capacity
/ 28 /
;

Table kappa(i,j)                 Setup
         0        1        2        3        4        5        6        7        8        9        10       11       12       13       14       15       16       17       18       19       20       21       22       23       24       25       26       27       28       29       30       31       32       33       34       35       36       37       38       39       40       
0        0        1159     2249     2281     2766     3445     1846     1713     2844     159      3519     859      2501     2114     1179     445      1264     2932     445      4406     2398     646      483      2043     972      3590     3536     1204     667      3749     2416     3280     2751     2130     2183     3015     4409     1606     829      1776     2185     
1        1159     0        1269     1745     1775     2767     1556     1390     1741     1310     2465     1492     1900     2047     188      956      1855     1976     1145     3247     2004     550      699      1283     608      2740     2458     625      1259     2620     1814     2138     1625     1710     1324     2665     3250     1088     468      1765     1740     
2        2249     1269     0        2657     2080     1621     2658     1164     721      2368     1278     2129     990      1758     1404     2183     2309     2302     2371     2488     1332     1772     1886     490      1295     1484     1315     1066     2514     1624     934      1796     747      1138     291      1871     2512     907      1734     1666     2721     
3        2281     1745     2657     0        1158     4279     529      3133     2704     2422     3436     3010     3532     3792     1560     1837     3422     1151     1901     3385     3712     1792     1904     2892     2322     4072     3351     2371     1766     3254     3452     2137     2514     3424     2846     4362     3357     2817     1607     3504     178      
4        2766     1775     2080     1158     0        3620     1568     2940     1845     2924     2489     3265     3064     3626     1656     2382     3630     225      2521     2227     3357     2135     2292     2469     2364     3280     2377     2298     2478     2189     3000     993      1653     3107     2342     3944     2198     2600     1940     3409     1325     
5        3445     2767     1621     4279     3620     0        4258     1763     1825     3513     1547     2943     945      1762     2935     3538     2886     3833     3707     3158     1170     3163     3229     1488     2514     619      1703     2306     3895     2182     1029     3062     1999     1359     1459     973      3207     1844     3191     1970     4340     
6        1846     1556     2658     529      1568     4258     0        2931     2843     1975     3598     2631     3440     3556     1369     1403     3049     1610     1435     3754     3560     1449     1530     2806     2066     4126     3534     2162     1275     3504     3355     2490     2663     3266     2800     4222     3732     2642     1291     3248     375      
7        1713     1390     1164     3133     2940     1763     2931     0        1880     1764     2294     1196     829      686      1578     1887     1235     3163     2034     3649     690      1578     1593     689      891      2025     2375     770      2244     2751     754      2900     1909     416      908      1337     3675     339      1675     507      3131     
8        2844     1741     721      2704     1845     1825     2843     1880     0        2977     760      2827     1534     2439     1819     2697     3026     2044     2887     1769     1940     2288     2426     1194     1939     1435     723      1725     2993     922      1507     1251     194      1799     976      2366     1795     1628     2200     2377     2809     
9        159      1310     2368     2422     2924     3513     1975     1764     2977     0        3642     807      2568     2118     1336     585      1193     3090     548      4556     2440     804      642      2138     1078     3681     3664     1310     754      3887     2485     3436     2889     2181     2287     3043     4559     1685     989      1782     2321     
10       3519     2465     1278     3436     2489     1547     3598     2294     760      3642     0        3383     1689     2713     2559     3414     3516     2665     3604     1617     2120     3002     3131     1631     2573     980      158      2345     3724     635      1703     1687     934      2082     1425     2348     1664     2123     2930     2742     3549     
11       859      1492     2129     3010     3265     2943     2631     1196     2827     807      3383     0        2023     1369     1612     1255     417      3461     1301     4542     1798     1220     1108     1762     955      3219     3438     1125     1526     3746     1951     3564     2791     1584     1958     2338     4557     1265     1414     1049     2940     
12       2501     1900     990      3532     3064     945      3440     829      1534     2568     1689     2023     0        1034     2080     2608     2016     3288     2773     3220     431      2246     2300     641      1581     1218     1807     1383     2967     2251     88       2745     1644     457      722      881      3257     905      2293     1131     3569     
13       2114     2047     1758     3792     3626     1762     3556     686      2439     2118     2713     1369     1034     0        2232     2386     1182     3849     2502     4189     627      2144     2122     1268     1490     2203     2821     1421     2726     3245     1010     3541     2500     643      1473     986      4221     1026     2273     337      3780     
14       1179     188      1404     1560     1656     2935     1369     1578     1819     1336     2559     1612     2080     2232     0        908      1990     1849     1093     3249     2191     536      698      1456     775      2885     2541     812      1176     2673     1994     2100     1688     1897     1483     2852     3249     1276     392      1946     1552     
15       445      956      2183     1837     2382     3538     1403     1887     2697     585      3414     1255     2608     2386     908      0        1671     2536     190      4154     2577     412      309      2073     1027     3607     3412     1232     359      3573     2520     2978     2580     2291     2175     3222     4152     1704     516      2052     1740     
16       1264     1855     2309     3422     3630     2886     3049     1235     3026     1193     3516     417      2016     1182     1990     1671     0        3832     1709     4776     1716     1630     1523     1886     1276     3235     3587     1402     1931     3932     1956     3862     3014     1559     2099     2169     4794     1405     1820     917      3355     
17       2932     1976     2302     1151     225      3833     1610     3163     2044     3090     2665     3461     3288     3849     1849     2536     3832     0        2666     2278     3582     2311     2465     2694     2571     3480     2547     2512     2607     2328     3224     1095     1854     3332     2566     4168     2244     2823     2113     3629     1326     
18       445      1145     2371     1901     2521     3707     1435     2034     2887     548      3604     1301     2773     2502     1093     190      1709     2666     0        4333     2724     602      488      2250     1193     3788     3602     1405     227      3761     2685     3148     2769     2442     2357     3363     4330     1867     700      2166     1789     
19       4406     3247     2488     3385     2227     3158     3754     3649     1769     4556     1617     4542     3220     4189     3249     4154     4776     2278     4333     0        3647     3781     3939     2962     3609     2564     1467     3418     4375     988      3213     1264     1761     3546     2744     3953     60       3390     3638     4145     3548     
20       2398     2004     1332     3712     3357     1170     3560     690      1940     2440     2120     1798     431      627      2191     2577     1716     3582     2724     3647     0        2256     2280     888      1568     1577     2238     1414     2934     2681     435      3122     2033     295      1043     662      3683     920      2338     799      3729     
21       646      550      1772     1792     2135     3163     1449     1578     2288     804      3002     1220     2246     2144     536      412      1630     2311     602      3781     2256     0        163      1685     688      3207     3001     863      746      3171     2158     2637     2175     1963     1775     2913     3782     1354     199      1822     1732     
22       483      699      1886     1904     2292     3229     1530     1593     2426     642      3131     1108     2300     2122     698      309      1523     2465     488      3939     2280     163      0        1764     721      3300     3135     922      666      3317     2212     2799     2319     1991     1869     2930     3941     1398     352      1793     1832     
23       2043     1283     490      2892     2469     1488     2806     689      1194     2138     1631     1762     641      1268     1456     2073     1886     2694     2250     2962     888      1685     1764     0        1074     1548     1701     848      2426     2064     561      2277     1236     660      219      1492     2989     496      1703     1182     2928     
24       972      608      1295     2322     2364     2514     2066     891      1939     1078     2573     955      1581     1490     775      1027     1276     2571     1193     3609     1568     688      721      1074     0        2622     2603     232      1386     2860     1493     2608     1877     1276     1211     2225     3620     677      788      1186     2298     
25       3590     2740     1484     4072     3280     619      4126     2025     1435     3681     980      3219     1218     2203     2885     3607     3235     3480     3788     2564     1577     3207     3300     1548     2622     0        1139     2394     3953     1606     1279     2605     1627     1676     1432     1557     2615     2003     3196     2346     4155     
26       3536     2458     1315     3351     2377     1703     3534     2375     723      3664     158      3438     1807     2821     2541     3412     3587     2547     3602     1467     2238     3001     3135     1701     2603     1139     0        2378     3713     480      1815     1548     878      2185     1489     2490     1512     2187     2919     2835     3470     
27       1204     625      1066     2371     2298     2306     2162     770      1725     1310     2345     1125     1383     1421     812      1232     1402     2512     1405     3418     1414     863      922      848      232      2394     2378     0        1589     2647     1295     2460     1673     1118     979      2076     3432     496      925      1147     2363     
28       667      1259     2514     1766     2478     3895     1275     2244     2993     754      3724     1526     2967     2726     1176     359      1931     2607     227      4375     2934     746      666      2426     1386     3953     3713     1589     0        3847     2879     3165     2864     2649     2521     3577     4369     2063     794      2390     1641     
29       3749     2620     1624     3254     2189     2182     3504     2751     922      3887     635      3746     2251     3245     2673     3573     3932     2328     3761     988      2681     3171     3317     2064     2860     1606     480      2647     3847     0        2250     1255     998      2602     1845     2965     1032     2528     3063     3230     3390     
30       2416     1814     934      3452     3000     1029     3355     754      1507     2485     1703     1951     88       1010     1994     2520     1956     3224     2685     3213     435      2158     2212     561      1493     1279     1815     1295     2879     2250     0        2705     1608     403      658      943      3248     818      2205     1083     3487     
31       3280     2138     1796     2137     993      3062     2490     2900     1251     3436     1687     3564     2745     3541     2100     2978     3862     1095     3148     1264     3122     2637     2799     2277     2608     2605     1548     2460     3165     1255     2705     0        1107     2933     2087     3603     1244     2584     2472     3405     2295     
32       2751     1625     747      2514     1653     1999     2663     1909     194      2889     934      2791     1644     2500     1688     2580     3014     1854     2769     1761     2033     2175     2319     1236     1877     1627     878      1673     2864     998      1608     1107     0        1870     1027     2496     1781     1633     2074     2413     2621     
33       2130     1710     1138     3424     3107     1359     3266     416      1799     2181     2082     1584     457      643      1897     2291     1559     3332     2442     3546     295      1963     1991     660      1276     1676     2185     1118     2649     2602     403      2933     1870     0        847      958      3577     625      2043     679      3438     
34       2183     1324     291      2846     2342     1459     2800     908      976      2287     1425     1958     722      1473     1483     2175     2099     2566     2357     2744     1043     1775     1869     219      1211     1432     1489     979      2521     1845     658      2087     1027     847      0        1601     2771     698      1769     1400     2895     
35       3015     2665     1871     4362     3944     973      4222     1337     2366     3043     2348     2338     881      986      2852     3222     2169     4168     3363     3953     662      2913     2930     1492     2225     1557     2490     2076     3577     2965     943      3603     2496     958      1601     0        3995     1583     3000     1289     4384     
36       4409     3250     2512     3357     2198     3207     3732     3675     1795     4559     1664     4557     3257     4221     3249     4152     4794     2244     4330     60       3683     3782     3941     2989     3620     2615     1512     3432     4369     1032     3248     1244     1781     3577     2771     3995     0        3413     3636     4172     3521     
37       1606     1088     907      2817     2600     1844     2642     339      1628     1685     2123     1265     905      1026     1276     1704     1405     2823     1867     3390     920      1354     1398     496      677      2003     2187     496      2063     2528     818      2584     1633     625      698      1583     3413     0        1422     827      2824     
38       829      468      1734     1607     1940     3191     1291     1675     2200     989      2930     1414     2293     2273     392      516      1820     2113     700      3638     2338     199      352      1703     788      3196     2919     925      794      3063     2205     2472     2074     2043     1769     3000     3636     1422     0        1959     1555     
39       1776     1765     1666     3504     3409     1970     3248     507      2377     1782     2742     1049     1131     337      1946     2052     917      3629     2166     4145     799      1822     1793     1182     1186     2346     2835     1147     2390     3230     1083     3405     2413     679      1400     1289     4172     827      1959     0        3484     
40       2185     1740     2721     178      1325     4340     375      3131     2809     2321     3549     2940     3569     3780     1552     1740     3355     1326     1789     3548     3729     1732     1832     2928     2298     4155     3470     2363     1641     3390     3487     2295     2621     3438     2895     4384     3521     2824     1555     3484     0        
;



Table delta(i,j)                 Distance
         0        1        2        3        4        5        6        7        8        9        10       11       12       13       14       15       16       17       18       19       20       21       22       23       24       25       26       27       28       29       30       31       32       33       34       35       36       37       38       39       40       
0        0        1310     1600     230      1250     1600     1510     500      490      1680     890      1360     1510     1560     1920     1450     130      1680     390      1250     820      530      1360     660      1590     690      990      640      450      690      1520     910      1330     1460     950      980      2020     2010     1220     1350     260      
1        1310     0        222      109      157      96       160      166      96       236      128      211      199      96       133      50       142      218      146      167      184      145      149      138      138      74       37       80       139      62       182      102      110      170      196      67       196      152      112      138      124      
2        1600     222      0        173      67       165      81       117      144      14       95       27       28       161      165      194      167      18       121      56       86       107      83       99       117      156      188      151      115      179      53       119      125      63       77       155      103      156      116      95       138      
3        230      109      173      0        130      148      153      71       41       182      92       151      161      146      183      128      32       179      56       132      101      67       138      75       156      55       79       52       59       49       158      87       127      150      114      86       203      194      118      135      35       
4        1250     157      67       130      0        99       30       101      92       82       38       65       42       95       107      126      136      61       93       13       84       76       21       59       59       97       124      94       81       121      29       56       58       21       86       89       79       104      48       30       98       
5        1600     96       165      148      99       0        85       167      110      179      95       164      136      4        38       47       173      154      149      112      167      138      81       122      52       93       86       96       137      108      113      74       41       101      174      63       106      56       53       69       137      
6        1510     160      81       153      30       85       0        131      113      96       62       88       53       82       83       122      163      69       122      40       115      106      15       88       35       113      132      111      110      136      28       70       51       18       116      96       50       77       48       22       125      
7        500      166      117      71       101      167      131      0        70       123      76       91       115      163      192      166      52       128      20       96       33       28       118      46       150      94       130      87       30       105      123      92       131      120      45       115      180      196      118      122      43       
8        490      96       144      41       92       110      113      70       0        155      54       126      128      107      143      99       62       147      50       97       89       50       98       47       114      23       59       17       43       37       121      46       86       112      101      50       162      153      76       94       30       
9        1680     236      14       182      82       179      96       123      155      0        108      32       42       175      179      208      174      30       129      70       90       115      97       109      131      169      201      163      123      191      67       133      140      78       80       168      115      170      130      109      147      
10       890      128      95       92       38       95       62       76       54       108      0        82       75       91       116      107      101      95       62       43       72       47       47       29       74       61       92       57       50       85       67       26       56       58       79       61       112      120      43       47       62       
11       1360     211      27       151      65       164      88       91       126      32       82       0        40       160      171      188      142      43       97       52       59       83       85       79       122      141      175      135      92       162      63       108      123      70       50       144      120      165      112      96       115      
12       1510     199      28       161      42       136      53       115      128      42       75       40       0        133      136      168      160      19       114      32       88       98       55       86       89       137      166      132      105      160      25       97       98       35       84       131      79       128      90       67       127      
13       1560     96       161      146      95       4        82       163      107      175      91       160      133      0        39       48       170      150      146      108      163      134      77       118      49       90       85       94       134      106      109      70       37       98       170      60       104      56       49       65       134      
14       1920     133      165      183      107      38       83       192      143      179      116      171      136      39       0        83       205      151      176      119      186      163      86       145      48       128      124      131      164      145      112      101      60       102      191      99       84       20       73       77       168      
15       1450     50       194      128      126      47       122      166      99       208      107      188      168      48       83       0        158      186      147      138      175      140      113      127      94       76       51       82       137      80       147      81       71       135      185      50       151      102      77       102      129      
16       130      142      167      32       136      173      163      52       62       174      101      142      160      170      205      158      0        176      46       135      85       61       148      76       172      82       111      77       55       81       162      104      146      157      98       112      213      214      135      148      38       
17       1680     218      18       179      61       154      69       128      147      30       95       43       19       150      151      186      176      0        130      52       99       114      73       104      104      156      185      152      122      180      40       117      116      52       92       151      85       141      109      85       144      
18       390      146      121      56       93       149      122      20       50       129      62       97       114      146      176      147      46       130      0        90       44       16       108      33       137      74       110      67       12       85       118      75       115      113      58       96       172      182      103      110      24       
19       1250     167      56       132      13       112      40       96       97       70       43       52       32       108      119      138      135      52       90       0        76       73       33       58       71       104      133      100      80       128      27       64       71       25       76       99       84       116      61       43       99       
20       820      184      86       101      84       167      115      33       89       90       72       59       88       163      186      175      85       99       44       76       0        38       104      48       140      110      147      103      46       126      101      95       128      101      13       125      160      187      115      111      67       
21       530      145      107      67       76       138      106      28       50       115      47       83       98       134      163      140      61       114      16       73       38       0        92       18       122      71       108      65       8        87       101      64       102      97       51       89       155      167      90       94       32       
22       1360     149      83       138      21       81       15       118      98       97       47       85       55       77       86       113      148      73       108      33       104      92       0        74       38       98       120      96       96       122      33       55       43       21       107      83       65       83       36       12       110      
23       660      138      99       75       59       122      88       46       47       109      29       79       86       118      145      127      76       104      33       58       48       18       74       0        104      65       101      58       22       84       86       48       85       80       58       77       138      149      72       76       40       
24       1590     138      117      156      59       52       35       150      114      131      74       122      89       49       48       94       172      104      137      71       140      122      38       104      0        106      117      107      124      128      64       68       31       53       144      82       58       46       38       29       133      
25       690      74       156      55       97       93       113      94       23       169      61       141      137      90       128      76       82       156      74       104      110      71       98       65       106      0        36       6        66       24       126      43       76       116      122      30       159      141      69       91       53       
26       990      37       188      79       124      86       132      130      59       201      92       175      166      85       124      51       111      185      110      133      147      108      120      101      117      36       0        43       102      30       151      68       86       140      159      36       174      140      85       110      88       
27       640      80       151      52       94       96       111      87       17       163      57       135      132      94       131      82       77       152      67       100      103      65       96       58       107      6        43       0        59       27       123      41       76       113      115      34       158      142      69       90       47       
28       450      139      115      59       81       137      110      30       43       123      50       92       105      134      164      137      55       122      12       80       46       8        96       22       124      66       102      59       0        80       107      63       103      102      59       86       160      169      91       97       23       
29       690      62       179      49       121      108      136      105      37       191      85       162      160      106      145      80       81       180      85       128      126      87       122      84       128      24       30       27       80       0        150      67       97       140      139      47       182      159      92       115      62       
30       1520     182      53       158      29       113      28       123      121      67       67       63       25       109      112      147      162      40       118      27       101      101      33       86       64       126      151      123      107      150      0        84       76       12       99       115      59       103      70       45       126      
31       910      102      119      87       56       74       70       92       46       133      26       108      97       70       101      81       104      117      75       64       95       64       55       48       68       43       68       41       63       67       84       0        41       73       104      35       117      109      31       49       66       
32       1330     110      125      127      58       41       51       131      86       140      56       123      98       37       60       71       146      116      115      71       128      102      43       85       31       76       86       76       103      97       76       41       0        64       134      51       88       67       13       31       108      
33       1460     170      63       150      21       101      18       120      112      78       58       70       35       98       102      135      157      52       113      25       101      97       21       80       53       116      140      113      102      140      12       73       64       0        101      104      59       95       58       33       119      
34       950      196      77       114      86       174      116      45       101      80       79       50       84       170      191      185      98       92       58       76       13       51       107      58       144      122      159      115      59       139      99       104      134      101      0        135      159      190      121      114      81       
35       980      67       155      86       89       63       96       115      50       168      61       144      131      60       99       50       112      151      96       99       125      89       83       77       82       30       36       34       86       47       115      35       51       104      135      0        139      112      49       74       79       
36       2020     196      103      203      79       106      50       180      162      115      112      120      79       104      84       151      213      85       172      84       160      155      65       138      58       159      174      158      160      182      59       117      88       59       159      139      0        67       90       68       175      
37       2010     152      156      194      104      56       77       196      153      170      120      165      128      56       20       102      214      141      182      116      187      167      83       149      46       141      140      142      169      159      103      109      67       95       190      112      67       0        79       75       176      
38       1220     112      116      118      48       53       48       118      76       130      43       112      90       49       73       77       135      109      103      61       115      90       36       72       38       69       85       69       91       92       70       31       13       58       121      49       90       79       0        25       97       
39       1350     138      95       135      30       69       22       122      94       109      47       96       67       65       77       102      148      85       110      43       111      94       12       76       29       91       110      90       97       115      45       49       31       33       114      74       68       75       25       0        109      
40       260      124      138      35       98       137      125      43       30       147      62       115      127      134      168      129      38       144      24       99       67       32       110      40       133      53       88       47       23       62       126      66       108      119      81       79       175      176      97       109      0        
;

