

sets
i        orders          /0*20/
k        routes          /1*20/
p        positions       /0*20/
;

alias(i,j)
alias(i,h)
alias(i,hh)
alias(i,jj)
alias(k,kk)
                            Parameters

rho(i)	Processing time
/
0	0
1	69
2	93
3	76
4	42
5	78
6	6
7	5
8	72
9	67
10	68
11	19
12	77
13	5
14	2
15	99
16	63
17	62
18	58
19	89
20	76
/

gamma(i)	Duedate
/
0	0
1	21
2	87
3	39
4	62
5	79
6	7
7	2
8	47
9	40
10	5
11	19
12	19
13	2
14	88
15	10
16	53
17	65
18	22
19	47
20	38
/

sigma(i)	Size
/
0	0
1	4
2	1
3	7
4	5
5	6
6	2
7	4
8	4
9	6
10	6
11	4
12	7
13	6
14	2
15	8
16	6
17	2
18	1
19	6
20	4
/

epsilon(i)	Priority
/
0	0
1	8
2	3
3	2
4	4
5	7
6	6
7	2
8	8
9	9
10	9
11	9
12	8
13	5
14	6
15	1
16	4
17	8
18	2
19	5
20	5
/

psi	Vehicle Capacity
/ 9 /
;

Table kappa(i,j)                 Setup
         0        1        2        3        4        5        6        7        8        9        10       11       12       13       14       15       16       17       18       19       20       
0        0        27       163      16       144      31       107      158      164      49       130      22       123      140      80       142      79       68       179      147      87       
1        27       0        154      20       150      42       127      162      175      72       122      45       122      150      103      169      106      52       184      150      112      
2        163      154      0        147      84       192      150      75       121      153      33       184      52       104      163      235      210      103      87       67       186      
3        16       20       147      0        133      45       106      147      156      52       114      38       110      132      83       151      92       51       168      135      93       
4        144      150      84       133      0        175      79       18       39       109      69       159      44       21       104      163      159      118      36       17       125      
5        31       42       192      45       175      0        132      190      193      74       160      20       155      170      102      152      83       93       211      179      102      
6        107      127      150      106      79       132      0        97       73       58       123      112      98       61       33       85       86       125      110      93       50       
7        158      162      75       147      18       190      97       0        47       126      67       174      46       37       122      180      177      126      21       13       143      
8        164      175      121      156      39       193      73       47       0        121      108      175      83       26       105      147      159      151      46       54       123      
9        49       72       153      52       109      74       58       126      121      0        120      55       104      100      31       102      58       87       145      117      44       
10       130      122      33       114      69       160      123      67       108      120      0        151      26       86       132      206      178      74       86       56       154      
11       22       45       184      38       159      20       112      174      175      55       151      0        143      153      81       133      65       90       195      164      82       
12       123      122      52       110      44       155      98       46       83       104      26       143      0        60       111      183      161      81       67       34       134      
13       140      150      104      132      21       170      61       37       26       100      86       153      60       0        89       143      145      125      49       38       110      
14       80       103      163      83       104      102      33       122      105      31       132      81       111      89       0        77       55       113      138      116      22       
15       142      169      235      151      163      152      85       180      147      102      206      133      183      143      77       0        69       189      191      178      58       
16       79       106      210      92       159      83       86       177      159      58       178      65       161      145      55       69       0        139      193      170      37       
17       68       52       103      51       118      93       125      126      151      87       74       90       81       125      113      189      139      0        148      113      131      
18       179      184      87       168      36       211      110      21       46       145      86       195      67       49       138      191      193      148      0        34       159      
19       147      150      67       135      17       179      93       13       54       117      56       164      34       38       116      178      170      113      34       0        138      
20       87       112      186      93       125      102      50       143      123      44       154      82       134      110      22       58       37       131      159      138      0        
;



Table delta(i,j)                 Distance
         0        1        2        3        4        5        6        7        8        9        10       11       12       13       14       15       16       17       18       19       20       
0        0        6180     6450     5190     4080     5010     5430     3990     5370     5340     6660     1290     2850     4770     5370     1830     6870     2970     1410     3840     4170     
1        6180     0        107      105      69       65       27       73       158      81       37       166      132      46       35       168      96       139      194      78       160      
2        6450     107      0        198      119      156      94       113      72       177      78       191      119      110      85       157      23       117      181      133      98       
3        5190     105      198      0        87       42       105      96       223      24       142      130      151      87       113      168      194      162      187      77       205      
4        4080     69       119      87       0        52       47       9        135      73       91       96       73       23       48       103      121      82       128      14       120      
5        5010     65       156      42       52       0        62       61       185      22       101      124      123      46       71       148      151      133      171      47       172      
6        5430     27       94       105      47       62       0        48       136      82       44       143      105      25       10       142      89       112      168      58       134      
7        3990     73       113      96       9        61       48       0        126      82       91       95       64       27       47       96       116      74       122      20       110      
8        5370     158      72       223      135      185      136      126      0        207      140      169      92       140      125      118      95       84       136      146      39       
9        5340     81       177      24       73       22       82       82       207      0        118      134      143      68       92       165      171      153      186      66       193      
10       6660     37       78       142      91       101      44       91       140      118      0        186      137      70       43       177      63       142      203      103      151      
11       1290     166      191      130      96       124      143      95       169      134      186      0        77       120      142      59       202      85       65       87       133      
12       2850     132      119      151      73       123      105      64       92       143      137      77       0        91       98       40       134      11       66       76       60       
13       4770     46       110      87       23       46       25       27       140      68       70       120      91       0        29       124      109      99       150      33       130      
14       5370     35       85       113      48       71       10       47       125      92       43       142      98       29       0        136      80       105      163      60       124      
15       1830     168      157      168      103      148      142      96       118      165      177      59       40       124      136      0        173      40       26       102      79       
16       6870     96       23       194      121      151      89       116      95       171      63       202      134      109      80       173      0        133      198      135      120      
17       2970     139      117      162      82       133      112      74       84       153      142      85       11       99       105      40       133      0        65       87       49       
18       1410     194      181      187      128      171      168      122      136      186      203      65       66       150      163      26       198      65       0        126      96       
19       3840     78       133      77       14       47       58       20       146      66       103      87       76       33       60       102      135      87       126      0        128      
20       4170     160      98       205      120      172      134      110      39       193      151      133      60       130      124      79       120      49       96       128      0        
;

