

sets
i        orders          /0*20/
k        routes          /1*20/
p        positions       /0*20/
;

alias(i,j)
alias(i,h)
alias(i,hh)
alias(i,jj)
alias(k,kk)
                            Parameters

rho(i)	Processing time
/
0	0
1	49
2	36
3	66
4	58
5	66
6	76
7	9
8	73
9	29
10	11
11	83
12	40
13	9
14	19
15	5
16	36
17	7
18	13
19	71
20	63
/

gamma(i)	Duedate
/
0	0
1	62
2	80
3	98
4	67
5	51
6	54
7	54
8	92
9	65
10	85
11	92
12	16
13	99
14	1
15	36
16	81
17	80
18	61
19	56
20	42
/

sigma(i)	Size
/
0	0
1	7
2	9
3	5
4	6
5	6
6	6
7	2
8	2
9	2
10	3
11	3
12	8
13	2
14	6
15	9
16	2
17	9
18	4
19	5
20	3
/

epsilon(i)	Priority
/
0	0
1	6
2	3
3	5
4	3
5	2
6	2
7	4
8	3
9	5
10	9
11	5
12	2
13	6
14	9
15	7
16	4
17	4
18	1
19	5
20	4
/

psi	Vehicle Capacity
/ 165 /
;

Table kappa(i,j)                 Setup
         0        1        2        3        4        5        6        7        8        9        10       11       12       13       14       15       16       17       18       19       20       
0        0        110      105      138      168      131      126      34       137      114      116      69       104      40       70       66       70       12       27       135      102      
1        110      0        69       119      62       69       64       132      56       50       119      102      121      145      105      170      52       122      124      101      40       
2        105      69       0        178      90       136      130      109      125      23       51       137      167      123      56       142      41       116      102      163      101      
3        138      119      178      0        168      57       60       172      78       167      220      69       42       176      186      201      141      143      165      21       79       
4        168      62       90       168      0        111      108      185      91       67       137      164      179      199      144      222      101      180      177      148      96       
5        131      69       136      57       111      0        6        163      21       119      183      82       78       172      159      198      106      140      154      36       36       
6        126      64       130      60       108      6        0        158      20       114      177      79       78       167      153      193      100      136      149      39       30       
7        34       132      109      172      185      163      158      0        167      124      104      103      137      14       59       37       84       30       8        169      131      
8        137      56       125      78       91       21       20       167      0        106      174      97       98       177      155      203      101      148      158      57       35       
9        114      50       23       167      67       119      114      124      106      0        74       134      161      139      77       159      45       126      117      150      87       
10       116      119      51       220      137      183      177      104      174      74       0        168      201      116      46       127      78       123      101      207      147      
11       69       102      137      69       164      82       79       103      97       134      168      0        35       107      127      131      96       74       96       72       70       
12       104      121      167      42       179      78       78       137      98       161      201      35       0        140      162      163      126      107      131      54       83       
13       40       145      123      176      199      172      167      14       177      139      116      107      140      0        73       25       98       33       21       176      142      
14       70       105      56       186      144      159      153      59       155      77       46       127      162      73       0        87       54       77       55       177      123      
15       66       170      142      201      222      198      193      37       203      159      127      131      163      25       87       0        121      58       46       201      168      
16       70       52       41       141      101      106      100      84       101      45       78       96       126      98       54       121      0        82       76       129      70       
17       12       122      116      143      180      140      136      30       148      126      123      74       107      33       77       58       82       0        26       143      113      
18       27       124      102      165      177      154      149      8        158      117      101      96       131      21       55       46       76       26       0        162      123      
19       135      101      163      21       148      36       39       169      57       150      207      72       54       176      177      201      129      143      162      0        63       
20       102      40       101      79       96       36       30       131      35       87       147      70       83       142      123      168      70       113      123      63       0        
;



Table delta(i,j)                 Distance
         0        1        2        3        4        5        6        7        8        9        10       11       12       13       14       15       16       17       18       19       20       
0        0        3270     4380     1500     2610     5370     1680     4440     4470     3420     5070     2250     5250     5190     4890     2130     4800     2340     3360     3660     810      
1        3270     0        65       119      43       78       102      86       129      76       72       40       68       73       55       57       109      73       82       13       100      
2        4380     65       0        172      108      111      159      28       84       142      115      74       55       111      80       75       170      75       148      64       148      
3        1500     119      172      0        81       174      19       181      193      89       160      98       187      167      165      104      131      118      84       130      28       
4        2610     43       108      81       0        94       62       125      159      40       82       51       108      88       84       70       84       89       44       51       69       
5        5370     78       111      174      94       0        154      139      193      92       16       118      65       7        30       135      86       150      100      65       164      
6        1680     102      159      19       62       154      0        170      187      70       140      86       170      147      147      96       113      111      65       113      29       
7        4440     86       28       181      125      139      170      0        57       162      142      83       82       138      108      77       194      70       168      88       155      
8        4470     129      84       193      159      193      187      57       0        199      195      109      139      192      163      93       238      76       204      135      165      
9        3420     76       142      89       40       92       70       162      199      0        77       92       129      85       95       110      46       129      8        79       90       
10       5070     72       115      160      82       16       140      142      195      77       0        111      74       9        36       130      71       146      84       61       151      
11       2250     40       74       98       51       118      86       83       109      92       111      0        101      113      95       19       133      38       95       53       74       
12       5250     68       55       187      108      65       170      82       139      129      74       101      0        67       38       111      142      119      137      57       169      
13       5190     73       111      167      88       7        147      138      192      85       9        113      67       0        30       131      81       146      93       61       157      
14       4890     55       80       165      84       30       147      108      163      95       36       95       38       30       0        111      104      124      103      41       151      
15       2130     57       75       104      70       135      96       77       93       110      130      19       111      131      111      0        153      19       113      70       77       
16       4800     109      170      131      84       86       113      194      238      46       71       133      142      81       104      153      0        172      48       105      135      
17       2340     73       75       118      89       150      111      70       76       129      146      38       119      146      124      19       172      0        132      84       90       
18       3360     82       148      84       44       100      65       168      204      8        84       95       137      93       103      113      48       132      0        86       87       
19       3660     13       64       130      51       65       113      88       135      79       61       53       57       61       41       70       105      84       86       0        112      
20       810      100      148      28       69       164      29       155      165      90       151      74       169      157      151      77       135      90       87       112      0        
;

