

sets
i        orders          /0*20/
k        routes          /1*20/
p        positions       /0*20/
;

alias(i,j)
alias(i,h)
alias(i,hh)
alias(i,jj)
alias(k,kk)
                            Parameters

rho(i)	Processing time
/
0	0
1	45
2	30
3	32
4	15
5	39
6	11
7	50
8	82
9	63
10	79
11	74
12	90
13	29
14	23
15	8
16	48
17	68
18	53
19	36
20	70
/

gamma(i)	Duedate
/
0	0
1	49
2	38
3	85
4	9
5	44
6	92
7	16
8	66
9	12
10	23
11	42
12	46
13	23
14	25
15	28
16	47
17	63
18	62
19	94
20	29
/

sigma(i)	Size
/
0	0
1	7
2	6
3	3
4	9
5	3
6	5
7	4
8	5
9	1
10	6
11	1
12	1
13	6
14	4
15	4
16	8
17	7
18	1
19	4
20	5
/

epsilon(i)	Priority
/
0	0
1	9
2	4
3	2
4	3
5	4
6	1
7	5
8	8
9	1
10	7
11	4
12	9
13	9
14	7
15	2
16	9
17	4
18	9
19	3
20	9
/

psi	Vehicle Capacity
/ 94 /
;

Table kappa(i,j)                 Setup
         0        1        2        3        4        5        6        7        8        9        10       11       12       13       14       15       16       17       18       19       20       
0        0        56       203      99       85       83       196      162      31       102      138      98       150      64       45       111      162      126      81       150      83       
1        56       0        199      68       121      131      209      202      87       65       155      67       132      70       69       132      211      89       93       126      118      
2        203      199      0        135      144      180      61       158      210      144      83       138      74       140      158      107      206      131      122      87       143      
3        99       68       135      0        110      138      158      183      123      11       113      2        64       53       73       101      209      27       65       57       107      
4        85       121      144      110      0        36       118      81       76       120      64       111      122      59       52       37       98       134      45       130      3        
5        83       131      180      138      36       0        148      83       61       146      98       138      158      84       68       73       80       163      77       164      38       
6        196      209      61       158      118      148      0        104      194      169      57       160      113      140      152      84       154      164      118      127      119      
7        162      202      158      183      81       83       104      0        144      194      85       185      173      138      133      83       51       203      118      185      84       
8        31       87       210      123      76       61       194      144      0        128      137      123      167      79       56       109      137      151      89       169      75       
9        102      65       144      11       120      146      169      194      128      0        124      9        71       61       80       112      219      25       76       63       116      
10       138      155      83       113      64       98       57       85       137      124      0        115      88       85       95       28       128      126      62       100      63       
11       98       67       138      2        111      138      160      185      123      9        115      0        66       53       73       102      210      27       67       59       108      
12       150      132      74       64       122      158      113      173      167      71       88       66       0        88       111      94       212      56       82       14       119      
13       64       70       140      53       59       84       140      138      79       61       85       53       88       0        23       62       158      79       23       90       56       
14       45       69       158      73       52       68       152      133      56       80       95       73       111      23       0        68       146      100      36       113      49       
15       111      132      107      101      37       73       84       83       109      112      28       102      94       62       68       0        118      119      40       104      36       
16       162      211      206      209      98       80       154      51       137      219      128      210      212      158      146      118      0        232      144      222      102      
17       126      89       131      27       134      163      164      203      151      25       126      27       56       79       100      119      232      0        88       44       130      
18       81       93       122      65       45       77       118      118      89       76       62       67       82       23       36       40       144      88       0        87       42       
19       150      126      87       57       130      164      127      185      169      63       100      59       14       90       113      104      222      44       87       0        127      
20       83       118      143      107      3        38       119      84       75       116      63       108      119      56       49       36       102      130      42       127      0        
;



Table delta(i,j)                 Distance
         0        1        2        3        4        5        6        7        8        9        10       11       12       13       14       15       16       17       18       19       20       
0        0        1560     2580     1800     2310     4050     1290     2730     3870     1110     2460     3210     5250     3330     2940     5820     4320     4620     4110     1230     1890     
1        1560     0        35       98       46       148      82       68       93       28       79       82       183      135      52       153      138      135      148      18       76       
2        2580     35       0        120      35       151      106      56       65       64       80       65       180      146      52       119      129      116      148      45       89       
3        1800     98       120      0        94       85       17       93       135      95       65       105      126      55       150      200      111      135      89       80       40       
4        2310     46       35       94       0        115      83       22       51       72       44       36       145      111      85       117      95       89       113      39       57       
5        4050     148      151      85       115      0        97       98       125      160      71       97       41       33       198      175      51       87       8        131      74       
6        1290     82       106      17       83       97       0        86       128      77       63       100      138      70       133      195      117      136      101      64       37       
7        2730     68       56       93       22       98       86       0        42       91       31       16       124      99       107      109      73       67       94       58       53       
8        3870     93       65       135      51       125      128      42       0        121      71       30       140      134      115      66       84       59       119      90       95       
9        1110     28       64       95       72       160      77       91       121      0        95       107      197      141      62       182      158      159      160      33       85       
10       2460     79       80       65       44       71       63       31       71       95       0        40       103      68       127      135      62       73       69       63       26       
11       3210     82       65       105      36       97       100      16       30       107      40       0        118      104      117      95       65       53       92       74       65       
12       5250     183      180      126      145      41       138      124      140      197      103      118      0        73       230      177      55       89       37       166      112      
13       3330     135      146      55       111      33       70       99       134      141      68       104      73       0        187      192      76       109      40       116      58       
14       2940     52       52       150      85       198      133      107      115      62       127      117      230      187      0        159      181      169      196      71       129      
15       5820     153      119      200      117      175      195      109      66       182      135      95       177      192      159      0        125      89       167      154      160      
16       4320     138      129      111      95       51       117      73       84       158      62       65       55       76       181      125      0        37       42       124      82       
17       4620     135      116      135      89       87       136      67       59       159      73       53       89       109      169      89       37       0        79       125      98       
18       4110     148      148      89       113      8        101      94       119      160      69       92       37       40       196      167      42       79       0        130      75       
19       1230     18       45       80       39       131      64       58       90       33       63       74       166      116      71       154      124      125      130      0        58       
20       1890     76       89       40       57       74       37       53       95       85       26       65       112      58       129      160      82       98       75       58       0        
;

