
sets
i        orders          /0*10/
k        routes          /1*10/
p        positions       /0*10/
;

alias(i,j)
alias(i,h)
alias(i,hh)
alias(i,jj)
alias(k,kk)
                
                    Parameters

rho(i)	Processing time
/
0	0
1	45
2	93
3	3
4	62
5	86
6	46
7	52
8	80
9	8
10	79
/

gamma(i)	Duedate
/
0	0
1	52
2	72
3	78
4	25
5	54
6	84
7	44
8	47
9	70
10	4
/

sigma(i)	Size
/
0	0
1	1
2	1
3	2
4	1
5	3
6	7
7	6
8	9
9	6
10	3
/

epsilon(i)	Priority
/
0	0
1	6
2	5
3	3
4	3
5	2
6	6
7	9
8	8
9	9
10	9
/

psi	Vehicle Capacity
/ 40 /
;

Table kappa(i,j)                 Setup
         0        1        2        3        4        5        6        7        8        9        10       
0        0        153      288      183      148      225      88       145      189      163      340      
1        153      0        232      188      19       297      150      51       101      250      263      
2        288      232      0        118      214      218      206      281      130      223      60       
3        183      188      118      0        168      128      95       226      111      111      177      
4        148      19       214      168      0        279      135      67       83       233      248      
5        225      297      218      128      279      0        155      325      238      62       275      
6        88       150      206      95       135      155      0        170      132      101      261      
7        145      51       281      226      67       325      170      0        151      271      314      
8        189      101      130      111      83       238      132      151      0        207      166      
9        163      250      223      111      233      62       101      271      207      0        283      
10       340      263      60       177      248      275      261      314      166      283      0        
;



Table delta(i,j)                 Distance
         0        1        2        3        4        5        6        7        8        9        10       
0        0        176      149      210      178      166      242      193      264      93       113      
1        176      0        60       197      216      50       167      109      220      84       119      
2        149      60       0        139      155      97       123      158      169      61       136      
3        210      197      139      0        58       237      73       297      56       173      259      
4        178      216      155      58       0        247      129      303      111      169      251      
5        166      50       97       237      247      0        214      61       265      87       80       
6        242      167      123      73       129      214      0        275      58       177      259      
7        193      109      158      297      303      61       275      0        327      135      82       
8        264      220      169      56       111      265      58       327      0        215      301      
9        93       84       61       173      169      87       177      135      215      0        85       
10       113      119      136      259      251      80       259      82       301      85       0        
;

