
sets
i        orders          /0*10/
k        routes          /1*10/
p        positions       /0*10/
;

alias(i,j)
alias(i,h)
alias(i,hh)
alias(i,jj)
alias(k,kk)
                
                    Parameters

rho(i)	Processing time
/
0	0
1	67
2	41
3	47
4	35
5	32
6	84
7	29
8	96
9	17
10	87
/

gamma(i)	Duedate
/
0	0
1	68
2	62
3	71
4	3
5	62
6	97
7	85
8	44
9	78
10	29
/

sigma(i)	Size
/
0	0
1	7
2	2
3	2
4	9
5	6
6	1
7	7
8	8
9	6
10	3
/

epsilon(i)	Priority
/
0	0
1	7
2	7
3	6
4	7
5	3
6	4
7	7
8	9
9	9
10	2
/

psi	Vehicle Capacity
/ 38 /
;

Table kappa(i,j)                 Setup
         0        1        2        3        4        5        6        7        8        9        10       
0        0        3        19       111      25       47       92       55       58       40       76       
1        3        0        22       113      28       48       93       54       61       40       78       
2        19       22       0        105      6        45       92       64       40       47       68       
3        111      113      105      0        101      64       36       79       83       79       36       
4        25       28       6        101      0        42       89       64       34       47       64       
5        47       48       45       64       42       0        47       32       47       20       31       
6        92       93       92       36       89       47       0        48       85       53       38       
7        55       54       64       79       64       32       48       0        79       17       56       
8        58       61       40       83       34       47       85       79       0        63       50       
9        40       40       47       79       47       20       53       17       63       0        50       
10       76       78       68       36       64       31       38       56       50       50       0        
;



Table delta(i,j)                 Distance
         0        1        2        3        4        5        6        7        8        9        10       
0        0        3000     1290     2280     1560     1650     1440     360      2730     1020     2310     
1        3000     0        57       64       69       63       105      102      87       119      29       
2        1290     57       0        52       32       30       61       46       76       66       37       
3        2280     64       52       0        84       81       51       69       26       75       35       
4        1560     69       32       84       0        6        88       62       109      85       62       
5        1650     63       30       81       6        0        88       64       106      87       57       
6        1440     105      61       51       88       88       0        35       54       27       75       
7        360      102      46       69       62       64       35       0        82       23       76       
8        2730     87       76       26       109      106      54       82       0        81       61       
9        1020     119      66       75       85       87       27       23       81       0        91       
10       2310     29       37       35       62       57       75       76       61       91       0        
;

