

sets
i        orders          /0*40/
k        routes          /1*40/
p        positions       /0*40/
;

alias(i,j)
alias(i,h)
alias(i,hh)
alias(i,jj)
alias(k,kk)
                            Parameters

rho(i)	Processing time
/
0	0
1	48
2	81
3	52
4	54
5	49
6	98
7	42
8	76
9	86
10	49
11	37
12	8
13	94
14	10
15	42
16	50
17	18
18	7
19	69
20	16
21	7
22	32
23	59
24	39
25	10
26	42
27	1
28	94
29	54
30	84
31	28
32	61
33	51
34	10
35	92
36	72
37	40
38	43
39	78
40	21
/

gamma(i)	Duedate
/
0	0
1	29
2	56
3	36
4	4
5	68
6	46
7	72
8	37
9	65
10	47
11	81
12	90
13	17
14	43
15	22
16	44
17	33
18	16
19	34
20	43
21	95
22	90
23	65
24	70
25	47
26	44
27	53
28	91
29	59
30	9
31	95
32	60
33	45
34	52
35	42
36	21
37	80
38	98
39	55
40	30
/

sigma(i)	Size
/
0	0
1	8
2	7
3	3
4	3
5	8
6	4
7	7
8	6
9	7
10	4
11	5
12	2
13	2
14	9
15	3
16	3
17	5
18	6
19	4
20	1
21	8
22	4
23	5
24	4
25	5
26	6
27	8
28	4
29	1
30	8
31	4
32	2
33	6
34	9
35	6
36	8
37	5
38	8
39	1
40	4
/

epsilon(i)	Priority
/
0	0
1	1
2	3
3	7
4	9
5	2
6	1
7	1
8	2
9	5
10	1
11	6
12	4
13	1
14	6
15	7
16	8
17	4
18	6
19	5
20	2
21	4
22	9
23	2
24	9
25	5
26	2
27	9
28	2
29	8
30	9
31	1
32	2
33	9
34	8
35	9
36	9
37	6
38	1
39	2
40	2
/

psi	Vehicle Capacity
/ 31 /
;

Table kappa(i,j)                 Setup
         0        1        2        3        4        5        6        7        8        9        10       11       12       13       14       15       16       17       18       19       20       21       22       23       24       25       26       27       28       29       30       31       32       33       34       35       36       37       38       39       40       
0        0        2191     2988     1044     2127     2137     1606     1724     1061     2964     2787     1308     1702     2049     2271     2169     1329     3004     2541     484      2794     1473     3064     3213     2797     2789     2632     272      3001     932      1946     805      2207     1882     2152     2068     711      2639     988      846      1340     
1        2191     0        799      1647     239      1403     2902     624      1571     806      3021     1193     2126     1364     2141     450      3043     1392     741      1947     721      1106     2481     1828     1956     946      673      2309     1332     3101     518      2593     2634     534      496      1543     1531     1163     2727     1642     2531     
2        2988     799      0        2364     887      1892     3566     1372     2331     334      3414     1903     2700     1797     2550     1004     3770     1255     833      2742     444      1831     2653     1719     2122     942      747      3097     1171     3900     1148     3378     3129     1240     1049     1972     2329     1243     3506     2423     3207     
3        1044     1647     2364     0        1485     2276     1275     1472     1462     2448     1923     461      788      1028     1263     1840     1406     2059     1719     1226     2055     1539     2032     2206     1752     2496     2263     968      2072     1907     1216     1814     1369     1603     1848     1027     972      1697     1997     1303     899      
4        2127     239      887      1485     0        1595     2718     732      1624     971      2785     1025     1912     1125     1904     673      2891     1219     572      1933     678      1205     2245     1635     1724     1182     906      2219     1169     3052     295      2597     2407     687      714      1305     1507     957      2742     1663     2351     
5        2137     1403     1892     2276     1595     0        3480     945      1081     1638     4085     1983     3009     2553     3254     967      3391     2795     2144     1678     2056     741      3768     3228     3273     1093     1161     2377     2734     2798     1750     2056     3589     920      918      2708     1488     2552     2105     1292     3118     
6        1606     2902     3566     1275     2718     3480     0        2740     2517     3689     1491     1711     963      1898     1498     3115     556      2965     2825     2048     3205     2740     2245     2930     2272     3771     3534     1343     3006     1951     2430     2341     1010     2876     3123     1776     2025     2649     2505     2311     375      
7        1724     624      1372     1472     732      945      2740     0        960      1271     3169     1099     2133     1608     2321     445      2769     1949     1304     1400     1345     482      2824     2349     2335     1081     907      1892     1900     2587     820      2012     2699     158      429      1764     1019     1663     2135     1057     2365     
8        1061     1571     2331     1462     1624     1081     2517     960      0        2208     3384     1363     2251     2125     2657     1360     2353     2775     2171     596      2283     524      3333     3115     2923     1880     1790     1311     2742     1751     1588     1080     2832     1094     1326     2229     502      2443     1185     216      2180     
9        2964     806      334      2448     971      1638     3689     1271     2208     0        3652     1990     2867     2006     2778     848      3848     1575     1089     2671     739      1689     2942     2042     2407     623      477      3099     1492     3852     1261     3279     3332     1121     884      2186     2276     1527     3393     2325     3322     
10       2787     3021     3414     1923     2785     4085     1491     3169     3384     3652     0        2106     1135     1662     881      3394     2047     2373     2580     3106     2975     3386     1071     2111     1421     3967     3691     2580     2445     3372     2507     3590     579      3252     3422     1481     2895     2204     3771     3226     1526     
11       1308     1193     1903     461      1025     1983     1711     1099     1363     1990     2106     0        1034     793      1310     1422     1867     1697     1285     1325     1604     1282     1971     1915     1589     2069     1825     1313     1697     2229     757      1985     1607     1211     1435     872      954      1331     2160     1261     1338     
12       1702     2126     2700     788      1912     3009     963      2133     2251     2867     1135     1034     0        952      623      2428     1387     2003     1914     1982     2308     2288     1437     1975     1344     3055     2794     1532     2046     2415     1617     2507     585      2239     2447     816      1760     1696     2690     2090     710      
13       2049     1364     1797     1028     1125     2553     1898     1608     2125     2006     1662     793      952      0        780      1759     2244     1084     980      2117     1380     1940     1229     1178     799      2308     2030     1996     1116     2935     858      2768     1332     1658     1791     181      1745     752      2946     2044     1588     
14       2271     2141     2550     1263     1904     3254     1498     2321     2657     2778     881      1310     623      780      0        2521     1981     1610     1719     2488     2118     2584     815      1469     780      3086     2810     2127     1672     3029     1628     3064     637      2393     2551     599      2200     1379     3248     2528     1313     
15       2169     450      1004     1840     673      967      3115     445      1360     848      3394     1422     2428     1759     2521     0        3183     1834     1186     1839     1095     842      2915     2276     2396     659      462      2333     1770     3029     901      2432     2969     287      49       1932     1464     1614     2545     1482     2740     
16       1329     3043     3770     1406     2891     3391     556      2769     2353     3848     2047     1867     1387     2244     1981     3183     0        3329     3095     1809     3450     2671     2761     3353     2731     3841     3628     1058     3360     1454     2622     1957     1553     2918     3181     2153     1903     2990     2105     2137     677      
17       3004     1392     1255     2059     1219     2795     2965     1949     2775     1575     2373     1697     2003     1084     1610     1834     3329     0        652      2955     845      2411     1458     469      964      2110     1851     3002     85       3926     1187     3632     2246     1905     1882     1189     2535     366      3797     2768     2669     
18       2541     741      833      1719     572      2144     2825     1304     2171     1089     2580     1285     1914     980      1719     1186     3095     652      0        2418     401      1775     1860     1090     1325     1532     1259     2586     597      3473     608      3094     2308     1254     1234     1149     1990     456      3249     2188     2484     
19       484      1947     2742     1226     1933     1678     2048     1400     596      2671     3106     1325     1982     2117     2488     1839     1809     2955     2418     0        2612     1064     3241     3226     2905     2419     2294     751      2938     1192     1810     677      2532     1554     1814     2176     428      2597     843      392      1748     
20       2794     721      444      2055     678      2056     3205     1345     2283     739      2975     1604     2308     1380     2118     1095     3450     845      401      2612     0        1828     2210     1314     1678     1269     1019     2868     765      3722     859      3275     2710     1251     1144     1551     2185     798      3418     2336     2857     
21       1473     1106     1831     1539     1205     741      2740     482      524      1689     3386     1282     2288     1940     2584     842      2671     2411     1775     1064     1828     0        3169     2793     2710     1362     1266     1690     2367     2252     1245     1604     2872     591      805      2075     779      2108     1707     679      2377     
22       3064     2481     2653     2032     2245     3768     2245     2824     3333     2942     1071     1971     1437     1229     815      2915     2761     1458     1860     3241     2210     3169     0        1101     535      3378     3100     2934     1541     3843     2028     3846     1256     2857     2954     1105     2914     1414     4030     3231     2109     
23       3213     1828     1719     2206     1635     3228     2930     2349     3115     2042     2111     1915     1975     1178     1469     2276     3353     469      1090     3226     1314     2793     1101     0        707      2579     2318     3173     550      4110     1548     3896     2095     2322     2323     1216     2822     686      4068     3083     2677     
24       2797     1956     2122     1752     1724     3273     2272     2335     2923     2407     1421     1589     1344     799      780      2396     2731     964      1325     2905     1678     2710     535      707      0        2845     2566     2708     1042     3642     1524     3544     1393     2356     2437     732      2543     880      3725     2844     2055     
25       2789     946      942      2496     1182     1093     3771     1081     1880     623      3967     2069     3055     2308     3086     659      3841     2110     1532     2419     1269     1362     3378     2579     2845     0        279      2969     2033     3611     1464     2957     3577     926      659      2487     2078     1989     3046     2040     3396     
26       2632     673      747      2263     906      1161     3534     907      1790     477      3691     1825     2794     2030     2810     462      3628     1851     1259     2294     1019     1266     3100     2318     2566     279      0        2795     1776     3486     1192     2869     3307     749      481      2210     1925     1715     2973     1928     3160     
27       272      2309     3097     968      2219     2377     1343     1892     1311     3099     2580     1313     1532     1996     2127     2333     1058     3002     2586     751      2868     1690     2934     3173     2708     2969     2795     0        3007     938      2009     1020     2003     2050     2321     1992     911      2636     1196     1095     1098     
28       3001     1332     1171     2072     1169     2734     3006     1900     2742     1492     2445     1697     2046     1116     1672     1770     3360     85       597      2938     765      2367     1541     550      1042     2033     1776     3007     0        3926     1154     3616     2306     1851     1819     1230     2516     375      3778     2741     2704     
29       932      3101     3900     1907     3052     2798     1951     2587     1751     3852     3372     2229     2415     2935     3029     3029     1454     3926     3473     1192     3722     2252     3843     4110     3642     3611     3486     938      3926     0        2878     791      2812     2743     3005     2930     1576     3560     845      1572     1845     
30       1946     518      1148     1216     295      1750     2430     820      1588     1261     2507     757      1617     858      1628     901      2622     1187     608      1810     859      1245     2028     1548     1524     1464     1192     2009     1154     2878     0        2486     2116     831      936      1034     1382     864      2642     1589     2066     
31       805      2593     3378     1814     2597     2056     2341     2012     1080     3279     3590     1985     2507     2768     3064     2432     1957     3632     3094     677      3275     1604     3846     3896     3544     2957     2869     1020     3616     791      2486     0        3011     2158     2401     2812     1103     3274     183      956      2117     
32       2207     2634     3129     1369     2407     3589     1010     2699     2832     3332     579      1607     585      1332     637      2969     1553     2246     2308     2532     2710     2872     1256     2095     1393     3577     3307     2003     2306     2812     2116     3011     0        2797     2992     1158     2337     2001     3192     2666     970      
33       1882     534      1240     1603     687      920      2876     158      1094     1121     3252     1211     2239     1658     2393     287      2918     1905     1254     1554     1251     591      2857     2322     2356     926      749      2050     1851     2743     831      2158     2797     0        271      1822     1177     1641     2275     1204     2501     
34       2152     496      1049     1848     714      918      3123     429      1326     884      3422     1435     2447     1791     2551     49       3181     1882     1234     1814     1144     805      2954     2323     2437     659      481      2321     1819     3005     936      2401     2992     271      0        1964     1445     1659     2511     1453     2747     
35       2068     1543     1972     1027     1305     2708     1776     1764     2229     2186     1481     872      816      181      599      1932     2153     1189     1149     2176     1551     2075     1105     1216     732      2487     2210     1992     1230     2930     1034     2812     1158     1822     1964     0        1824     881      2992     2133     1485     
36       711      1531     2329     972      1507     1488     2025     1019     502      2276     2895     954      1760     1745     2200     1464     1903     2535     1990     428      2185     779      2914     2822     2543     2078     1925     911      2516     1576     1382     1103     2337     1177     1445     1824     0        2181     1262     330      1682     
37       2639     1163     1243     1697     957      2552     2649     1663     2443     1527     2204     1331     1696     752      1379     1614     2990     366      456      2597     798      2108     1414     686      880      1989     1715     2636     375      3560     864      3274     2001     1641     1659     881      2181     0        3440     2424     2339     
38       988      2727     3506     1997     2742     2105     2505     2135     1185     3393     3771     2160     2690     2946     3248     2545     2105     3797     3249     843      3418     1707     4030     4068     3725     3046     2973     1196     3778     845      2642     183      3192     2275     2511     2992     1262     3440     0        1085     2291     
39       846      1642     2423     1303     1663     1292     2311     1057     216      2325     3226     1261     2090     2044     2528     1482     2137     2768     2188     392      2336     679      3231     3083     2844     2040     1928     1095     2741     1572     1589     956      2666     1204     1453     2133     330      2424     1085     0        1981     
40       1340     2531     3207     899      2351     3118     375      2365     2180     3322     1526     1338     710      1588     1313     2740     677      2669     2484     1748     2857     2377     2109     2677     2055     3396     3160     1098     2704     1845     2066     2117     970      2501     2747     1485     1682     2339     2291     1981     0        
;



Table delta(i,j)                 Distance
         0        1        2        3        4        5        6        7        8        9        10       11       12       13       14       15       16       17       18       19       20       21       22       23       24       25       26       27       28       29       30       31       32       33       34       35       36       37       38       39       40       
0        0        2190     1290     1290     1920     3030     3840     5430     2010     2010     3780     3270     3030     3210     5310     4080     3990     4260     2340     4560     3930     1680     2400     1080     5970     5220     3210     5820     2310     5400     4470     4380     6000     3330     3120     1320     3930     3300     4200     2940     1770     
1        2190     0        59       62       49       90       112      141      72       6        69       52       66       45       105      99       90       71       65       84       99       96       41       54       160      101      92       127      65       108      77       77       127      49       118      102      86       95       67       51       18       
2        1290     59       0        72       81       58       152      194      95       53       89       75       114      103      162      149      143      129      35       121      147      96       88       9        213      155      64       186      98       165      135      136      181      78       138      87       140      67       121      60       41       
3        1290     62       72       0        25       127      84       138      24       58       129      112      61       77       153      93       93       118      101      146      88       34       45       63       155      152      132      162      34       154      126      120      178      111      66       45       91       135      121      106      59       
4        1920     49       81       25       0        130      71       117      24       48       118      101      36       52       128      71       69       94       103      129      68       55       19       72       135      128      133      136      17       129      102      95       154      98       69       71       66       136      99       99       54       
5        3030     90       58       127      130      0        200      231      148      87       69       65       156      133      167      189      181      142      26       107      189      154      130      66       250      157      7        201      148      172      145      151      180      72       193      145      176      9        128      49       77       
6        3840     112      152      84       71       200      0        65       61       114      176      161      47       85       143      36       47       119      173      175      27       87       70       142      78       149      203      129      53       141      125      113      169      156      48       113      50       206      133      164      123      
7        5430     141      194      138      117      231      65       0        117      145      189      177      80       98       119      45       50       110      207      174      50       150      106      185      19       129      232      89       104      115      113      100      140      171      113      174      54       235      128      186      157      
8        2010     72       95       24       24       148      61       117      0        71       142      124      45       72       148      74       75       115      122      153      67       36       40       85       134      149      152      151      16       149      123      114      174      122      46       58       74       155      122      122      75       
9        2010     6        53       58       48       87       114      145      71       0        71       53       68       50       111      102      94       77       62       88       102      92       43       48       164      106      89       133      65       114      83       83       133      52       117      98       90       92       73       51       12       
10       3780     69       89       129      118      69       176      189      142      71       0        17       128      93       102      154      143      84       63       38       158      163      108      92       207      91       65       140      134      108      85       94       111      20       187      165      138      66       67       29       70       
11       3270     52       75       112      101      65       161      177      124      53       17       0        113      80       102      141      130      78       53       47       143      145      91       76       196      92       63       136      117      107      80       88       115      6        170      147      125      65       62       17       53       
12       3030     66       114      61       36       156      47       80       45       68       128      113      0        38       108      35       32       77       130      128      33       82       26       105      99       111      158      106      29       107      85       74       134      108      71       103      30       161      89       117      79       
13       3210     45       103      77       52       133      85       98       72       50       93       80       38       0        76       60       49       42       110      90       64       107      32       97       117      77       134      87       57       77       50       42       102      75       108      123      45       137      51       88       62       
14       5310     105      162      153      128      167      143      119      148      111      102      102      108      76       0        108      96       35       152      71       116      183      109      158      133      12       165      40       132      5        27       33       26       95       179      198      93       167      41       118      122      
15       4080     99       149      93       71       189      36       45       74       102      154      141      35       60       108      0        13       87       164      147      9        108      61       141      63       115      191      93       59       106      92       79       133      136      80       132      17       194      103      147      113      
16       3990     90       143      93       69       181      47       50       75       94       143      130      32       49       96       13       0        74       156      134      20       111      55       135      69       102      182      83       60       93       79       66       121      124      88       133      4        185      90       137      106      
17       4260     71       129      118      94       142      119      110      115      77       84       78       77       42       35       87       74       0        123      63       93       149      75       124      127      34       140      59       100      37       7        10       60       71       149      163      70       143      18       92       88       
18       2340     65       35       101      103      26       173      207      122      62       63       53       130      110      152      164      156      123      0        100      164      129      104      42       226      144      30       183      121      157      128      132      168      59       167      122      152      33       112      36       51       
19       4560     84       121      146      129      107      175      174      153      88       38       47       128      90       71       147      134      63       100      0        152      180      114      122      191      58       103      111      141      76       61       73       75       43       195      187      130      104      45       63       93       
20       3930     99       147      88       68       189      27       50       67       102      158      143      33       64       116      9        20       93       164      152      0        101      60       138      67       123      192      102      54       114      99       87       142      138      71       125      23       195      109      149      113      
21       1680     96       96       34       55       154      87       150      36       92       163      145      82       107      183      108      111      149      129      180      101      0        74       87       165      184      159      188      53       184      157      150      209      144      51       25       110      162      154      139      92       
22       2400     41       88       45       19       130      70       106      40       43       108      91       26       32       109      61       55       75       104      114      60       74       0        79       124      109      133      117      27       110      82       75       134      88       81       90       52       136      81       93       53       
23       1080     54       9        63       72       66       142      185      85       48       92       76       105      97       158      141      135      124      42       122      138      87       79       0        204      152      72       181      89       161      130      131      178      79       129      80       131      75       118      63       36       
24       5970     160      213      155      135      250      78       19       134      164      207      196      99       117      133      63       69       127      226      191      67       165      124      204      0        144      251      100      121      128      130      117      153      190      124      189      73       254      145      205      176      
25       5220     101      155      152      128      157      149      129      149      106      91       92       111      77       12       115      102      34       144      58       123      184      109      152      144      0        155      53       134      18       26       37       26       85       182      197      99       156      34       108      117      
26       3210     92       64       132      133      7        203      232      152      89       65       63       158      134      165      191      182      140      30       103      192      159      133      72       251      155      0        199      151      170      144      150      176      70       198      151      178      3        126      48       80       
27       5820     127      186      162      136      201      129      89       151      133      140      136      106      87       40       93       83       59       183      111      102      188      117      181      100      53       199      0        135      35       55       50       53       129      172      207      82       201      73       151      145      
28       2310     65       98       34       17       148      53       104      16       65       134      117      29       57       132      59       60       100      121      141      54       53       27       89       121      134      151      135      0        133      107      99       159      114      53       74       58       154      108      116      72       
29       5400     108      165      154      129      172      141      115      149      114      108      107      107      77       5        106      93       37       157      76       114      184      110      161      128      18       170      35       133      0        30       34       27       100      178      200      91       172      45       123      125      
30       4470     77       135      126      102      145      125      113      123      83       85       80       85       50       27       92       79       7        128      61       99       157      82       130      130      26       144      55       107      30       0        13       52       74       156      171      75       146      18       95       95       
31       4380     77       136      120      95       151      113      100      114      83       94       88       74       42       33       79       66       10       132      73       87       150      75       131      117      37       150      50       99       34       13       0        60       81       145      165      63       153      28       101      95       
32       6000     127      181      178      154      180      169      140      174      133      111      115      134      102      26       133      121      60       168      75       142      209      134      178      153      26       176      53       159      27       52       60       0        109      205      223      118      178      60       132      143      
33       3330     49       78       111      98       72       156      171      122      52       20       6        108      75       95       136      124      71       59       43       138      144      88       79       190      85       70       129      114      100      74       81       109      0        167      148      120      72       56       23       53       
34       3120     118      138      66       69       193      48       113      46       117      187      170      71       108      179      80       88       149      167      195      71       51       81       129      124      182      198      172      53       178      156      145      205      167      0        75       89       201      159      168      121      
35       1320     102      87       45       71       145      113      174      58       98       165      147      103      123      198      132      133      163      122      187      125      25       90       80       189      197      151      207      74       200      171      165      223      148      75       0        132      154      166      138      94       
36       3930     86       140      91       66       176      50       54       74       90       138      125      30       45       93       17       4        70       152      130      23       110      52       131      73       99       178      82       58       91       75       63       118      120      89       132      0        181      86       133      102      
37       3300     95       67       135      136      9        206      235      155      92       66       65       161      137      167      194      185      143      33       104      195      162      136      75       254      156      3        201      154      172      146      153      178      72       201      154      181      0        128      51       83       
38       4200     67       121      121      99       128      133      128      122      73       67       62       89       51       41       103      90       18       112      45       109      154      81       118      145      34       126      73       108      45       18       28       60       56       159      166      86       128      0        78       82       
39       2940     51       60       106      99       49       164      186      122      51       29       17       117      88       118      147      137      92       36       63       149      139      93       63       205      108      48       151      116      123      95       101      132      23       168      138      133      51       78       0        47       
40       1770     18       41       59       54       77       123      157      75       12       70       53       79       62       122      113      106      88       51       93       113      92       53       36       176      117      80       145      72       125      95       95       143      53       121      94       102      83       82       47       0        
;

