

sets
i        orders          /0*40/
k        routes          /1*40/
p        positions       /0*40/
;

alias(i,j)
alias(i,h)
alias(i,hh)
alias(i,jj)
alias(k,kk)
                            Parameters

rho(i)	Processing time
/
0	0
1	5
2	19
3	13
4	29
5	93
6	19
7	75
8	17
9	95
10	99
11	86
12	2
13	68
14	24
15	29
16	99
17	57
18	28
19	7
20	90
21	9
22	98
23	29
24	22
25	18
26	19
27	96
28	14
29	27
30	88
31	84
32	15
33	3
34	33
35	61
36	22
37	92
38	56
39	33
40	77
/

gamma(i)	Duedate
/
0	0
1	17
2	74
3	55
4	41
5	24
6	24
7	5
8	97
9	25
10	34
11	70
12	91
13	91
14	16
15	88
16	82
17	33
18	91
19	83
20	97
21	88
22	79
23	11
24	63
25	41
26	44
27	89
28	32
29	45
30	21
31	75
32	95
33	86
34	40
35	71
36	90
37	76
38	79
39	1
40	75
/

sigma(i)	Size
/
0	0
1	6
2	2
3	1
4	6
5	9
6	2
7	9
8	5
9	6
10	5
11	2
12	9
13	4
14	6
15	9
16	4
17	9
18	7
19	3
20	1
21	6
22	3
23	7
24	4
25	3
26	4
27	1
28	6
29	4
30	7
31	9
32	6
33	9
34	2
35	7
36	2
37	1
38	5
39	5
40	2
/

epsilon(i)	Priority
/
0	0
1	7
2	8
3	3
4	6
5	2
6	3
7	6
8	6
9	6
10	2
11	5
12	7
13	5
14	4
15	9
16	9
17	2
18	8
19	4
20	5
21	7
22	3
23	5
24	6
25	3
26	2
27	5
28	1
29	4
30	9
31	2
32	8
33	5
34	3
35	2
36	3
37	7
38	7
39	4
40	4
/

psi	Vehicle Capacity
/ 29 /
;

Table kappa(i,j)                 Setup
         0        1        2        3        4        5        6        7        8        9        10       11       12       13       14       15       16       17       18       19       20       21       22       23       24       25       26       27       28       29       30       31       32       33       34       35       36       37       38       39       40       
0        0        1068     3278     830      982      854      3051     2002     2810     1210     808      2622     2808     3274     1379     852      2191     1900     1535     504      955      2443     2007     3765     1523     2417     1111     2749     1608     2725     1912     1499     2353     784      1482     1738     799      2268     2199     817      1310     
1        1068     0        2805     1286     1866     659      2146     1088     2998     2090     1519     2949     2103     2783     887      1917     1410     1288     1240     693      2000     1862     1149     3026     2476     1351     2033     3054     2543     2457     849      1331     2269     1851     688      2187     522      2189     1321     1885     370      
2        3278     2805     0        2586     4256     3432     1582     1934     1862     3249     4055     2199     926      60       3667     3901     1511     1516     4032     2821     4077     951      3572     1036     3618     2602     4370     2174     3596     733      2815     1788     1246     3839     2122     2378     2591     1292     1733     3771     3054     
3        830      1286     2586     0        1728     1476     2704     1775     1984     909      1629     1821     2290     2592     1971     1315     1801     1423     2220     658      1491     1866     2426     3223     1333     2430     1816     1944     1372     1966     2060     820      1550     1253     1272     963      768      1468     1903     1188     1645     
4        982      1866     4256     1728     0        1333     3975     2912     3614     1637     404      3361     3781     4254     1705     668      3145     2875     1636     1471     529      3424     2448     4738     1723     3181     178      3493     1829     3683     2624     2471     3279     674      2413     2481     1752     3196     3126     809      1966     
5        854      659      3432     1476     1333     0        2791     1742     3399     2058     944      3283     2760     3413     526      1575     2069     1922     745      829      1601     2500     1184     3685     2376     1864     1510     3400     2462     3025     1298     1823     2769     1519     1338     2439     903      2685     1977     1595     640      
6        3051     2146     1582     2704     3975     2791     0        1064     3079     3590     3655     3298     731      1525     2800     3866     902      1293     3159     2549     3997     1104     2426     1079     4013     1256     4131     3328     4034     1901     1697     1978     2206     3797     1569     3047     2252     2188     851      3783     2212     
7        2002     1088     1934     1775     2912     1742     1064     0        2757     2684     2591     2856     1091     1897     1824     2834     422      631      2193     1508     2955     1011     1638     1961     3108     828      3069     2924     3146     1831     882      1226     1877     2765     529      2353     1210     1821     238      2763     1208     
8        2810     2998     1862     1984     3614     3399     3079     2757     0        2102     3591     397      2360     1912     3839     3041     2453     2125     4139     2576     3233     1987     4102     2887     2319     3585     3657     324      2253     1215     3492     1684     896      3001     2545     1139     2528     940      2699     2886     3360     
9        1210     2090     3249     909      1637     2058     3590     2684     2102     0        1757     1791     3117     3268     2584     990      2691     2297     2741     1397     1174     2673     3167     4013     425      3323     1634     1923     465      2549     2915     1633     2052     968      2180     985      1613     1986     2807     837      2414     
10       808      1519     4055     1629     404      944      3655     2591     3591     1757     0        3376     3514     4048     1300     900      2855     2619     1245     1234     828      3184     2044     4467     1927     2805     581      3505     2031     3526     2242     2293     3161     876      2114     2485     1486     3076     2813     1001     1583     
11       2622     2949     2199     1821     3361     3283     3298     2856     397      1791     3376     0        2600     2245     3751     2760     2596     2234     4028     2453     2949     2194     4082     3205     1967     3679     3390     132      1895     1509     3524     1693     1094     2725     2575     890      2451     1110     2829     2603     3318     
12       2808     2103     926      2290     3781     2760     731      1091     2360     3117     3514     2600     0        877      2905     3555     697      908      3274     2310     3709     454      2710     956      3530     1682     3919     2620     3535     1170     1946     1487     1506     3488     1424     2447     2033     1498     863      3449     2285     
13       3274     2783     60       2592     4254     3413     1525     1897     1912     3268     4048     2245     877      0        3641     3907     1475     1494     4007     2813     4081     923      3535     981      3640     2555     4369     2222     3620     767      2777     1789     1277     3844     2098     2406     2579     1321     1693     3779     3027     
14       1379     887      3667     1971     1705     526      2800     1824     3839     2584     1300     3751     2905     3641     0        2056     2209     2156     369      1313     2056     2717     745      3781     2899     1702     1882     3864     2987     3345     1141     2202     3148     2005     1547     2929     1311     3066     2062     2092     619      
15       852      1917     3901     1315     668      1575     3866     2834     3041     990      900      2760     3555     3907     2056     0        2984     2654     2092     1327     191      3154     2759     4504     1056     3268     644      2892     1162     3267     2754     2127     2819     69       2307     1902     1624     2741     3019     156      2129     
16       2191     1410     1511     1801     3145     2069     902      422      2453     2691     2855     2596     697      1475     2209     2984     0        408      2579     1687     3123     595      2060     1619     3115     1178     3292     2651     3138     1443     1304     1100     1558     2915     743      2208     1395     1514     255      2894     1590     
17       1900     1288     1516     1423     2875     1922     1293     631      2125     2297     2619     2234     908      1494     2156     2654     408      0        2519     1403     2804     579      2147     1865     2720     1459     3011     2298     2740     1250     1437     692      1246     2586     608      1803     1132     1189     603      2553     1550     
18       1535     1240     4032     2220     1636     745      3159     2193     4139     2741     1245     4028     3274     4007     369      2092     2579     2519     0        1575     2058     3083     948      4148     3019     2027     1805     4145     3113     3695     1481     2530     3478     2050     1910     3183     1620     3396     2430     2154     989      
19       504      693      2821     658      1471     829      2549     1508     2576     1397     1234     2453     2310     2813     1313     1327     1687     1403     1575     0        1448     1957     1792     3267     1783     1989     1610     2570     1850     2315     1532     1079     1996     1258     982      1616     298      1911     1699     1263     1022     
20       955      2000     4077     1491     529      1601     3997     2955     3233     1174     828      2949     3709     4081     2056     191      3123     2804     2058     1448     0        3314     2777     4661     1205     3351     471      3081     1311     3450     2823     2297     3005     241      2431     2093     1746     2927     3147     347      2185     
21       2443     1862     951      1866     3424     2500     1104     1011     1987     2673     3184     2194     454      923      2717     3154     595      579      3083     1957     3314     0        2638     1356     3082     1761     3553     2226     3085     875      1891     1051     1104     3087     1175     1995     1699     1083     843      3041     2103     
22       2007     1149     3572     2426     2448     1184     2426     1638     4102     3167     2044     4082     2710     3535     745      2759     2060     2147     948      1792     2777     2638     0        3480     3520     1193     2626     4182     3599     3397     764      2417     3311     2704     1587     3337     1670     3237     1849     2779     782      
23       3765     3026     1036     3223     4738     3685     1079     1961     2887     4013     4467     3205     956      981      3781     4504     1619     1865     4148     3267     4661     1356     3480     0        4414     2331     4876     3191     4410     1698     2731     2406     2175     4437     2362     3252     2988     2198     1722     4395     3169     
24       1523     2476     3618     1333     1723     2376     4013     3108     2319     425      1927     1967     3530     3640     2899     1056     3115     2720     3019     1783     1205     3082     3520     4414     0        3735     1675     2094     106      2904     3312     2051     2396     1062     2601     1276     2017     2336     3232     929      2785     
25       2417     1351     2602     2430     3181     1864     1256     828      3585     3323     2805     3679     1682     2555     1702     3268     1178     1459     2027     1989     3351     1761     1193     2331     3735     0        3354     3750     3788     2622     571      2019     2703     3201     1181     3129     1724     2648     923      3230     1223     
26       1111     2033     4370     1816     178      1510     4131     3069     3657     1634     581      3390     3919     4369     1882     644      3292     3011     1805     1610     471      3553     2626     4876     1675     3354     0        3522     1781     3780     2799     2581     3362     668      2565     2519     1896     3281     3280     797      2141     
27       2749     3054     2174     1944     3493     3400     3328     2924     324      1923     3505     132      2620     2222     3864     2892     2651     2298     4145     2570     3081     2226     4182     3191     2094     3750     3522     0        2019     1504     3612     1782     1122     2857     2661     1019     2561     1148     2888     2735     3422     
28       1608     2543     3596     1372     1829     2462     4034     3146     2253     465      2031     1895     3535     3620     2987     1162     3138     2740     3113     1850     1311     3085     3599     4410     106      3788     1781     2019     0        2877     3375     2064     2366     1167     2644     1237     2075     2309     3263     1034     2858     
29       2725     2457     733      1966     3683     3025     1901     1831     1215     2549     3526     1509     1170     767      3345     3267     1443     1250     3695     2315     3450     875      3397     1698     2904     2622     3780     1504     2877     0        2683     1237     515      3209     1828     1651     2133     568      1699     3129     2764     
30       1912     849      2815     2060     2624     1298     1697     882      3492     2915     2242     3524     1946     2777     1141     2754     1304     1437     1481     1532     2823     1891     764      2731     3312     571      2799     3612     3375     2683     0        1830     2654     2689     950      2869     1304     2587     1086     2730     658      
31       1499     1331     1788     820      2471     1823     1978     1226     1684     1633     2293     1693     1487     1789     2202     2127     1100     692      2530     1079     2297     1051     2417     2406     2051     2019     2581     1782     2064     1237     1830     0        948      2063     881      1128     919      866      1271     2006     1683     
32       2353     2269     1246     1550     3279     2769     2206     1877     896      2052     3161     1094     1506     1277     3148     2819     1558     1246     3478     1996     3005     1104     3311     2175     2396     2703     3362     1122     2366     515      2654     948      0        2764     1726     1136     1866     85       1806     2675     2610     
33       784      1851     3839     1253     674      1519     3797     2765     3001     968      876      2725     3488     3844     2005     69       2915     2586     2050     1258     241      3087     2704     4437     1062     3201     668      2857     1167     3209     2689     2063     2764     0        2238     1861     1555     2685     2950     135      2067     
34       1482     688      2122     1272     2413     1338     1569     529      2545     2180     2114     2575     1424     2098     1547     2307     743      608      1910     982      2431     1175     1587     2362     2601     1181     2565     2661     2644     1828     950      881      1726     2238     0        1957     684      1654     717      2234     943      
35       1738     2187     2378     963      2481     2439     3047     2353     1139     985      2485     890      2447     2406     2929     1902     2208     1803     3183     1616     2093     1995     3337     3252     1276     3129     2519     1019     1237     1651     2869     1128     1136     1861     1957     0        1668     1086     2396     1746     2556     
36       799      522      2591     768      1752     903      2252     1210     2528     1613     1486     2451     2033     2579     1311     1624     1395     1132     1620     298      1746     1699     1670     2988     2017     1724     1896     2561     2075     2133     1304     919      1866     1555     684      1668     0        1782     1401     1556     889      
37       2268     2189     1292     1468     3196     2685     2188     1821     940      1986     3076     1110     1498     1321     3066     2741     1514     1189     3396     1911     2927     1083     3237     2198     2336     2648     3281     1148     2309     568      2587     866      85       2685     1654     1086     1782     0        1758     2598     2532     
38       2199     1321     1733     1903     3126     1977     851      238      2699     2807     2813     2829     863      1693     2062     3019     255      603      2430     1699     3147     843      1849     1722     3232     923      3280     2888     3263     1699     1086     1271     1806     2950     717      2396     1401     1758     0        2941     1447     
39       817      1885     3771     1188     809      1595     3783     2763     2886     837      1001     2603     3449     3779     2092     156      2894     2553     2154     1263     347      3041     2779     4395     929      3230     797      2735     1034     3129     2730     2006     2675     135      2234     1746     1556     2598     2941     0        2120     
40       1310     370      3054     1645     1966     640      2212     1208     3360     2414     1583     3318     2285     3027     619      2129     1590     1550     989      1022     2185     2103     782      3169     2785     1223     2141     3422     2858     2764     658      1683     2610     2067     943      2556     889      2532     1447     2120     0        
;



Table delta(i,j)                 Distance
         0        1        2        3        4        5        6        7        8        9        10       11       12       13       14       15       16       17       18       19       20       21       22       23       24       25       26       27       28       29       30       31       32       33       34       35       36       37       38       39       40       
0        0        4290     4320     2250     2820     4710     3630     690      1860     4920     2520     2040     6330     4470     1680     5460     5700     1110     5760     3000     4500     2040     5370     4260     2400     6630     5880     1770     2850     4170     4140     5010     5070     2970     2370     6660     3480     4590     4650     3600     2190     
1        4290     0        130      135      138      28       158      156      179      96       80       115      162      20       113      63       131      107      205      178      37       185      65       63       127      167      169      102      116      169      46       207      200      168      66       119      29       123      68       53       129      
2        4320     130      0        74       57       114      49       136      126      52       76       75       67       150      88       107      54       120      75       90       99       128      100      69       66       78       53       89       48       49       84       81       72       79       104      109      131      14       72       77       72       
3        2250     135      74       0        19       135      46       62       55       109      54       20       141      150      30       147      125      64       117      43       122      59       141      101      9        152      123      40       29       64       106      96       96       35       76       171      119      85       111      89       6        
4        2820     138      57       19       0        133      28       81       69       97       59       32       124      154      45       141      110      80       98       42       119      71       134      96       16       135      105      53       22       46       103      81       79       31       85       159      126      70       104      87       21       
5        4710     28       114      135      133      0        149      166      183      73       82       117      138      46       117      35       106      120      188      175      15       189      37       44       126      142      147      107      111      157      31       194      186      164      77       91       53       105      45       46       129      
6        3630     158      49       46       28       149      0        106      85       99       84       60       109      175      74       150      102      109      71       42       134      85       143      107      44       120      86       81       43       18       118      53       50       32       111      158      149      64       113      105      49       
7        690      156      136      62       81       166      106      0        39       163      87       63       204      164      53       188      185      50       176      80       157      45       184      146      70       214      186      61       88       123      144      149      152      81       90       223      131      146      158      126      63       
8        1860     179      126      55       69       183      85       39       0        164      101      67       192      190      66       200      179      80       150      49       172      6        194      154      65       203      171      77       84       100      157      119      123      54       113      226      157      139      166      139      59       
9        4920     96       52       109      97       73       99       163      164      0        81       100      66       116      109      57       35       132      120      137      59       167      49       34       99       72       74       105      79       101      50       133      123      125      99       62       108      39       27       56       105      
10       2520     80       76       54       59       82       84       87       101      81       0        35       136      95       35       101      111      50       145      98       71       106      96       59       47       145      129      26       41       99       57       136      132      88       28       138      66       80       71       39       48       
11       2040     115      75       20       32       117      60       63       67       100      35       0        142      129      14       132      122      49       130      64       105      72       126      87       16       153      128      20       26       78       89       113      111      56       56       162      99       84       98       71       14       
12       6330     162      67       141      124      138      109      204      192      66       136      142      0        183      155      114      31       184      85       151      125      194      107      101      133      11       28       154      115      99       117      114      102      142      160      80       174      58       93       120      140      
13       4470     20       150      150      154      46       175      164      190      116      95       129      183      0        125      80       151      114      225      193      57       196      83       83       143      187      190      114      133      187      67       225      219      184      76       137      33       144      89       72       143      
14       1680     113      88       30       45       117      74       53       66       109      35       14       155      125      0        136      133      35       144      72       107      72       131      92       29       165      141      11       40       92       92       126      125      65       49       170      93       96       104      74       25       
15       5460     63       107      147      141      35       150      188      200      57       101      132      114      80       136      0        84       146      177      183      34       205      7        45       137      115      129      127      119      155      44       189      180      172      104      57       88       95       37       62       141      
16       5700     131      54       125      110      106      102      185      179      35       111      122      31       151      133      84       0        160      100      144      94       182      77       70       116      37       46       131      97       98       86       122      111      133      132      61       143      40       62       91       123      
17       1110     107      120      64       80       120      109      50       80       132      50       49       184      114      35       146      160      0        179      102      113      87       142      107      64       194      173      31       74       127      102      161      160      97       42       188      81       126      120      84       60       
18       5760     205      75       117      98       188      71       176      150      120      145      130      85       225      144      177      100      179      0        100      173      149      169      144      114      93       57       149      107      53       159      36       27       96       173      160      205      83       144      153      120      
19       3000     178      90       43       42       175      42       80       49       137      98       64       151      193      72       183      144      102      100      0        161      48       176      138      50       162      127      83       64       53       145      70       74       11       120      198      163      104      146      129      50       
20       4500     37       99       122      119      15       134      157      172      59       71       105      125      57       107      34       94       113      173      161      0        177      32       29       113      130      133      97       97       142      16       179      171      150      71       86       56       90       31       33       116      
21       2040     185      128      59       71       189      85       45       6        167      106      72       194      196      72       205      182      87       149      48       177      0        199      159      68       205      172      83       88       100      162      117      122      54       119      230      163      141      170      144      63       
22       5370     65       100      141      134      37       143      184      194      49       96       126      107      83       131      7        77       142      169      176      32       199      0        39       131      109      121      123      113      148      40       181      172      165      101      54       88       88       30       58       135      
23       4260     63       69       101      96       44       107      146      154      34       59       87       101      83       92       45       70       107      144      138      29       159      39       0        91       107      106      85       74       114      16       150      142      127      70       80       73       61       12       24       96       
24       2400     127      66       9        16       126      44       70       65       99       47       16       133      143      29       137      116      64       114      50       113      68       131      91       0        144      117      37       20       62       97       97       95       41       71       161      113      77       102      80       6        
25       6630     167      78       152      135      142      120      214      203      72       145      153      11       187      165      115      37       194      93       162      130      205      109      107      144      0        38       164      126      111      123      124      112      153      168      76       181      68       99       128      151      
26       5880     169      53       123      105      147      86       186      171      74       129      128      28       190      141      129      46       173      57       127      133      172      121      106      117      38       0        142      101      74       122      85       74       118      155      104      176      49       102      121      123      
27       1770     102      89       40       53       107      81       61       77       105      26       20       154      114      11       127      131      31       149      83       97       83       123      85       37       164      142      0        43       98       83       134      132      75       37       164      82       96       97       65       34       
28       2850     116      48       29       22       111      43       88       84       79       41       26       115      133      40       119      97       74       107      64       97       88       113      74       20       126      101      43       0        58       81       95       91       53       68       141      106      58       83       65       26       
29       4170     169      49       64       46       157      18       123      100      101      99       78       99       187      92       155      98       127      53       53       142      100      148      114      62       111      74       98       58       0        127      38       33       46       126      156      163      63       119      115      67       
30       4140     46       84       106      103      31       118      144      157      50       57       89       117      67       92       44       86       102      159      145      16       162      40       16       97       123      122      83       81       127      0        163      156      134      61       89       58       77       25       18       100      
31       5010     207      81       96       81       194      53       149      119      133      136      113      114      225      126      189      122      161      36       70       179      117      181      150      97       124      85       134      95       38       163      0        11       68       164      183      201      94       153      153      101      
32       5070     200      72       96       79       186      50       152      123      123      132      111      102      219      125      180      111      160      27       74       171      122      172      142      95       112      74       132      91       33       156      11       0        71       160      172      195      84       144      146      99       
33       2970     168      79       35       31       164      32       81       54       125      88       56       142      184      65       172      133      97       96       11       150      54       165      127      41       153      118      75       53       46       134      68       71       0        112      187      154      93       135      118      41       
34       2370     66       104      76       85       77       111      90       113      99       28       56       160      76       49       104      132      42       173      120      71       119      101      70       71       168      155      37       68       126      61       164      160      112      0        150      44       105      82       46       70       
35       6660     119      109      171      159      91       158      223      226      62       138      162      80       137      170      57       61       188      160      198      86       230      54       80       161      76       104      164      141      156      89       183      172      187      150      0        143      94       68       104      167      
36       3480     29       131      119      126      53       149      131      157      108      66       99       174      33       93       88       143      81       205      163      56       163      88       73       113      181      176      82       106      163      58       201      195      154      44       143      0        127      83       54       113      
37       4590     123      14       85       70       105      64       146      139      39       80       84       58       144      96       95       40       126      83       104      90       141      88       61       77       68       49       96       58       63       77       94       84       93       105      94       127      0        61       73       83       
38       4650     68       72       111      104      45       113      158      166      27       71       98       93       89       104      37       62       120      144      146      31       170      30       12       102      99       102      97       83       119      25       153      144      135      82       68       83       61       0        36       106      
39       3600     53       77       89       87       46       105      126      139      56       39       71       120      72       74       62       91       84       153      129      33       144      58       24       80       128      121      65       65       115      18       153      146      118      46       104      54       73       36       0        83       
40       2190     129      72       6        21       129      49       63       59       105      48       14       140      143      25       141      123      60       120      50       116      63       135      96       6        151      123      34       26       67       100      101      99       41       70       167      113      83       106      83       0        
;

