

sets
i        orders          /0*20/
k        routes          /1*20/
p        positions       /0*20/
;

alias(i,j)
alias(i,h)
alias(i,hh)
alias(i,jj)
alias(k,kk)
                            Parameters

rho(i)	Processing time
/
0	0
1	65
2	43
3	36
4	28
5	54
6	63
7	40
8	53
9	72
10	77
11	30
12	5
13	59
14	8
15	59
16	4
17	7
18	35
19	88
20	13
/

gamma(i)	Duedate
/
0	0
1	25
2	53
3	42
4	27
5	79
6	63
7	69
8	14
9	96
10	44
11	41
12	56
13	70
14	58
15	71
16	39
17	44
18	93
19	46
20	30
/

sigma(i)	Size
/
0	0
1	4
2	1
3	2
4	7
5	8
6	6
7	6
8	4
9	6
10	2
11	8
12	7
13	9
14	6
15	2
16	5
17	5
18	1
19	7
20	3
/

epsilon(i)	Priority
/
0	0
1	4
2	3
3	9
4	3
5	5
6	5
7	8
8	5
9	1
10	8
11	9
12	8
13	7
14	1
15	2
16	2
17	8
18	1
19	6
20	7
/

psi	Vehicle Capacity
/ 153 /
;

Table kappa(i,j)                 Setup
         0        1        2        3        4        5        6        7        8        9        10       11       12       13       14       15       16       17       18       19       20       
0        0        51       144      76       159      128      135      87       37       138      125      84       23       46       75       60       73       145      81       99       140      
1        51       0        123      127      170      117      127      98       85       86       80       132      50       47       126      10       31       136      118      85       170      
2        144      123      0        202      97       26       32       81       178      135      78       176      122      97       193      127      93       33       226      45       144      
3        76       127      202      0        180      180      184      125      45       214      200      45       88       112      13       136      148      192      66       157      134      
4        159      170      97       180      0        75       65       73       179      217      165      139      137      124      167      178      152      64       229      94       64       
5        128      117      26       180      75       0        11       56       161      145      91       152      106      82       170      122      91       19       210      31       118      
6        135      127      32       184      65       11       0        58       166      156      102      153      112      90       173      133      101      9        216      41       112      
7        87       98       81       125      73       56       58       0        112      159      115      95       64       51       114      107      86       66       163      44       79       
8        37       85       178      45       179      161      166      112      0        170      162      71       56       81       50       93       109      176      50       133      148      
9        138      86       135      214      217      145      156      159      170      0        56       217      133      120      213      77       75       163      195      123      239      
10       125      80       78       200      165      91       102      115      162      56       0        191      112      90       195      77       52       107      199      74       195      
11       84       132      176      45       139      152      153      95       71       217      191      0        83       100      31       142      144      161      109      135      89       
12       23       50       122      88       137      106      112      64       56       133      112      83       0        25       83       60       61       122      104      77       125      
13       46       47       97       112      124      82       90       51       81       120      90       100      25       0        106      57       44       99       128      52       123      
14       75       126      193      13       167      170      173      114      50       213      195      31       83       106      0        136      144      181      79       148      120      
15       60       10       127      136      178      122      133      107      93       77       77       142      60       57       136      0        33       142      123      91       181      
16       73       31       93       148      152      91       101      86       109      75       52       144      61       44       144      33       0        110      148      61       164      
17       145      136      33       192      64       19       9        66       176      163      107      161      122      99       181      142      110      0        225      50       115      
18       81       118      226      66       229      210      216      163      50       195      199      109      104      128      79       123      148      225      0        180      194      
19       99       85       45       157      94       31       41       44       133      123      74       135      77       52       148      91       61       50       180      0        121      
20       140      170      144      134      64       118      112      79       148      239      195      89       125      123      120      181      164      115      194      121      0        
;



Table delta(i,j)                 Distance
         0        1        2        3        4        5        6        7        8        9        10       11       12       13       14       15       16       17       18       19       20       
0        0        390      1350     1350     1590     930      1680     810      960      1530     570      1470     600      1470     1080     600      780      1620     1260     1470     1830     
1        390      0        43       32       41       41       68       23       35       38       7        62       30       48       27       28       36       65       52       53       70       
2        1350     43       0        51       76       74       62       67       77       63       39       70       64       92       26       32       35       57       83       94       104      
3        1350     32       51       0        29       72       96       42       58       12       26       94       60       65       24       55       63       93       83       77       98       
4        1590     41       76       29       0        68       109      33       48       18       41       101      59       46       50       70       77       107      79       63       88       
5        930      41       74       72       68       0        58       34       23       75       48       42       11       38       68       43       44       59       11       26       30       
6        1680     68       62       96       109      58       0        81       78       106      71       20       59       95       77       41       33       5        59       85       79       
7        810      23       67       42       33       34       81       0        16       41       29       70       25       25       48       47       53       80       45       34       56       
8        960      35       77       58       48       23       78       16       0        57       42       64       19       17       62       52       56       78       32       19       40       
9        1530     38       63       12       18       75       106      41       57       0        34       101      64       61       36       64       72       102      86       75       98       
10       570      7        39       26       41       48       71       29       42       34       0        67       37       54       20       29       37       68       59       60       77       
11       1470     62       70       94       101      42       20       70       64       101      67       0        45       80       79       42       35       24       40       67       59       
12       600      30       64       60       59       11       59       25       19       64       37       45       0        37       56       35       38       58       22       30       41       
13       1470     48       92       65       46       38       95       25       17       61       54       80       37       0        74       69       73       95       44       19       44       
14       1080     27       26       24       50       68       77       48       62       36       20       79       56       74       0        37       44       73       78       81       97       
15       600      28       32       55       70       43       41       47       52       64       29       42       35       69       37       0        8        38       51       66       73       
16       780      36       35       63       77       44       33       53       56       72       37       35       38       73       44       8        0        30       51       68       73       
17       1620     65       57       93       107      59       5        80       78       102      68       24       58       95       73       38       30       0        61       86       81       
18       1260     52       83       83       79       11       59       45       32       86       59       40       22       44       78       51       51       61       0        28       22       
19       1470     53       94       77       63       26       85       34       19       75       60       67       30       19       81       66       68       86       28       0        25       
20       1830     70       104      98       88       30       79       56       40       98       77       59       41       44       97       73       73       81       22       25       0        
;

