

sets
i        orders          /0*20/
k        routes          /1*20/
p        positions       /0*20/
;

alias(i,j)
alias(i,h)
alias(i,hh)
alias(i,jj)
alias(k,kk)
                            Parameters

rho(i)	Processing time
/
0	0
1	93
2	80
3	82
4	39
5	84
6	93
7	75
8	43
9	56
10	22
11	29
12	86
13	23
14	97
15	29
16	23
17	81
18	86
19	36
20	56
/

gamma(i)	Duedate
/
0	0
1	4
2	62
3	37
4	34
5	77
6	74
7	87
8	13
9	24
10	59
11	19
12	5
13	52
14	16
15	86
16	49
17	23
18	82
19	40
20	59
/

sigma(i)	Size
/
0	0
1	5
2	2
3	7
4	2
5	5
6	5
7	4
8	6
9	8
10	9
11	9
12	2
13	3
14	3
15	1
16	4
17	8
18	8
19	6
20	9
/

epsilon(i)	Priority
/
0	0
1	4
2	9
3	6
4	7
5	6
6	5
7	8
8	6
9	6
10	8
11	9
12	9
13	6
14	9
15	4
16	2
17	7
18	3
19	3
20	6
/

psi	Vehicle Capacity
/ 24 /
;

Table kappa(i,j)                 Setup
         0        1        2        3        4        5        6        7        8        9        10       11       12       13       14       15       16       17       18       19       20       
0        0        19       161      130      86       76       23       202      149      22       68       72       80       38       67       93       125      20       126      161      49       
1        19       0        170      136      101      67       36       207      137      39       49       82       87       40       53       76       140      39       143      164      67       
2        161      170      0        42       87       139      176      54       170      142      203      89       82       131      223      190      70       156      103      55       172      
3        130      136      42       0        75       97       148      71       130      114      164      62       50       95       188      148      78       130      109      38       151      
4        86       101      87       75       0        106      94       138      170      64       146      30       44       72       153      151      39       75       50       113      85       
5        76       67       139      97       106      0        99       161      74       79       72       76       67       44       105      51       139      92       157      113      123      
6        23       36       176      148      94       99       0        219      172      33       81       87       98       61       67       112      132      19       126      181      32       
7        202      207      54       71       138      161      219      0        168      186      231      133      121      166      258      209      124      201      157      48       220      
8        149      137      170      130      170      74       172      168      0        153      120      140      125      118      160      77       196      166      220      123      197      
9        22       39       142      114      64       79       33       186      153      0        88       53       65       35       89       107      103      15       104      148      44       
10       68       49       203      164      146      72       81       231      120      88       0        122      122      75       40       44       185      89       191      185      113      
11       72       82       89       62       30       76       87       133      140      53       122      0        17       47       136      123      64       68       80       98       88       
12       80       87       82       50       44       67       98       121      125      65       122      17       0        48       140      116      73       80       94       83       103      
13       38       40       131      95       72       44       61       166      118      35       75       47       48       0        92       80       110      49       120      124      79       
14       67       53       223      188      153      105      67       258      160      89       40       136      140      92       0        84       192      83       192      213      98       
15       93       76       190      148      151      51       112      209      77       107      44       123      116      80       84       0        187      113      201      161      143      
16       125      140      70       78       39       139      132      124      196      103      185      64       73       110      192      187      0        113      33       112      117      
17       20       39       156      130      75       92       19       201      166      15       89       68       80       49       83       113      113      0        109      164      31       
18       126      143      103      109      50       157      126      157      220      104      191      80       94       120      192      201      33       109      0        145      105      
19       161      164      55       38       113      113      181      48       123      148      185      98       83       124      213      161      112      164      145      0        187      
20       49       67       172      151      85       123      32       220      197      44       113      88       103      79       98       143      117      31       105      187      0        
;



Table delta(i,j)                 Distance
         0        1        2        3        4        5        6        7        8        9        10       11       12       13       14       15       16       17       18       19       20       
0        0        990      2250     1710     120      2490     1620     2160     2010     2730     1830     1890     2430     120      2280     2220     1710     1290     1050     2250     2550     
1        990      0        45       26       35       51       23       47       51       66       34       49       58       31       58       52       29       30       25       51       52       
2        2250     45       0        19       78       10       21       16       35       74       54       79       75       74       82       73       50       41       45       69       20       
3        1710     26       19       0        59       26       2        25       36       67       41       65       65       55       69       61       37       29       31       58       30       
4        120      35       78       59       0        85       57       76       71       91       61       62       80       4        75       73       57       46       38       74       87       
5        2490     51       10       26       85       0        28       26       45       69       53       79       72       81       80       70       51       51       55       66       10       
6        1620     23       21       2        57       28       0        27       37       66       40       63       63       53       68       59       35       28       29       56       32       
7        2160     47       16       25       76       26       27       0        18       89       66       90       88       72       94       85       62       32       39       82       36       
8        2010     51       35       36       71       45       37       18       0        103      77       98       101      68       105      97       72       25       33       94       55       
9        2730     66       74       67       91       69       66       89       103      0        31       36       13       88       25       20       36       92       89       17       60       
10       1830     34       54       41       61       53       40       66       77       31       0        26       24       57       28       19       5        62       58       17       47       
11       1890     49       79       65       62       79       63       90       98       36       26       0        23       59       13       16       28       79       74       21       73       
12       2430     58       75       65       80       72       63       88       101      13       24       23       0        77       12       7        29       86       83       7        63       
13       120      31       74       55       4        81       53       72       68       88       57       59       77       0        72       70       53       43       35       71       83       
14       2280     58       82       69       75       80       68       94       105      25       28       13       12       72       0        9        32       88       83       14       72       
15       2220     52       73       61       73       70       59       85       97       20       19       16       7        70       9        0        24       81       77       5        63       
16       1710     29       50       37       57       51       35       62       72       36       5        28       29       53       32       24       0        57       53       22       46       
17       1290     30       41       29       46       51       28       32       25       92       62       79       86       43       88       81       57       0        8        79       57       
18       1050     25       45       31       38       55       29       39       33       89       58       74       83       35       83       77       53       8        0        76       61       
19       2250     51       69       58       74       66       56       82       94       17       17       21       7        71       14       5        22       79       76       0        58       
20       2550     52       20       30       87       10       32       36       55       60       47       73       63       83       72       63       46       57       61       58       0        
;

