

sets
i        orders          /0*20/
k        routes          /1*20/
p        positions       /0*20/
;

alias(i,j)
alias(i,h)
alias(i,hh)
alias(i,jj)
alias(k,kk)
                            Parameters

rho(i)	Processing time
/
0	0
1	51
2	41
3	47
4	72
5	8
6	71
7	55
8	29
9	85
10	7
11	70
12	37
13	60
14	3
15	14
16	31
17	32
18	16
19	69
20	63
/

gamma(i)	Duedate
/
0	0
1	72
2	15
3	93
4	87
5	4
6	20
7	26
8	97
9	41
10	32
11	39
12	37
13	27
14	48
15	87
16	33
17	57
18	25
19	37
20	52
/

sigma(i)	Size
/
0	0
1	6
2	3
3	4
4	5
5	7
6	9
7	8
8	3
9	9
10	5
11	3
12	7
13	3
14	3
15	9
16	4
17	8
18	9
19	9
20	8
/

epsilon(i)	Priority
/
0	0
1	8
2	6
3	2
4	3
5	1
6	1
7	4
8	6
9	5
10	1
11	2
12	8
13	6
14	3
15	7
16	6
17	4
18	6
19	4
20	7
/

psi	Vehicle Capacity
/ 144 /
;

Table kappa(i,j)                 Setup
         0        1        2        3        4        5        6        7        8        9        10       11       12       13       14       15       16       17       18       19       20       
0        0        128      163      82       83       116      53       126      66       208      240      200      128      174      111      160      105      124      99       195      135      
1        128      0        84       101      49       110      106      42       73       85       115      94       7        132      78       112      32       62       64       67       20       
2        163      84       0        173      89       71       167      47       136      138      106      165      91       55       54       197      109      146      64       92       103      
3        82       101      173      0        86       158      28       126      39       156      213      134      96       206      137      80       69       59       118      162      94       
4        83       49       89       86       0        77       78       45       48       135      157      138      51       119      51       132      41       80       32       113      63       
5        116      110      71       158      77       0        141      71       119      188      175      204      115      58       32       209      117      157      47       150      129      
6        53       106      167      28       78       141      0        122      33       173      221      156      102      193      124      108      75       79       106      171      104      
7        126      42       47       126      45       71       122      0        90       117      117      134      49       90       40       153      63       101      33       82       62       
8        66       73       136      39       48       119      33       90       0        145      188      133      70       167      97       101      43       59       79       139      73       
9        208      85       138      156      135      188      173      117      145      0        85       41       83       193      157      115      103      97       147      49       73       
10       240      115      106      213      157      175      221      117      188      85       0        126      119      154      150      195      146      161      150      51       119      
11       200      94       165      134      138      204      156      134      133      41       126      0        88       219      172      78       99       76       158      85       75       
12       128      7        91       96       51       115      102      49       70       83       119      88       0        140      84       105      27       55       69       69       13       
13       174      132      55       206      119      58       193      90       167      193      154      219      140      0        69       243      151      191      87       147      152      
14       111      78       54       137      51       32       124      40       97       157      150      172      84       69       0        181      87       128      18       120      97       
15       160      112      197      80       132      209      108      153      101      115      195      78       105      243      181      0        93       53       162      145      94       
16       105      32       109      69       41       117      75       63       43       103      146      99       27       151      87       93       0        40       69       96       30       
17       124      62       146      59       80       157      79       101      59       97       161      76       55       191      128      53       40       0        110      109      46       
18       99       64       64       118      32       47       106      33       79       147      150      158      69       87       18       162      69       110      0        115      82       
19       195      67       92       162      113      150      171      82       139      49       51       85       69       147      120      145      96       109      115      0        67       
20       135      20       103      94       63       129      104      62       73       73       119      75       13       152      97       94       30       46       82       67       0        
;



Table delta(i,j)                 Distance
         0        1        2        3        4        5        6        7        8        9        10       11       12       13       14       15       16       17       18       19       20       
0        0        450      2640     2010     2970     690      2250     2370     2130     1620     1230     2010     2250     510      810      1020     990      1290     2160     2700     2280     
1        450      0        80       52       84       14       73       75       58       40       26       67       72       31       24       22       20       34       57       78       64       
2        2640     80       0        80       73       66       39       24       40       55       75       46       30       92       61       60       64       104      60       33       28       
3        2010     52       80       0        39       53       97       90       39       28       26       96       91       83       62       42       38       42       21       56       52       
4        2970     84       73       39       0        80       103      92       39       47       60       106      95       113      86       67       66       81       28       40       47       
5        690      14       66       53       80       0        59       60       48       33       29       53       58       33       11       13       15       46       52       67       53       
6        2250     73       39       97       103      59       0        14       64       69       81       10       8        71       49       60       66       105      82       67       56       
7        2370     75       24       90       92       60       14       0        55       63       78       23       6        78       52       59       64       104      74       55       44       
8        2130     58       40       39       39       48       64       55       0        19       41       66       57       81       51       36       38       70       19       20       12       
9        1620     40       55       28       47       33       69       63       19       0        21       68       63       67       39       20       20       50       19       40       30       
10       1230     26       75       26       60       29       81       78       41       21       0        78       78       57       39       21       16       28       34       62       51       
11       2010     67       46       96       106      53       10       23       66       68       78       0        16       62       42       57       62       100      83       72       59       
12       2250     72       30       91       95       58       8        6        57       63       78       16       0        73       48       57       63       103      76       59       48       
13       510      31       92       83       113      33       71       78       81       67       57       62       73       0        32       46       47       60       85       99       84       
14       810      24       61       62       86       11       49       52       51       39       39       42       48       32       0        20       24       57       58       67       52       
15       1020     22       60       42       67       13       60       59       36       20       21       57       57       46       20       0        5        45       39       56       42       
16       990      20       64       38       66       15       66       64       38       20       16       62       63       47       24       5        0        40       38       58       45       
17       1290     34       104      42       81       46       105      104      70       50       28       100      103      60       57       45       40       0        59       90       80       
18       2160     57       60       21       28       52       82       74       19       19       34       83       76       85       58       39       38       59       0        34       31       
19       2700     78       33       56       40       67       67       55       20       40       62       72       59       99       67       56       58       90       34       0        15       
20       2280     64       28       52       47       53       56       44       12       30       51       59       48       84       52       42       45       80       31       15       0        
;

