

sets
i        orders          /0*10/
k        routes          /1*10/
p        positions       /0*10/
;

alias(i,j)
alias(i,h)
alias(i,hh)
alias(i,jj)
alias(k,kk)
                            Parameters

rho(i)	Processing time
/
0	0
1	47
2	56
3	62
4	86
5	87
6	53
7	3
8	41
9	82
10	6
/

gamma(i)	Duedate
/
0	0
1	81
2	95
3	67
4	23
5	35
6	42
7	83
8	2
9	59
10	27
/

sigma(i)	Size
/
0	0
1	6
2	8
3	1
4	9
5	4
6	7
7	4
8	1
9	2
10	3
/

epsilon(i)	Priority
/
0	0
1	1
2	3
3	9
4	3
5	2
6	5
7	1
8	8
9	3
10	1
/

psi	Vehicle Capacity
/ 11 /
;

Table kappa(i,j)                 Setup
         0        1        2        3        4        5        6        7        8        9        10       
0        0        73       80       68       108      22       103      89       55       72       71       
1        73       0        16       25       57       51       88       61       18       70       16       
2        80       16       0        41       69       58       104      77       30       86       32       
3        68       25       41       0        41       50       63       37       23       45       9        
4        108      57       69       41       0        92       50       30       64       55       44       
5        22       51       58       50       92       0        96       77       33       67       51       
6        103      88       104      63       50       96       0        27       84       30       72       
7        89       61       77       37       30       77       27       0        59       26       45       
8        55       18       30       23       64       33       84       59       0        60       19       
9        72       70       86       45       55       67       30       26       60       0        54       
10       71       16       32       9        44       51       72       45       19       54       0        
;



Table delta(i,j)                 Distance
         0        1        2        3        4        5        6        7        8        9        10       
0        0        3250     490      1120     250      2800     2150     2050     2520     1630     2840     
1        3250     0        276      236      307      89       114      184      164      168      107      
2        490      276      0        80       38       235      168      161      215      117      235      
3        1120     236      80       0        88       175      121      183      140      68       228      
4        250      307      38       88       0        258      195      199      228      142      273      
5        2800     89       235      175      258      0        71       202      74       117      163      
6        2150     114      168      121      195      71       0        140      97       54       132      
7        2050     184      161      183      199      202      140      0        236      140      94       
8        2520     164      215      140      228      74       97       236      0        110      222      
9        1630     168      117      68       142      117      54       140      110      0        164      
10       2840     107      235      228      273      163      132      94       222      164      0        
;

