

sets
i        orders          /0*10/
k        routes          /1*10/
p        positions       /0*10/
;

alias(i,j)
alias(i,h)
alias(i,hh)
alias(i,jj)
alias(k,kk)
                            Parameters

rho(i)	Processing time
/
0	0
1	79
2	61
3	95
4	93
5	65
6	47
7	28
8	55
9	40
10	89
/

gamma(i)	Duedate
/
0	0
1	85
2	74
3	92
4	90
5	13
6	80
7	51
8	7
9	21
10	82
/

sigma(i)	Size
/
0	0
1	4
2	7
3	5
4	7
5	7
6	8
7	7
8	4
9	8
10	8
/

epsilon(i)	Priority
/
0	0
1	4
2	7
3	9
4	7
5	7
6	6
7	1
8	9
9	2
10	1
/

psi	Vehicle Capacity
/ 8 /
;

Table kappa(i,j)                 Setup
         0        1        2        3        4        5        6        7        8        9        10       
0        0        92       66       79       89       48       88       110      71       86       73       
1        92       0        76       14       124      79       69       93       73       74       99       
2        66       76       0        62       48       19       25       44       6        20       23       
3        79       14       62       0        111      64       58       84       60       63       86       
4        89       124      48       111      0        51       62       60       51       56       24       
5        48       79       19       64       51       0        43       63       24       39       29       
6        88       69       25       58       62       43       0        27       18       6        41       
7        110      93       44       84       60       63       27       0        39       25       47       
8        71       73       6        60       51       24       18       39       0        14       27       
9        86       74       20       63       56       39       6        25       14       0        35       
10       73       99       23       86       24       29       41       47       27       35       0        
;



Table delta(i,j)                 Distance
         0        1        2        3        4        5        6        7        8        9        10       
0        0        1410     420      1250     1660     2190     1740     480      820      2270     1380     
1        1410     0        176      35       265      115      274      160      59       261      279      
2        420      176      0        164      128      239      135      29       117      205      112      
3        1250     35       164      0        267      150      276      153      52       278      259      
4        1660     265      128      267      0        277      9        120      214      124      169      
5        2190     115      239      150      277      0        285      213      147      219      351      
6        1740     274      135      276      9        285      0        128      224      126      172      
7        480      160      29       153      120      213      128      0        103      182      139      
8        820      59       117      52       214      147      224      103      0        232      221      
9        2270     261      205      278      124      219      126      182      232      0        284      
10       1380     279      112      259      169      351      172      139      221      284      0        
;

