

sets
i        orders          /0*40/
k        routes          /1*40/
p        positions       /0*40/
;

alias(i,j)
alias(i,h)
alias(i,hh)
alias(i,jj)
alias(k,kk)
                            Parameters

rho(i)	Processing time
/
0	0
1	50
2	24
3	32
4	89
5	36
6	59
7	22
8	34
9	8
10	25
11	27
12	46
13	43
14	37
15	79
16	7
17	15
18	71
19	35
20	35
21	20
22	66
23	29
24	55
25	68
26	35
27	68
28	48
29	78
30	63
31	6
32	30
33	88
34	78
35	36
36	63
37	1
38	97
39	84
40	98
/

gamma(i)	Duedate
/
0	0
1	52
2	28
3	63
4	28
5	58
6	50
7	86
8	79
9	96
10	80
11	75
12	93
13	70
14	67
15	73
16	75
17	65
18	51
19	74
20	49
21	70
22	6
23	54
24	50
25	31
26	92
27	62
28	11
29	88
30	57
31	15
32	37
33	42
34	91
35	11
36	63
37	41
38	55
39	54
40	67
/

sigma(i)	Size
/
0	0
1	8
2	4
3	8
4	5
5	8
6	7
7	1
8	2
9	7
10	3
11	4
12	2
13	3
14	7
15	5
16	8
17	2
18	2
19	7
20	3
21	6
22	9
23	1
24	7
25	7
26	6
27	2
28	2
29	8
30	5
31	8
32	9
33	7
34	3
35	9
36	7
37	8
38	6
39	6
40	9
/

epsilon(i)	Priority
/
0	0
1	9
2	2
3	6
4	3
5	1
6	8
7	2
8	6
9	7
10	7
11	4
12	7
13	4
14	8
15	6
16	6
17	9
18	9
19	4
20	7
21	1
22	7
23	2
24	2
25	1
26	7
27	4
28	3
29	1
30	7
31	2
32	4
33	4
34	9
35	2
36	4
37	8
38	4
39	1
40	5
/

psi	Vehicle Capacity
/ 37 /
;

Table kappa(i,j)                 Setup
         0        1        2        3        4        5        6        7        8        9        10       11       12       13       14       15       16       17       18       19       20       21       22       23       24       25       26       27       28       29       30       31       32       33       34       35       36       37       38       39       40       
0        0        59       260      185      175      141      335      149      135      160      229      18       263      70       222      87       118      187      192      134      353      163      79       97       358      228      15       193      167      248      192      188      130      120      133      377      215      45       258      218      220      
1        59       0        242      240      131      92       359      208      79       139      193      76       303      129      222      131      177      216      172      75       369      222      84       73       386      255      68       221      140      245      149      139      180      152      154      400      173      19       273      167      185      
2        260      242      0        314      146      302      227      336      274      103      95       263      266      302      73       346      337      181      70       254      200      346      181      170      264      184      275      180      104      57       133      161      259      194      161      250      125      257      139      168      90       
3        185      240      314      0        313      326      245      66       319      257      340      167      129      131      244      188      108      139      273      315      288      62       189      232      249      161      183      143      274      270      324      333      65       127      158      284      342      230      221      363      328      
4        175      131      146      313      0        162      336      305      133      72       66       188      326      240      166      260      287      226      90       113      326      319      125      84       370      253      190      229      57       176      19       22       248      190      167      369      42       150      240      49       63       
5        141      92       302      326      162      0        448      285      28       204      228      159      395      203      298      179      247      307      235      49       453      300      174      149      476      345      144      312      198      318      180      157      270      244      243      487      200      97       357      175      225      
6        335      359      227      245      336      448      0        305      426      264      312      325      121      329      172      392      334      148      248      411      54       305      275      300      37       107      345      142      279      172      332      357      237      215      206      42       335      363      96       375      302      
7        149      208      336      66       305      285      305      0        283      261      344      131      193      82       273      128      44       179      284      283      343      14       181      221      312      211      142      185      276      301      319      322      80       142      175      345      339      193      266      353      332      
8        135      79       274      319      133      28       426      283      0        177      200      153      379      201      273      186      248      288      208      20       429      297      154      125      455      325      140      293      171      291      151      128      259      228      224      464      171      89       334      147      197      
9        160      139      103      257      72       204      264      261      177      0        82       165      255      211      98       247      252      155      33       158      258      274      86       66       298      180      175      157      17       114      74       94       194      130      102      299      86       154      168      118      70       
10       229      193      95       340      66       228      312      344      200      82       0        239      326      288      142      317      332      229      72       179      292      356      164      132      348      246      244      230      67       141      48       73       277      212      183      340      31       211      218      73       12       
11       18       76       263      167      188      159      325      131      153      165      239      0        249      54       220      83       102      177      196      152      346      145      81       106      347      218      19       183      174      247      204      201      113      110      127      367      227      63       251      231      229      
12       263      303      266      129      326      395      121      193      379      255      326      249      0        236      194      299      229      100      254      369      170      191      226      264      120      82       268      97       272      211      329      348      140      151      161      157      340      301      135      373      314      
13       70       129      302      131      240      203      329      82       201      211      288      54       236      0        251      63       48       184      240      203      357      96       125      158      345      224      61       191      222      279      256      255      95       123      151      371      279      113      267      285      278      
14       222      222      73       244      166      298      172      273      273      98       142      220      194      251      0        302      280      108      77       255      160      281      144      150      207      111      236      106      110      28       161      187      193      132      100      203      163      232      76       203      131      
15       87       131      346      188      260      179      392      128      186      247      317      83       299      63       302      0        83       246      279      194      418      140      164      185      408      286      72       252      255      330      278      270      158      182      205      434      301      112      327      299      307      
16       118      177      337      108      287      247      334      44       248      252      332      102      229      48       280      83       0        198      279      250      368      56       167      203      346      234      108      205      265      308      302      302      98       148      179      376      324      160      285      332      321      
17       187      216      181      139      226      307      148      179      288      155      229      177      100      184      108      246      198      0        157      275      172      185      133      167      171      41       196      6        172      133      229      248      101      67       64       190      241      217      87       273      217      
18       192      172      70       273      90       235      248      284      208      33       72       196      254      240      77       279      279      157      0        188      236      295      115      99       283      175      207      158      37       87       84       110      212      146      114      280      88       187      152      126      59       
19       134      75       254      315      113      49       411      283      20       158      179      152      369      203      255      194      250      275      188      0        412      297      143      110      441      312      141      280      151      273      131      108      254      217      211      449      151      89       318      127      176      
20       353      369      200      288      326      453      54       343      429      258      292      346      170      357      160      418      368      172      236      412      0        345      285      304      83       134      365      166      270      151      319      346      270      237      220      52       318      376      96       360      284      
21       163      222      346      62       319      300      305      14       297      274      356      145      191      96       281      140      56       185      295      297      345      0        194      234      311      215      157      190      288      309      332      336      88       152      185      345      352      208      271      367      344      
22       79       84       181      189      125      174      275      181      154      86       164      81       226      125      144      164      167      133      115      143      285      194      0        43       302      171      94       138      97       170      138      144      124      75       69       315      158      91       188      174      153      
23       97       73       170      232      84       149      300      221      125      66       132      106      264      158      150      185      203      167      99       110      304      234      43       0        330      202      112      171      70       172      99       101      167      116      102      339      121      87       208      132      122      
24       358      386      264      249      370      476      37       312      455      298      348      347      120      345      207      408      346      171      283      441      83       311      302      330      0        131      367      165      313      209      367      392      251      238      232      42       371      389      131      410      338      
25       228      255      184      161      253      345      107      211      325      180      246      218      82       224      111      286      234      41       175      312      134      215      171      202      131      0        238      34       197      129      254      275      136      108      101      149      262      257      60       298      234      
26       15       68       275      183      190      144      345      142      140      175      244      19       268      61       236      72       108      196      207      141      365      157      94       112      367      238      0        203      182      263      207      201      132      129      145      387      230      52       270      231      235      
27       193      221      180      143      229      312      142      185      293      157      230      183      97       191      106      252      205      6        158      280      166      190      138      171      165      34       203      0        175      130      232      251      107      73       69       184      243      223      81       275      218      
28       167      140      104      274      57       198      279      276      171      17       67       174      272      222      110      255      265      172      37       151      270      288      97       70       313      197      182      175      0        123      57       78       210      146      119      312      69       157      182      101      56       
29       248      245      57       270      176      318      172      301      291      114      141      247      211      279      28       330      308      133      87       273      151      309      170      172      209      129      263      130      123      0        168      195      221      160      129      199      167      256      82       208      132      
30       192      149      133      324      19       180      332      319      151      74       48       204      329      256      161      278      302      229      84       131      319      332      138      99       367      254      207      232      57       168      0        28       259      198      174      364      23       169      236      44       46       
31       188      139      161      333      22       157      357      322      128      94       73       201      348      255      187      270      302      248      110      108      346      336      144      101      392      275      201      251      78       195      28       0        268      211      189      390      43       158      261      30       74       
32       130      180      259      65       248      270      237      80       259      194      277      113      140      95       193      158      98       101      212      254      270      88       124      167      251      136      132      107      210      221      259      268      0        66       98       279      277      172      188      297      264      
33       120      152      194      127      190      244      215      142      228      130      212      110      151      123      132      182      148      67       146      217      237      152      75       116      238      108      129      73       146      160      198      211      66       0        33       257      215      152      144      239      200      
34       133      154      161      158      167      243      206      175      224      102      183      127      161      151      100      205      179      64       114      211      220      185      69       102      232      101      145      69       119      129      174      189      98       33       0        246      188      157      124      216      170      
35       377      400      250      284      369      487      42       345      464      299      340      367      157      371      203      434      376      190      280      449      52       345      315      339      42       149      387      184      312      199      364      390      279      257      246      0        365      404      131      406      331      
36       215      173      125      342      42       200      335      339      171      86       31       227      340      279      163      301      324      241      88       151      318      352      158      121      371      262      230      243      69       167      23       43       277      215      188      365      0        192      239      42       35       
37       45       19       257      230      150      97       363      193      89       154      211      63       301      113      232      112      160      217      187      89       376      208      91       87       389      257      52       223      157      256      169      158      172      152      157      404      192      0        279      187      203      
38       258      273      139      221      240      357      96       266      334      168      218      251      135      267      76       327      285      87       152      318      96       271      188      208      131      60       270      81       182      82       236      261      188      144      124      131      239      279      0        279      207      
39       218      167      168      363      49       175      375      353      147      118      73       231      373      285      203      299      332      273      126      127      360      367      174      132      410      298      231      275      101      208      44       30       297      239      216      406      42       187      279      0        78       
40       220      185      90       328      63       225      302      332      197      70       12       229      314      278      131      307      321      217      59       176      284      344      153      122      338      234      235      218      56       132      46       74       264      200      170      331      35       203      207      78       0        
;



Table delta(i,j)                 Distance
         0        1        2        3        4        5        6        7        8        9        10       11       12       13       14       15       16       17       18       19       20       21       22       23       24       25       26       27       28       29       30       31       32       33       34       35       36       37       38       39       40       
0        0        600      2430     4860     4710     3720     3960     5430     2280     990      1620     4140     750      3690     3210     3810     3360     4440     4590     4080     4650     5220     5670     5100     990      5610     1230     3090     4110     3240     3390     6300     5400     1080     5370     4470     1050     3930     6030     5280     4620     
1        600      0        86       181      175      142      151      200      94       48       71       158      41       142      127      139      121      160      171      154      165      194      209      190      13       207      60       123      148      124      129      229      200      37       195      169      45       151      221      194      170      
2        2430     86       0        199      132      103      175      179      129      58       118      153      62       168      133      65       39       83       197      114      84       181      203      169      93       182      99       126      69       171      78       190      188      48       134      168      115      152      198      145      206      
3        4860     181      199      0        127      123      30       86       87       153      111      57       155      40       65       183      198      196      18       122      210      67       58       82       193      94       121      73       198      77       144      135      66       184      171      45       144      52       95       141      42       
4        4710     175      132      127      0        33       123      58       127      127      140      71       134      124      86       80       108      82       138      20       96       71       95       53       188      58       131      81       91       159      53       57       77       151      44       82       167      79       73       20       159      
5        3720     142      103      123      33       0        111      76       101      93       112      66       101      110      68       62       85       72       129      12       87       83       106      68       155      79       100      61       76       138      26       89       90       119      62       80       135      71       95       52       148      
6        3960     151      175      30       123      111      0        97       56       126      81       54       127      9        45       167      178      182      22       114      196      79       78       89       163      105      91       53       182      50       129      144      81       156      167      49       113      44       110      141      36       
7        5430     200      179      86       58       76       97       0        126      156      147      48       162      102      80       136      161      140      102      67       154      19       39       10       214      8        145      80       148      144      102      48       22       186      96       48       179      59       20       63       126      
8        2280     94       129      87       127      101      56       126      0        74       24       77       73       47       45       140      143      159      77       110      171      114      123      116      106      133      36       47       155      43       107      167      118      102      164      84       57       67       144      147      79       
9        990      48       58       153      127      93       126      156      74       0        60       119      8        118      91       94       83       115      148      106      123      153      170      146      61       162      41       85       105      115      80       182      159      31       147      132      59       113      177      145      153      
10       1620     71       118      111      140      112      81       147      24       60       0        99       57       71       67       140      137      161      100      122      171      136      147      136      82       154      19       67       154      56       112      185      141      84       174      107      33       90       166      161      100      
11       4140     158      153      57       71       66       54       48       77       119      99       0        123      56       32       127      146      139      67       64       153      36       51       39       171      56       100      34       142      97       89       93       42       150      115      15       132      11       67       87       89       
12       750      41       62       155      134      101      127      162      73       8        57       123      0        119      94       102      90       123      149      113      131      158      175      152      54       168      38       89       113      112      88       189      164      29       155      136      53       117      183      152      153      
13       3690     142      168      40       124      110      9        102      47       118      71       56       119      0        42       164      174      179      30       113      193      85       86       94       154      110      83       50       179      43       126      149      87       148      167      54       103      46       117      142      39       
14       3210     127      133      65       86       68       45       80       45       91       67       32       94       42       0        122      134      137      66       72       151      69       82       70       140      88       68       8        137      73       83       121      75       122      127      42       99       24       99       105      81       
15       3810     139      65       183      80       62       167      136      140      94       140      127      102      164      122      0        30       21       187      69       31       144      168      129      149      137      123      114      15       183      38       134      151      104      70       142      152      131      152      87       203      
16       3360     121      39       198      108      85       178      161      143      83       137      146      90       174      134      30       0        45       200      94       45       168      191      153      130      163      119      126      30       186      59       163      175      84       100      161      143      147      179      117      213      
17       4440     160      83       196      82       72       182      140      159      115      161      139      123      179      137      21       45       0        201      76       14       151      175      134      170      140      144      129      15       201      53       131      158      124      60       153      173      143      155      85       219      
18       4590     171      197      18       138      129      22       102      77       148      100      67       149      30       66       187      200      201      0        130      216      83       76       97       183      110      113      74       202      60       148      151      83       178      182      57       131      59       113      153      24       
19       4080     154      114      122      20       12       114      67       110      106      122      64       113      113      72       69       94       76       130      0        91       75       99       60       168      69       111      66       82       145      36       77       82       131      55       78       147      71       85       39       150      
20       4650     165      84       210      96       87       196      154      171      123      171      153      131      193      151      31       45       14       216      91       0        166      190      149      175      154      154      143      17       214      67       143      172      129      71       168      182      158      169      98       233      
21       5220     194      181      67       71       83       79       19       114      153      136      36       158      85       69       144      168      151      83       75       166      0        23       18       208      26       137      71       157      127      109      67       7        183      112      31       169      46       32       80       107      
22       5670     209      203      58       95       106      78       39       123      170      147      51       175      86       82       168      191      175      76       99       190      23       0        41       222      43       150      86       181      129      132      82       17       201      135      40       180      58       39       102      100      
23       5100     190      169      82       53       68       89       10       116      146      136      39       152      94       70       129      153      134      97       60       149      18       41       0        203      17       135      69       141      135      94       55       23       176      94       40       168      50       31       62       120      
24       990      13       93       193      188      155      163      214      106      61       82       171      54       154      140      149      130      170      183      168      175      208      222      203      0        220      72       137      158      133      141      243      214      46       208      182      54       164      234      207      181      
25       5610     207      182      94       58       79       105      8        133      162      154      56       168      110      88       137      163      140      110      69       154      26       43       17       220      0        152      87       149      152      105      40       28       191      94       56       186      67       15       60       134      
26       1230     60       99       121      131      100      91       145      36       41       19       100      38       83       68       123      119      144      113      111      154      137      150      135      72       152      0        65       136      74       97       180      142      66       162      110      35       92       165      151      115      
27       3090     123      126      73       81       61       53       80       47       85       67       34       89       50       8        114      126      129      74       66       143      71       86       69       137      87       65       0        129      78       75       119      77       117      121      46       98       28       100      100      89       
28       4110     148      69       198      91       76       182      148      155      105      154      142      113      179      137      15       30       15       202      82       17       157      181      141      158      149      136      129      0        197      53       142      164      112      74       156      164      145      164      96       218      
29       3240     124      171      77       159      138      50       144      43       115      56       97       112      43       73       183      186      201      60       145      214      127      129      135      133      152      74       78       197      0        148      190      130      140      200      96       79       86       159      178      49       
30       3390     129      78       144      53       26       129      102      107      80       112      89       88       126      83       38       59       53       148      36       67       109      132      94       141      105      97       75       53       148      0        111      116      101      66       104      131      92       121      68       165      
31       6300     229      190      135      57       89       144      48       167      182      185      93       189      149      121      134      163      131      151      77       143      67       82       55       243      40       180      119      142      190      111      0        69       208      74       95       215      104      43       46       175      
32       5400     200      188      66       77       90       81       22       118      159      141      42       164      87       75       151      175      158      83       82       172      7        17       23       214      28       142      77       164      130      116      69       0        190      118      34       174      51       30       85       107      
33       1080     37       48       184      151      119      156      186      102      31       84       150      29       148      122      104      84       124      178      131      129      183      201      176      46       191      66       117      112      140      101      208      190      0        166      163      71       145      206      169      181      
34       5370     195      134      171      44       62       167      96       164      147      174      115      155      167      127      70       100      60       182      55       71       112      135      94       208      94       162      121      74       200      66       74       118      166      0        126      196      123      106      33       203      
35       4470     169      168      45       82       80       49       48       84       132      107      15       136      54       42       142      161      153      57       78       168      31       40       40       182      56       110      46       156      96       104      95       34       163      126      0        140      18       63       96       80       
36       1050     45       115      144      167      135      113      179      57       59       33       132      53       103      99       152      143      173      131      147      182      169      180      168      54       186      35       98       164      79       131      215      174      71       196      140      0        123      198      187      127      
37       3930     151      152      52       79       71       44       59       67       113      90       11       117      46       24       131      147      143      59       71       158      46       58       50       164      67       92       28       145      86       92       104      51       145      123      18       123      0        77       96       80       
38       6030     221      198      95       73       95       110      20       144      177      166      67       183      117      99       152      179      155      113      85       169      32       39       31       234      15       165      100      164      159      121      43       30       206      106      63       198      77       0        73       137      
39       5280     194      145      141      20       52       141      63       147      145      161      87       152      142      105      87       117      85       153      39       98       80       102      62       207      60       151      100      96       178      68       46       85       169      33       96       187      96       73       0        176      
40       4620     170      206      42       159      148      36       126      79       153      100      89       153      39       81       203      213      219      24       150      233      107      100      120      181      134      115      89       218      49       165      175      107      181      203      80       127      80       137      176      0        
;

