
sets
i        orders          /0*20/
k        routes          /1*20/
p        positions       /0*20/
;

alias(i,j)
alias(i,h)
alias(i,hh)
alias(i,jj)
alias(k,kk)
                
                    Parameters

rho(i)	Processing time
/
0	0
1	89
2	16
3	70
4	88
5	31
6	46
7	23
8	86
9	45
10	59
11	11
12	25
13	43
14	43
15	97
16	78
17	19
18	47
19	13
20	96
/

gamma(i)	Duedate
/
0	0
1	59
2	95
3	24
4	68
5	66
6	16
7	29
8	52
9	4
10	17
11	76
12	59
13	82
14	27
15	15
16	55
17	66
18	46
19	62
20	53
/

sigma(i)	Size
/
0	0
1	7
2	2
3	5
4	4
5	2
6	9
7	4
8	6
9	8
10	7
11	2
12	8
13	6
14	1
15	9
16	8
17	9
18	8
19	6
20	7
/

epsilon(i)	Priority
/
0	0
1	3
2	3
3	9
4	2
5	8
6	6
7	6
8	8
9	9
10	5
11	3
12	8
13	2
14	4
15	4
16	4
17	2
18	1
19	6
20	7
/

psi	Vehicle Capacity
/ 27 /
;

Table kappa(i,j)                 Setup
         0        1        2        3        4        5        6        7        8        9        10       11       12       13       14       15       16       17       18       19       20       
0        0        108      166      179      55       13       187      57       88       68       102      133      88       128      4        94       73       15       25       214      100      
1        108      0        59       80       140      119      86       146      79       43       22       25       20       54       112      25       118      123      115      107      30       
2        166      59       0        35       191      177      34       198      130      98       74       33       79       64       170      80       162      181      174      63       81       
3        179      80       35       0        194      187      10       201      158      111      100      56       99       57       183      105      159      193      191      87       107      
4        55       140      191      194      0        45       204      7        142      97       141      161      122      137      55       134      42       48       78       247      142      
5        13       119      177      187      45       0        196      45       101      78       114      144      99       134      11       106      69       6        33       225      112      
6        187      86       34       10       204      196      0        211      162      119      104      61       105      67       191      110      169      201      199      79       112      
7        57       146      198      201      7        45       211      0        144      102      146      167      128      144      56       139      49       47       78       253      147      
8        88       79       130      158      142      101      162      144      0        77       58       101      66       130      90       54       143      102      76       154      50       
9        68       43       98       111      97       78       119      102      77       0        47       66       26       63       72       41       79       83       81       150      50       
10       102      22       74       100      141      114      104      146      58       47       0        43       21       76       106      7        126      118      104      112      8        
11       133      25       33       56       161      144      61       167      101      66       43       0        46       50       137      49       135      148      141      86       50       
12       88       20       79       99       122      99       105      128      66       26       21       46       0        63       92       16       105      103      95       126      25       
13       128      54       64       57       137      134      67       144      130      63       76       50       63       0        132      77       102      140      144      127      84       
14       4        112      170      183      55       11       191      56       90       72       106      137      92       132      0        98       75       12       23       218      104      
15       94       25       80       105      134      106      110      139      54       41       7        49       16       77       98       0        120      110      97       120      9        
16       73       118      162      159      42       69       169      49       143      79       126      135      105      102      75       120      0        74       99       221      128      
17       15       123      181      193      48       6        201      47       102      83       118      148      103      140      12       110      74       0        30       229      116      
18       25       115      174      191      78       33       199      78       76       81       104      141      95       144      23       97       99       30       0        216      100      
19       214      107      63       87       247      225      79       253      154      150      112      86       126      127      218      120      221      229      216      0        115      
20       100      30       81       107      142      112      112      147      50       50       8        50       25       84       104      9        128      116      100      115      0        
;



Table delta(i,j)                 Distance
         0        1        2        3        4        5        6        7        8        9        10       11       12       13       14       15       16       17       18       19       20       
0        0        393      372      231      109      483      167      377      280      184      374      208      476      71       216      366      436      231      273      192      321      
1        393      0        331      614      283      813      431      713      557      566      50       583      431      417      502      600      504      621      120      526      494      
2        372      331      0        493      317      582      267      504      332      544      281      571      116      438      310      330      176      518      307      564      217      
3        231      614      493      0        336      283      227      186      212      170      589      190      564      250      192      297      471      35       499      266      332      
4        109      283      317      336      0        568      203      462      335      287      266      308      430      144      271      409      422      339      164      268      335      
5        483      813      582      283      568      0        382      106      259      452      775      469      599      522      310      257      469      310      713      550      365      
6        167      431      267      227      203      382      0        282      133      295      395      322      347      236      72       206      280      250      331      342      155      
7        377      713      504      186      462      106      282      0        172      356      677      375      538      416      212      201      416      216      610      452      293      
8        280      557      332      212      335      259      133      172      0        347      517      373      375      340      65       93       266      247      463      421      130      
9        184      566      544      170      287      452      295      356      347      0        553      27       638      149      302      440      574      141      445      100      440      
10       374      50       281      589      266      775      395      677      517      553      0        572      381      406      465      556      455      597      115      522      448      
11       208      583      571      190      308      469      322      375      373      27       572      0        665      166      329      466      601      159      463      92       468      
12       476      431      116      564      430      599      347      538      375      638      381      665      0        544      372      343      134      593      421      668      246      
13       71       417      438      250      144      522      236      416      340      149      406      166      544      0        278      430      508      239      296      127      391      
14       216      502      310      192      271      310      72       212      65       302      465      329      372      278      0        151      281      223      404      367      142      
15       366      600      330      297      409      257      206      201      93       440      556      466      343      430      151      0        216      333      518      514      113      
16       436      504      176      471      422      469      280      416      266      574      455      601      134      508      281      216      0        503      464      622      139      
17       231      621      518      35       339      310      250      216      247      141      597      159      593      239      223      333      503      0        503      240      364      
18       273      120      307      499      164      713      331      610      463      445      115      463      421      296      404      518      464      503      0        408      422      
19       192      526      564      266      268      550      342      452      421      100      522      92       668      127      367      514      622      240      408      0        496      
20       321      494      217      332      335      365      155      293      130      440      448      468      246      391      142      113      139      364      422      496      0        
;

