
sets
i        orders          /0*20/
k        routes          /1*20/
p        positions       /0*20/
;

alias(i,j)
alias(i,h)
alias(i,hh)
alias(i,jj)
alias(k,kk)
                
                    Parameters

rho(i)	Processing time
/
0	0
1	63
2	45
3	84
4	39
5	10
6	74
7	86
8	23
9	46
10	11
11	40
12	81
13	47
14	48
15	18
16	3
17	50
18	40
19	61
20	40
/

gamma(i)	Duedate
/
0	0
1	37
2	21
3	92
4	67
5	21
6	65
7	52
8	30
9	97
10	66
11	96
12	20
13	40
14	11
15	5
16	75
17	87
18	97
19	32
20	92
/

sigma(i)	Size
/
0	0
1	4
2	8
3	4
4	9
5	4
6	4
7	6
8	4
9	7
10	2
11	1
12	8
13	9
14	8
15	4
16	7
17	4
18	1
19	4
20	7
/

epsilon(i)	Priority
/
0	0
1	5
2	6
3	3
4	3
5	9
6	5
7	9
8	9
9	4
10	4
11	6
12	8
13	9
14	5
15	2
16	3
17	7
18	2
19	6
20	7
/

psi	Vehicle Capacity
/ 13 /
;

Table kappa(i,j)                 Setup
         0        1        2        3        4        5        6        7        8        9        10       11       12       13       14       15       16       17       18       19       20       
0        0        135      137      127      132      173      145      157      198      33       80       77       111      124      108      106      194      214      43       153      67       
1        135      0        46       25       75       48       15       140      63       168      149      152      48       16       115      36       68       80       98       64       84       
2        137      46       0        69       119      43       38       95       77       168      123      128      86       35       150      37       60       89       94       21       106      
3        127      25       69       0        50       72       40       159      80       160      155      157      24       34       91       46       92       98       96       89       67       
4        132      75       119      50       0        120      90       204      120      161      182      183      35       83       51       90       139      137      115      139      65       
5        173      48       43       72       120      0        33       130      35       206      167      172      96       51       163      67       21       45       132      44       130      
6        145      15       38       40       90       33       0        133      53       178      151      155      63       21       130      41       54       69       106      53       97       
7        157      140      95       159      204      130      133      0        164      176      92       97       169      126      221      114      135      169      121      85       167      
8        198      63       77       80       120      35       53       164      0        231      200      205      105      74       168      94       33       17       159      79       147      
9        33       168      168      160      161      206      178      176      231      0        89       85       143      157      131      138      226      248      74       183      97       
10       80       149      123      155      182      167      151      92       200      89       0        5        150      133      176      113      183      213      67       130      123      
11       77       152      128      157      183      172      155      97       205      85       5        0        152      136      176      116      187      217      68       135      123      
12       111      48       86       24       35       96       63       169      105      143      150      152      0        51       67       55       116      123      86       107      46       
13       124      16       35       34       83       51       21       126      74       157      133      136      51       0        117      20       72       90       85       55       79       
14       108      115      150      91       51       163      130      221      168      131      176      176      67       117      0        115      183      186      110      171      55       
15       106      36       37       46       90       67       41       114      94       138      113      116      55       20       115      0        88       109      65       58       69       
16       194      68       60       92       139      21       54       135      33       226      183      187      116      72       183      88       0        34       152      54       151      
17       214      80       89       98       137      45       69       169      17       248      213      217      123      90       186      109      34       0        175      87       164      
18       43       98       94       96       115      132      106      121      159      74       67       68       86       85       110      65       152      175      0        110      56       
19       153      64       21       89       139      44       53       85       79       183      130      135      107      55       171      58       54       87       110      0        127      
20       67       84       106      67       65       130      97       167      147      97       123      123      46       79       55       69       151      164      56       127      0        
;



Table delta(i,j)                 Distance
         0        1        2        3        4        5        6        7        8        9        10       11       12       13       14       15       16       17       18       19       20       
0        0        477      274      211      378      263      208      343      490      54       127      316      541      382      559      572      164      436      404      204      590      
1        477      0        471      493      375      240      301      279      184      423      558      437      144      127      268      125      429      182      381      467      239      
2        274      471      0        75       574      245      363      499      378      264      398      546      592      344      667      509      408      534      179      459      460      
3        211      493      75       0        543      255      335      477      425      211      330      503      602      369      663      547      358      529      249      406      514      
4        378      375      574      543      0        372      211      101      520      345      363      99       321      391      250      499      221      204      603      210      603      
5        263      240      245      255      372      0        179      280      228      213      372      378      349      124      423      313      288      291      230      340      328      
6        208      301      363      335      211      179      0        143      379      159      260      200      338      247      352      415      129      229      404      174      476      
7        343      279      499      477      101      280      143      0        419      299      363      161      249      289      221      404      212      126      509      227      502      
8        490      184      378      425      520      228      379      419      0        441      600      560      328      133      452      144      503      354      235      552      100      
9        54       423      264      211      345      213      159      299      441      0        163      294      488      329      511      518      146      386      372      195      541      
10       127      558      398      330      363      372      260      363      600      163      0        276      594      481      584      665      150      478      530      154      700      
11       316      437      546      503      99       378      200      161      560      294      276      0        406      426      348      562      151      285      604      123      650      
12       541      144      592      602      321      349      338      249      328      488      594      406      0        260      134      231      448      123      521      473      368      
13       382      127      344      369      391      124      247      289      133      329      481      426      260      0        363      190      374      244      262      421      228      
14       559      268      667      663      250      423      352      221      452      511      584      348      134      363      0        365      433      133      624      443      500      
15       572      125      509      547      499      313      415      404      144      518      665      562      231      190      365      0        544      303      378      585      141      
16       164      429      408      358      221      288      129      212      503      146      150      151      448      374      433      544      0        329      493      54       602      
17       436      182      534      529      204      291      229      126      354      386      478      285      123      244      133      303      329      0        499      351      421      
18       404      381      179      249      603      230      404      509      235      372      530      604      521      262      624      378      493      499      0        547      297      
19       204      467      459      406      210      340      174      227      552      195      154      123      473      421      443      585      54       351      547      0        650      
20       590      239      460      514      603      328      476      502      100      541      700      650      368      228      500      141      602      421      297      650      0        
;

