
sets
i        orders          /0*20/
k        routes          /1*20/
p        positions       /0*20/
;

alias(i,j)
alias(i,h)
alias(i,hh)
alias(i,jj)
alias(k,kk)
                
                    Parameters

rho(i)	Processing time
/
0	0
1	31
2	47
3	45
4	42
5	67
6	3
7	62
8	69
9	73
10	67
11	1
12	40
13	52
14	54
15	5
16	70
17	30
18	65
19	1
20	79
/

gamma(i)	Duedate
/
0	0
1	48
2	5
3	47
4	72
5	6
6	91
7	63
8	74
9	8
10	44
11	14
12	43
13	83
14	72
15	84
16	26
17	80
18	93
19	43
20	81
/

sigma(i)	Size
/
0	0
1	2
2	7
3	4
4	9
5	2
6	9
7	8
8	7
9	9
10	2
11	5
12	1
13	2
14	2
15	5
16	2
17	3
18	4
19	2
20	1
/

epsilon(i)	Priority
/
0	0
1	3
2	2
3	7
4	3
5	4
6	7
7	4
8	9
9	2
10	5
11	3
12	2
13	1
14	9
15	6
16	3
17	7
18	9
19	7
20	5
/

psi	Vehicle Capacity
/ 23 /
;

Table kappa(i,j)                 Setup
         0        1        2        3        4        5        6        7        8        9        10       11       12       13       14       15       16       17       18       19       20       
0        0        155      28       118      169      115      191      59       149      237      151      222      71       88       207      191      176      149      102      147      199      
1        155      0        127      66       84       62       161      127      87       121      19       73       102      74       52       68       146      57       56       146      60       
2        28       127      0        93       144      89       177      48       127      213      123      194      49       62       179      165      161      124      74       135      172      
3        118      66       93       0        52       7        202      118      130      185      78       138      49       75       113      132      186      107      32       174      126      
4        169      84       144      52       0        58       242      170      167      202      103      140      98       124      111      151      226      140      82       220      138      
5        115      62       89       7        58       0        195      112      123      180      72       134      47       68       110      126      179      100      25       167      121      
6        191      161      177      202      242      195      0        131      74       111      141      160      199      134      174      114      16       103      171      45       136      
7        59       127      48       118      170      112      131      0        94       184      115      182      87       53       174      144      116      102      89       88       157      
8        149      87       127      130      167      123      74       94       0        90       67       105      136      70       109      58       59       29       100      63       78       
9        237      121      213      185      202      180      111      184      90       0        107      71       209      151      97       53       108      89       165      135      63       
10       151      19       123      78       103      72       141      115      67       107      0        71       106      64       58       54       126      38       59       127      51       
11       222      73       194      138      140      134      160      182      105      71       71       0        175      134      29       48       151      82       129      167      27       
12       71       102      49       49       98       47       199      87       136      209      106      175      0        66       154      157      183      122      46       163      158      
13       88       74       62       75       124      68       134      53       70       151      64       134      66       0        122      103      117      62       42       101      111      
14       207      52       179      113      111      110      174      174      109      97       58       29       154      122      0        61       162      82       109      173      38       
15       191      68       165      132      151      126      114      144      58       53       54       48       157      103      61       0        103      41       112      119      22       
16       176      146      161      186      226      179      16       116      59       108      126      151      183      117      162      103      0        88       154      33       126      
17       149      57       124      107      140      100      103      102      29       89       38       82       122      62       82       41       88       0        81       92       55       
18       102      56       74       32       82       25       171      89       100      165      59       129      46       42       109      112      154      81       0        142      111      
19       147      146      135      174      220      167      45       88       63       135      127      167      163      101      173      119      33       92       142      0        140      
20       199      60       172      126      138      121      136      157      78       63       51       27       158      111      38       22       126      55       111      140      0        
;



Table delta(i,j)                 Distance
         0        1        2        3        4        5        6        7        8        9        10       11       12       13       14       15       16       17       18       19       20       
0        0        493      414      377      366      543      348      249      564      70       683      624      438      215      312      622      125      358      401      417      236      
1        493      0        337      272      423      302      209      264      82       461      292      247      94       357      252      381      550      193      302      190      412      
2        414      337      0        487      596      598      405      218      414      434      629      580      244      442      417      687      529      397      526      445      508      
3        377      272      487      0        152      165      82       289      296      315      321      265      302      165      78       248      371      93       39       85       185      
4        366      423      596      152      0        252      220      380      447      295      435      386      443      171      188      300      310      235      131      237      130      
5        543      302      598      165      252      0        216      429      279      480      185      144      372      330      237      90       530      216      145      156      338      
6        348      209      405      82       220      216      0        215      251      296      334      276      224      161      45       305      370      16       121      69       207      
7        249      264      218      289      380      429      215      0        344      242      513      456      193      224      212      519      340      213      328      273      289      
8        564      82       414      296      447      279      251      344      0        527      224      188      174      410      297      344      612      235      318      210      458      
9        70       461      434      315      295      480      296      242      527      0        628      570      418      150      256      557      98       308      337      363      165      
10       683      292      629      321      435      185      334      513      224      628      0        58       385      483      372      188      692      326      316      265      506      
11       624      247      580      265      386      144      276      456      188      570      58       0        337      426      313      174      635      267      263      207      450      
12       438      94       244      302      443      372      224      193      174      418      385      337      0        341      257      457      513      210      338      234      404      
13       215      357      442      165      171      330      161      224      410      150      483      426      341      0        116      407      210      176      186      223      66       
14       312      252      417      78       188      237      45       212      297      256      372      313      257      116      0        323      326      61       115      107      162      
15       622      381      687      248      300      90       305      519      344      557      188      174      457      407      323      0        599      306      220      246      405      
16       125      550      529      371      310      530      370      340      612      98       692      635      513      210      326      599      0        384      385      433      193      
17       358      193      397      93       235      216      16       213      235      308      326      267      210      176      61       306      384      0        132      63       223      
18       401      302      526      39       131      145      121      328      318      337      316      263      338      186      115      220      385      132      0        112      193      
19       417      190      445      85       237      156      69       273      210      363      265      207      234      223      107      246      433      63       112      0        258      
20       236      412      508      185      130      338      207      289      458      165      506      450      404      66       162      405      193      223      193      258      0        
;

