

sets
i        orders          /0*10/
k        routes          /1*10/
p        positions       /0*10/
;

alias(i,j)
alias(i,h)
alias(i,hh)
alias(i,jj)
alias(k,kk)
                            Parameters

rho(i)	Processing time
/
0	0
1	26
2	66
3	87
4	59
5	28
6	69
7	90
8	23
9	40
10	62
/

gamma(i)	Duedate
/
0	0
1	57
2	43
3	87
4	78
5	49
6	98
7	96
8	12
9	75
10	57
/

sigma(i)	Size
/
0	0
1	5
2	2
3	3
4	7
5	7
6	5
7	5
8	4
9	9
10	4
/

epsilon(i)	Priority
/
0	0
1	3
2	4
3	9
4	5
5	4
6	7
7	9
8	7
9	6
10	2
/

psi	Vehicle Capacity
/ 19 /
;

Table kappa(i,j)                 Setup
         0        1        2        3        4        5        6        7        8        9        10       
0        0        609      679      899      321      571      882      618      296      545      190      
1        609      0        652      399      321      564      323      315      524      237      461      
2        679      652      0        568      490      114      956      921      382      821      519      
3        899      399      568      0        578      547      537      702      690      635      714      
4        321      321      490      578      0        377      633      469      217      371      144      
5        571      564      114      547      377      0        878      818      275      717      406      
6        882      323      956      537      633      878      0        335      845      354      763      
7        618      315      921      702      469      818      335      0        681      100      556      
8        296      524      382      690      217      275      845      681      0        585      153      
9        545      237      821      635      371      717      354      100      585      0        465      
10       190      461      519      714      144      406      763      556      153      465      0        
;



Table delta(i,j)                 Distance
         0        1        2        3        4        5        6        7        8        9        10       
0        0        300      170      238      275      285      32       239      119      267      246      
1        300      0        143      66       209      16       307      193      209      32       134      
2        170      143      0        98       234      127      169      201      126      114      165      
3        238      66       98       0        168      54       248      144      143      34       90       
4        275      209      234      168      0        208      301      36       158      193      78       
5        285      16       127      54       208      0        291      190      197      20       131      
6        32       307      169      248      301      291      0        265      143      275      266      
7        239      193      201      144      36       190      265      0        122      172      59       
8        119      209      126      143      158      197      143      122      0        177      128      
9        267      32       114      34       193      20       275      172      177      0        115      
10       246      134      165      90       78       131      266      59       128      115      0        
;

