

sets
i        orders          /0*10/
k        routes          /1*10/
p        positions       /0*10/
;

alias(i,j)
alias(i,h)
alias(i,hh)
alias(i,jj)
alias(k,kk)
                            Parameters

rho(i)	Processing time
/
0	0
1	66
2	37
3	43
4	67
5	4
6	90
7	55
8	72
9	39
10	35
/

gamma(i)	Duedate
/
0	0
1	14
2	49
3	9
4	29
5	98
6	70
7	24
8	43
9	56
10	61
/

sigma(i)	Size
/
0	0
1	2
2	5
3	2
4	1
5	3
6	3
7	5
8	2
9	3
10	4
/

epsilon(i)	Priority
/
0	0
1	9
2	8
3	6
4	7
5	8
6	2
7	4
8	2
9	9
10	2
/

psi	Vehicle Capacity
/ 9 /
;

Table kappa(i,j)                 Setup
         0        1        2        3        4        5        6        7        8        9        10       
0        0        42       435      291      191      368      727      492      748      558      372      
1        42       0        440      250      232      334      768      478      775      571      397      
2        435      440      0        488      517      400      903      917      1106     981      767      
3        291      250      488      0        482      150      1018     529      992      737      614      
4        191      232      517      482      0        554      536      538      595      482      254      
5        368      334      400      150      554      0        1077     679      1107     872      726      
6        727      768      903      1018     536      1077     0        936      477      681      529      
7        492      478      917      529      538      679      936      0        665      331      408      
8        748      775      1106     992      595      1107     477      665      0        334      380      
9        558      571      981      737      482      872      681      331      334      0        234      
10       372      397      767      614      254      726      529      408      380      234      0        
;



Table delta(i,j)                 Distance
         0        1        2        3        4        5        6        7        8        9        10       
0        0        177      17       111      292      236      182      46       214      215      157      
1        177      0        185      67       117      117      89       142      190      78       59       
2        17       185      0        118      301      236      197      62       206      228      169      
3        111      67       118      0        185      141      110      81       169      125      73       
4        292      117      301      185      0        166      141      252      274      98       143      
5        236      117      236      141      166      0        206      220      113      188      175      
6        182      89       197      110      141      206      0        136      271      43       37       
7        46       142      62       81       252      220      136      0        221      171      113      
8        214      190      206      169      274      113      271      221      0        269      234      
9        215      78       228      125      98       188      43       171      269      0        58       
10       157      59       169      73       143      175      37       113      234      58       0        
;

