

sets
i        orders          /0*10/
k        routes          /1*10/
p        positions       /0*10/
;

alias(i,j)
alias(i,h)
alias(i,hh)
alias(i,jj)
alias(k,kk)
                            Parameters

rho(i)	Processing time
/
0	0
1	24
2	23
3	75
4	71
5	22
6	6
7	20
8	93
9	37
10	97
/

gamma(i)	Duedate
/
0	0
1	32
2	54
3	14
4	24
5	47
6	83
7	64
8	86
9	37
10	72
/

sigma(i)	Size
/
0	0
1	4
2	9
3	9
4	8
5	9
6	4
7	4
8	1
9	4
10	9
/

epsilon(i)	Priority
/
0	0
1	4
2	5
3	4
4	7
5	3
6	8
7	4
8	1
9	2
10	8
/

psi	Vehicle Capacity
/ 20 /
;

Table kappa(i,j)                 Setup
         0        1        2        3        4        5        6        7        8        9        10       
0        0        335      842      412      853      764      489      669      523      693      544      
1        335      0        669      516      949      986      808      752      852      750      328      
2        842      669      0        577      684      970      1099     566      1177     515      341      
3        412      516      577      0        451      494      522      259      601      281      437      
4        853      949      684      451      0        381      747      197      830      207      764      
5        764      986      970      494      381      0        452      406      521      461      925      
6        489      808      1099     522      747      452      0        651      84       704      906      
7        669      752      566      259      197      406      651      0        735      57       582      
8        523      852      1177     601      830      521      84       735      0        789      973      
9        693      750      515      281      207      461      704      57       789      0        557      
10       544      328      341      437      764      925      906      582      973      557      0        
;



Table delta(i,j)                 Distance
         0        1        2        3        4        5        6        7        8        9        10       
0        0        225      182      185      101      143      153      106      169      65       122      
1        225      0        214      404      322      125      83       329      382      278      274      
2        182      214      0        275      218      96       206      229      246      244      114      
3        185      404      275      0        83       297      337      79       30       163      161      
4        101      322      218      83       0        220      254      11       69       91       110      
5        143      125      96       297      220      0        111      229      271      208      152      
6        153      83       206      337      254      111      0        259      319      199      230      
7        106      329      229      79       11       229      259      0        69       89       121      
8        169      382      246      30       69       271      319      69       0        158      132      
9        65       278      244      163      91       208      199      89       158      0        164      
10       122      274      114      161      110      152      230      121      132      164      0        
;

