
sets
i        orders          /0*20/
k        routes          /1*20/
p        positions       /0*20/
;

alias(i,j)
alias(i,h)
alias(i,hh)
alias(i,jj)
alias(k,kk)
                
                    Parameters

rho(i)	Processing time
/
0	0
1	27
2	4
3	18
4	71
5	79
6	73
7	53
8	37
9	13
10	18
11	55
12	86
13	90
14	97
15	32
16	19
17	35
18	73
19	22
20	3
/

gamma(i)	Duedate
/
0	0
1	70
2	18
3	83
4	33
5	37
6	20
7	15
8	25
9	16
10	5
11	10
12	65
13	68
14	99
15	75
16	15
17	80
18	44
19	78
20	83
/

sigma(i)	Size
/
0	0
1	6
2	1
3	6
4	2
5	4
6	8
7	2
8	5
9	6
10	5
11	9
12	6
13	6
14	1
15	1
16	7
17	5
18	8
19	1
20	9
/

epsilon(i)	Priority
/
0	0
1	1
2	4
3	5
4	8
5	4
6	3
7	5
8	1
9	8
10	1
11	2
12	6
13	2
14	3
15	7
16	5
17	5
18	7
19	4
20	9
/

psi	Vehicle Capacity
/ 24 /
;

Table kappa(i,j)                 Setup
         0        1        2        3        4        5        6        7        8        9        10       11       12       13       14       15       16       17       18       19       20       
0        0        371      224      300      348      407      330      50       172      242      279      366      262      522      433      139      86       427      217      432      323      
1        371      0        282      120      433      175      41       340      198      364      393      35       130      251      265      273      315      241      270      126      277      
2        224      282      0        293      171      221      254      174      164      82       115      257      255      327      218      93       246      218      14       275      100      
3        300      120      293      0        462      274      92       283      149      372      408      144      41       366      355      245      227      334      279      242      327      
4        348      433      171      462      0        315      412      302      335      108      69       402      426      386      258      251      396      274      186      387      162      
5        407      175      221      274      315      0        183      361      256      286      300      139      261      115      92       272      386      67       217      75       155      
6        330      41       254      92       412      183      0        300      158      336      367      52       93       273      269      236      274      246      241      149      261      
7        50       340      174      283      302      361      300      0        142      196      233      331      243      475      384      90       102      379      166      391      273      
8        172      198      164      149      335      256      158      142      0        235      273      194      107      370      308      97       131      294      149      267      231      
9        242      364      82       372      108      286      336      196      235      0        39       338      333      382      260      145      288      268      95       348      137      
10       279      393      115      408      69       300      367      233      273      39       0        365      370      387      262      185      328      272      129      366      145      
11       366      35       257      144      402      139      52       331      194      338      365      0        145      222      230      258      318      205      246      97       244      
12       262      130      255      41       426      261      93       243      107      333      370      145      0        361      337      204      193      317      241      240      296      
13       522      251      327      366      386      115      273      475      370      382      387      222      361      0        128      386      501      114      326      125      244      
14       433      265      218      355      258      92       269      384      308      260      262      230      337      128      0        294      430      25       221      163      124      
15       139      273      93       245      251      272      236      90       97       145      185      258      204      386      294      0        153      288      82       307      187      
16       86       315      246      227      396      386      274      102      131      288      328      318      193      501      430      153      0        420      235      397      336      
17       427      241      218      334      274      67       246      379      294      268      272      205      317      114      25       288      420      0        219      137      130      
18       217      270      14       279      186      217      241      166      149      95       129      246      241      326      221      82       235      219      0        268      106      
19       432      126      275      242      387      75       149      391      267      348      366      97       240      125      163      307      397      137      268      0        225      
20       323      277      100      327      162      155      261      273      231      137      145      244      296      244      124      187      336      130      106      225      0        
;



Table delta(i,j)                 Distance
         0        1        2        3        4        5        6        7        8        9        10       11       12       13       14       15       16       17       18       19       20       
0        0        6690     6060     3480     1800     2520     2130     3150     1680     4230     4860     4380     3270     4950     840      2190     690      4350     1710     3690     4530     
1        6690     0        20       108      177      167      160      136      221      148      81       90       141      103      228      150      245      85       198      117      143      
2        6060     20       0        87       156      148      140      116      202      134      66       71       123      87       208      129      225      66       179      97       130      
3        3480     108      87       0        70       84       65       39       127      105      70       36       72       67       126      45       138      47       105      32       108      
4        1800     177      156      70       0        90       65       46       100      139      133      92       101      105      83       43       77       111      85       65       147      
5        2520     167      148      84       90       0        25       104      55       57       91       120      29       150      72       52       105      82       34       111      67       
6        2130     160      140      65       65       25       0        80       63       76       92       101      40       130      68       27       94       77       40       88       84       
7        3150     136      116      39       46       104      80       0        134      139      110      47       102      59       123      53       124      87       114      20       143      
8        1680     221      202      127      100      55       63       134      0        104      147      162      85       189      29       84       69       137      23       146      115      
9        4230     148      134      105      139      57       76       139      104      0        68       135      38       169      127      96       162      74       87       137      10       
10       4860     81       66       70       133      91       92       110      147      68       0        84       63       116      160      93       185      22       125      99       64       
11       4380     90       71       36       92       120      101      47       162      135      84       0        105      34       159      79       167      65       140      27       136      
12       3270     141      123      72       101      29       40       102      85       38       63       105      0        139      101      58       132      56       63       103      45       
13       4950     103      87       67       105      150      130      59       189      169      116      34       139      0        182      105      183      98       168      42       170      
14       840      228      208      126      83       72       68       123      29       127      160      159      101      182      0        81       39       146      39       139      137      
15       2190     150      129      45       43       52       27       53       84       96       93       79       58       105      81       0        96       73       63       63       103      
16       690      245      225      138      77       105      94       124      69       162      185      167      132      183      39       96       0        168      76       142      172      
17       4350     85       66       47       111      82       77       87       137      74       22       65       56       98       146      73       168      0        113      77       73       
18       1710     198      179      105      85       34       40       114      23       87       125      140      63       168      39       63       76       113      0        126      98       
19       3690     117      97       32       65       111      88       20       146      137      99       27       103      42       139      63       142      77       126      0        141      
20       4530     143      130      108      147      67       84       143      115      10       64       136      45       170      137      103      172      73       98       141      0        
;

