

sets
i        orders          /0*10/
k        routes          /1*10/
p        positions       /0*10/
;

alias(i,j)
alias(i,h)
alias(i,hh)
alias(i,jj)
alias(k,kk)
                            Parameters

rho(i)	Processing time
/
0	0
1	65
2	65
3	60
4	28
5	27
6	20
7	86
8	32
9	17
10	30
/

gamma(i)	Duedate
/
0	0
1	46
2	79
3	10
4	82
5	41
6	18
7	60
8	42
9	73
10	56
/

sigma(i)	Size
/
0	0
1	4
2	9
3	8
4	8
5	6
6	3
7	2
8	9
9	2
10	4
/

epsilon(i)	Priority
/
0	0
1	6
2	5
3	4
4	5
5	7
6	4
7	5
8	2
9	8
10	2
/

psi	Vehicle Capacity
/ 13 /
;

Table kappa(i,j)                 Setup
         0        1        2        3        4        5        6        7        8        9        10       
0        0        182      628      255      272      762      478      657      862      369      537      
1        182      0        780      225      263      938      514      738      1036     450      686      
2        628      780      0        647      877      301      994      358      751      404      741      
3        255      225      647      0        471      864      710      531      1071     261      783      
4        272      263      877      471      0        956      253      929      918      640      525      
5        762      938      301      864      956      0        998      660      504      660      640      
6        478      514      994      710      253      998      0        1118     826      840      424      
7        657      738      358      531      929      660      1118     0        1087     290      985      
8        862      1036     751      1071     918      504      826      1087     0        971      405      
9        369      450      404      261      640      660      840      290      971      0        774      
10       537      686      741      783      525      640      424      985      405      774      0        
;



Table delta(i,j)                 Distance
         0        1        2        3        4        5        6        7        8        9        10       
0        0        1040     750      980      540      1130     840      130      700      930      370      
1        1040     0        48       38       106      44       64       91       37       54       67       
2        750      48       0        24       59       38       20       61       20       20       49       
3        980      38       24       0        81       14       29       85       33       16       69       
4        540      106      59       81       0        93       55       49       70       68       64       
5        1130     44       38       14       93       0        39       99       47       25       83       
6        840      64       20       29       55       39       0        72       40       13       65       
7        130      91       61       85       49       99       72       0        56       80       26       
8        700      37       20       33       70       47       40       56       0        37       36       
9        930      54       20       16       68       25       13       80       37       0        69       
10       370      67       49       69       64       83       65       26       36       69       0        
;

