

sets
i        orders          /0*20/
k        routes          /1*20/
p        positions       /0*20/
;

alias(i,j)
alias(i,h)
alias(i,hh)
alias(i,jj)
alias(k,kk)
                            Parameters

rho(i)	Processing time
/
0	0
1	26
2	6
3	92
4	78
5	91
6	26
7	13
8	63
9	81
10	10
11	44
12	39
13	31
14	20
15	89
16	4
17	12
18	37
19	90
20	6
/

gamma(i)	Duedate
/
0	0
1	93
2	16
3	42
4	85
5	37
6	81
7	51
8	15
9	16
10	62
11	64
12	3
13	14
14	60
15	82
16	89
17	23
18	48
19	83
20	22
/

sigma(i)	Size
/
0	0
1	6
2	7
3	5
4	9
5	5
6	8
7	4
8	1
9	7
10	7
11	7
12	3
13	8
14	8
15	5
16	7
17	4
18	4
19	4
20	3
/

epsilon(i)	Priority
/
0	0
1	2
2	8
3	7
4	7
5	8
6	4
7	7
8	9
9	6
10	4
11	4
12	1
13	3
14	2
15	6
16	3
17	7
18	8
19	3
20	4
/

psi	Vehicle Capacity
/ 76 /
;

Table kappa(i,j)                 Setup
         0        1        2        3        4        5        6        7        8        9        10       11       12       13       14       15       16       17       18       19       20       
0        0        595      1009     899      643      771      490      520      69       381      168      950      649      693      351      843      855      721      577      491      743      
1        595      0        438      846      657      499      683      89       561      246      437      516      412      423      698      479      815      741      388      106      327      
2        1009     438      0        884      812      795      932      493      964      684      842      317      761      500      1014     405      872      867      569      528      596      
3        899      846      884      0        256      1334     431      784      831      914      796      581      1228     434      603      479      44       181      463      806      1174     
4        643      657      812      256      0        1120     201      582      575      681      542      563      1007     312      369      434      212      90       275      596      977      
5        771      499      795      1334     1120     0        1089     550      783      458      696      989      124      921      1038     973      1299     1209     871      528      200      
6        490      683      932      431      201      1089     0        596      426      632      431      725      968      447      172      594      388      251      363      597      976      
7        520      89       493      784      582      550      596      0        482      207      358      518      449      376      609      459      751      668      321      38       395      
8        69       561      964      831      575      783      426      482      0        366      123      890      659      629      296      780      787      653      512      455      738      
9        381      246      684      914      681      458      632      207      366      0        255      723      336      549      585      654      875      771      464      168      375      
10       168      437      842      796      542      696      431      358      123      255      0        786      571      538      345      683      753      628      425      331      630      
11       950      516      317      581      563      989      725      518      890      723      786      0        920      283      848      131      576      597      394      556      793      
12       649      412      761      1228     1007     124      968      449      659      336      571      920      0        825      914      891      1191     1096     766      423      183      
13       693      423      500      434      312      921      447      376      629      549      538      283      825      0        564      157      408      372      117      406      748      
14       351      698      1014     603      369      1038     172      609      296      585      345      848      914      564      0        719      560      423      459      599      954      
15       843      479      405      479      434      973      594      459      780      654      683      131      891      157      719      0        467      473      272      495      785      
16       855      815      872      44       212      1299     388      751      787      875      753      576      1191     408      560      467      0        137      429      771      1142     
17       721      741      867      181      90       1209     251      668      653      771      628      597      1096     372      423      473      137      0        355      684      1063     
18       577      388      569      463      275      871      363      321      512      464      425      394      766      117      459      272      429      355      0        343      714      
19       491      106      528      806      596      528      597      38       455      168      331      556      423      406      599      495      771      684      343      0        383      
20       743      327      596      1174     977      200      976      395      738      375      630      793      183      748      954      785      1142     1063     714      383      0        
;



Table delta(i,j)                 Distance
         0        1        2        3        4        5        6        7        8        9        10       11       12       13       14       15       16       17       18       19       20       
0        0        191      264      143      254      305      237      232      410      421      84       341      453      449      374      382      302      443      203      260      263      
1        191      0        212      48       435      447      351      405      485      483      142      418      564      634      538      553      244      635      309      143      227      
2        264      212      0        213      502      569      495      363      307      296      285      250      410      591      454      483      38       626      205      90       22       
3        143      48       213      0        388      406      314      361      462      463      98       393      534      587      496      510      249      587      275      162      224      
4        254      435      502      388      0        146      192      236      529      554      297      475      514      313      343      323      537      256      356      513      496      
5        305      447      569      406      146      0        105      372      654      675      307      594      652      455      489      470      607      384      463      556      568      
6        237      351      495      314      192      105      0        369      626      642      218      561      642      502      503      492      534      448      423      471      497      
7        232      405      363      361      236      372      369      0        296      323      316      250      279      233      144      150      388      263      164      413      348      
8        410      485      307      462      529      654      626      296      0        33       481      69       119      435      273      313      301      512      206      397      285      
9        421      483      296      463      554      675      642      323      33       0        489      81       149      468      306      346      286      545      219      386      274      
10       84       142      285      98       297      307      218      316      481      489      0        412      534      527      459      466      323      513      278      253      290      
11       341      418      250      393      475      594      561      250      69       81       412      0        159      419      259      297      250      487      138      338      228      
12       453      564      410      534      514      652      642      279      119      149      534      159      0        351      199      237      410      441      259      496      388      
13       449      634      591      587      313      455      502      233      435      468      527      419      351      0        161      122      613      101      386      646      574      
14       374      538      454      496      343      489      503      144      273      306      459      259      199      161      0        39       471      243      250      521      435      
15       382      553      483      510      323      470      492      150      313      346      466      297      237      122      39       0        501      204      277      545      464      
16       302      244      38       249      537      607      534      388      301      286      323      250      410      613      471      501      0        652      227      112      42       
17       443      635      626      587      256      384      448      263      512      545      513      487      441      101      243      204      652      0        427      669      611      
18       203      309      205      275      356      463      423      164      206      219      278      138      259      386      250      277      227      427      0        270      188      
19       260      143      90       162      513      556      471      413      397      386      253      338      496      646      521      545      112      669      270      0        112      
20       263      227      22       224      496      568      497      348      285      274      290      228      388      574      435      464      42       611      188      112      0        
;

