

sets
i        orders          /0*10/
k        routes          /1*10/
p        positions       /0*10/
;

alias(i,j)
alias(i,h)
alias(i,hh)
alias(i,jj)
alias(k,kk)
                            Parameters

rho(i)	Processing time
/
0	0
1	60
2	41
3	63
4	32
5	87
6	81
7	26
8	46
9	4
10	84
/

gamma(i)	Duedate
/
0	0
1	55
2	18
3	52
4	92
5	62
6	32
7	64
8	43
9	5
10	33
/

sigma(i)	Size
/
0	0
1	2
2	5
3	1
4	1
5	7
6	1
7	1
8	7
9	7
10	6
/

epsilon(i)	Priority
/
0	0
1	3
2	1
3	6
4	5
5	3
6	5
7	6
8	2
9	1
10	7
/

psi	Vehicle Capacity
/ 19 /
;

Table kappa(i,j)                 Setup
         0        1        2        3        4        5        6        7        8        9        10       
0        0        44       32       51       63       75       61       18       29       26       39       
1        44       0        26       8        18       89       17       47       27       70       80       
2        32       26       0        34       42       63       37       45       2        55       58       
3        51       8        34       0        12       97       14       52       35       77       87       
4        63       18       42       12       0        101      7        65       44       89       98       
5        75       89       63       97       101      0        94       94       63       77       60       
6        61       17       37       14       7        94       0        65       39       87       94       
7        18       47       45       52       65       94       65       0        43       33       52       
8        29       27       2        35       44       63       39       43       0        52       56       
9        26       70       55       77       89       77       87       33       52       0        21       
10       39       80       58       87       98       60       94       52       56       21       0        
;



Table delta(i,j)                 Distance
         0        1        2        3        4        5        6        7        8        9        10       
0        0        2790     2610     840      1830     810      960      1350     2580     1260     2100     
1        2790     0        19       84       91       70       64       76       52       97       27       
2        2610     19       0        72       97       67       55       61       66       99       17       
3        840      84       72       0        82       38       21       17       93       67       56       
4        1830     91       97       82       0        45       69       93       51       22       83       
5        810      70       67       38       45       0        24       48       60       36       50       
6        960      64       55       21       69       24       0        25       73       59       38       
7        1350     76       61       17       93       48       25       0        96       81       48       
8        2580     52       66       93       51       60       73       96       0        67       60       
9        1260     97       99       67       22       36       59       81       67       0        83       
10       2100     27       17       56       83       50       38       48       60       83       0        
;

