

sets
i        orders          /0*10/
k        routes          /1*10/
p        positions       /0*10/
;

alias(i,j)
alias(i,h)
alias(i,hh)
alias(i,jj)
alias(k,kk)
                            Parameters

rho(i)	Processing time
/
0	0
1	92
2	83
3	40
4	56
5	99
6	88
7	46
8	80
9	10
10	79
/

gamma(i)	Duedate
/
0	0
1	66
2	85
3	49
4	84
5	18
6	28
7	27
8	60
9	39
10	55
/

sigma(i)	Size
/
0	0
1	7
2	9
3	2
4	5
5	2
6	8
7	7
8	4
9	8
10	4
/

epsilon(i)	Priority
/
0	0
1	7
2	6
3	2
4	2
5	8
6	3
7	7
8	6
9	8
10	9
/

psi	Vehicle Capacity
/ 20 /
;

Table kappa(i,j)                 Setup
         0        1        2        3        4        5        6        7        8        9        10       
0        0        472      247      676      417      364      237      562      452      570      475      
1        472      0        321      730      135      835      708      875      434      581      107      
2        247      321      0        815      342      561      466      792      535      682      378      
3        676      730      815      0        596      879      738      421      299      149      631      
4        417      135      342      596      0        780      642      752      299      447      62       
5        364      835      561      879      780      0        151      576      748      822      839      
6        237      708      466      738      642      151      0        477      597      673      702      
7        562      875      792      421      752      576      477      0        509      462      809      
8        452      434      535      299      299      748      597      509      0        152      340      
9        570      581      682      149      447      822      673      462      152      0        481      
10       475      107      378      631      62       839      702      809      340      481      0        
;



Table delta(i,j)                 Distance
         0        1        2        3        4        5        6        7        8        9        10       
0        0        430      150      590      480      420      390      210      230      330      360      
1        430      0        33       68       79       35       64       53       66       42       79       
2        150      33       0        48       47       46       33       36       34       19       49       
3        590      68       48       0        37       93       27       81       61       29       74       
4        480      79       47       37       0        90       16       65       35       39       43       
5        420      35       46       93       90       0        79       35       63       64       72       
6        390      64       33       27       16       79       0        58       34       23       47       
7        210      53       36       81       65       35       58       0        32       54       37       
8        230      66       34       61       35       63       34       32       0        43       15       
9        330      42       19       29       39       64       23       54       43       0        58       
10       360      79       49       74       43       72       47       37       15       58       0        
;

