

sets
i        orders          /0*40/
k        routes          /1*40/
p        positions       /0*40/
;

alias(i,j)
alias(i,h)
alias(i,hh)
alias(i,jj)
alias(k,kk)
                            Parameters

rho(i)	Processing time
/
0	0
1	11
2	63
3	62
4	58
5	35
6	73
7	57
8	57
9	61
10	80
11	61
12	79
13	56
14	1
15	8
16	49
17	41
18	96
19	55
20	49
21	8
22	54
23	82
24	34
25	57
26	86
27	46
28	91
29	23
30	12
31	94
32	4
33	1
34	68
35	24
36	94
37	98
38	34
39	14
40	87
/

gamma(i)	Duedate
/
0	0
1	47
2	67
3	24
4	21
5	98
6	83
7	97
8	31
9	44
10	85
11	46
12	95
13	47
14	59
15	45
16	52
17	66
18	28
19	6
20	65
21	74
22	70
23	84
24	6
25	34
26	22
27	84
28	61
29	57
30	69
31	77
32	13
33	86
34	18
35	23
36	90
37	74
38	88
39	61
40	39
/

sigma(i)	Size
/
0	0
1	7
2	7
3	8
4	5
5	2
6	4
7	7
8	2
9	4
10	2
11	8
12	1
13	5
14	3
15	2
16	6
17	3
18	6
19	8
20	2
21	5
22	5
23	9
24	3
25	3
26	7
27	3
28	1
29	9
30	9
31	5
32	5
33	5
34	7
35	3
36	9
37	6
38	7
39	6
40	1
/

epsilon(i)	Priority
/
0	0
1	2
2	4
3	9
4	8
5	4
6	4
7	4
8	7
9	3
10	8
11	9
12	7
13	9
14	1
15	9
16	2
17	2
18	1
19	9
20	9
21	1
22	2
23	5
24	7
25	3
26	5
27	6
28	5
29	5
30	7
31	1
32	3
33	9
34	6
35	7
36	6
37	8
38	9
39	3
40	8
/

psi	Vehicle Capacity
/ 39 /
;

Table kappa(i,j)                 Setup
         0        1        2        3        4        5        6        7        8        9        10       11       12       13       14       15       16       17       18       19       20       21       22       23       24       25       26       27       28       29       30       31       32       33       34       35       36       37       38       39       40       
0        0        222      138      156      34       171      210      147      90       296      353      315      132      137      46       46       155      294      239      312      234      120      186      263      190      315      252      359      207      91       170      210      157      355      269      336      332      203      180      143      110      
1        222      0        340      232      228      51       73       207      220      161      132      174      165      255      225      178      279      72       167      168      155      201      141      215      199      205      49       141      201      175      87       182      351      134      144      118      146      24       42       188      209      
2        138      340      0        164      115      289      343      278      127      364      472      382      269      252      172      182      117      413      377      449      372      160      252      294      324      365      358      481      342      229      266      346      23       465      338      458      419      318      303      278      240      
3        156      232      164      0        125      191      268      283      66       205      352      222      251      290      201      164      55       297      338      383      329      42       104      130      315      201      231      367      329      219      144      323      161      334      182      344      268      207      209      273      252      
4        34       228      115      125      0        177      228      180      59       283      361      302      161      172      80       68       121      301      266      334      260      93       169      239      221      297      253      369      238      121      164      239      131      358      256      345      325      208      189      175      143      
5        171      51       289      191      177      0        80       175      171      173      184      189      131      217      177      128      235      124      166      193      154      157      115      202      178      210      86       192      185      132      57       169      301      184      149      168      179      34       17       157      169      
6        210      73       343      268      228      80       0        150      238      234      161      248      113      203      198      164      307      111      93       114      81       231      195      279      131      277      121      160      131      137      136      110      359      181      215      139      217      85       63       132      162      
7        147      207      278      283      180      175      150      0        225      347      311      364      43       55       106      119      297      260      117      205      119      241      263      354      48       381      254      307      66       64       216      77       299      331      322      287      351      204      170      18       38       
8        90       220      127      66       59       171      238      225      0        240      349      259      198      226      136      105      74       291      294      351      286      37       126      184      262      247      233      361      277      161      140      274      133      340      214      338      292      196      187      217      191      
9        296      161      364      205      283      173      234      347      240      0        207      19       303      383      322      269      260      177      328      322      316      204      114      100      351      46       118      228      357      296      134      339      364      171      27       214      74       150      182      329      335      
10       353      132      472      352      361      184      161      311      349      207      0        208      275      365      352      308      404      59       224      166      214      327      250      297      286      252      121      22       280      295      210      258      482      44       207      25       142      154      173      293      323      
11       315      174      382      222      302      189      248      364      259      19       208      0        320      401      341      288      277      183      341      331      329      223      133      111      367      45       128      230      372      313      152      354      382      169      46       216      68       165      197      346      353      
12       132      165      269      251      161      131      113      43       198      303      275      320      0        91       101      94       272      222      108      188      105      209      222      313      64       337      211      273      79       40       173      78       289      292      278      252      308      161      127      26       49       
13       137      255      252      290      172      217      203      55       226      383      365      401      91       0        91       128      293      313      171      260      174      250      289      377      98       413      300      362      114      87       249      130      275      383      357      342      396      249      215      72       47       
14       46       225      172      201      80       177      198      106      136      322      352      341      101      91       0        53       202      294      209      289      207      162      217      300      152      345      262      355      170      63       190      176      193      360      295      332      349      211      182      106      68       
15       46       178      182      164      68       128      164      119      105      269      308      288      94       128      53       0        178      249      197      266      192      123      165      251      157      293      212      314      173      56       137      171      199      312      242      290      297      161      136      111      88       
16       155      279      117      55       121      235      307      297      74       260      404      277      272      293      202      178      0        347      368      421      360      78       159      180      335      254      283      417      351      235      194      348      110      388      238      395      324      255      252      290      263      
17       294      72       413      297      301      124      111      260      291      177      59       183      222      313      294      249      347      0        188      152      177      270      198      256      241      223      69       70       238      239      153      216      423      70       170      47       129      95       113      242      269      
18       239      167      377      338      266      166      93       117      294      328      224      341      108      171      209      197      368      188      0        89       12       297      280      368      74       370      214      215      61       148      222      41       396      255      309      199      307      178      151      107      149      
19       312      168      449      383      334      193      114      205      351      322      166      331      188      260      289      266      421      152      89       0        86       345      306      384      163      368      204      150      149      225      248      130      466      206      309      142      282      189      175      193      234      
20       234      155      372      329      260      154      81       119      286      316      214      329      105      174      207      192      360      177      12       86       0        288      269      357      78       358      202      205      68       144      211      46       391      245      297      189      295      166      140      107      148      
21       120      201      160      42       93       157      231      241      37       204      327      223      209      250      162      123      78       270      297      345      288      0        92       147      273      210      208      340      287      177      116      281      163      314      178      317      259      177      174      231      211      
22       186      141      252      104      169      115      195      263      126      114      250      133      222      289      217      165      159      198      280      306      269      92       0        91       281      129      130      266      290      203      58       278      255      230      87       245      167      117      132      248      243      
23       263      215      294      130      239      202      279      354      184      100      297      111      313      377      300      251      180      256      368      384      357      147      91       0        372      77       187      317      381      293      146      368      289      266      91       299      175      195      217      339      333      
24       190      199      324      315      221      178      131      48       262      351      286      367      64       98       152      157      335      241      74       163      78       273      281      372      0        389      248      280      17       101      228      32       345      311      328      261      346      202      169      46       85       
25       315      205      365      201      297      210      277      381      247      46       252      45       337      413      345      293      254      223      370      368      358      210      129      77       389      0        163      274      396      326      164      379      362      214      61       260      114      192      221      364      366      
26       252      49       358      231      253      86       121      254      233      118      121      128      211      300      262      212      283      69       214      204      202      208      130      187      248      163      0        136      250      217      92       231      366      107      105      115      97       52       85       236      253      
27       359      141      481      367      369      192      160      307      361      228      22       230      273      362      355      314      417      70       215      150      205      340      266      317      280      274      136      0        272      297      223      250      493      66       227      23       165      164      180      290      322      
28       207      201      342      329      238      185      131      66       277      357      280      372      79       114      170      173      351      238      61       149      68       287      290      381      17       396      250      272      0        117      236      22       363      307      334      255      347      206      174      64       103      
29       91       175      229      219      121      132      137      64       161      296      295      313      40       87       63       56       235      239      148      225      144      177      203      293      101      326      217      297      117      0        162      118      248      307      269      274      310      165      133      55       40       
30       170      87       266      144      164      57       136      216      140      134      210      152      173      249      190      137      194      153      222      248      211      116      58       146      228      164      92       223      236      162      0        222      274      199      107      201      162      63       73       199      202      
31       210      182      346      323      239      169      110      77       274      339      258      354      78       130      176      171      348      216      41       130      46       281      278      368      32       379      231      250      22       118      222      0        366      286      317      233      327      188      157      70       111      
32       157      351      23       161      131      301      359      299      133      364      482      382      289      275      193      199      110      423      396      466      391      163      255      289      345      362      366      493      363      248      274      366      0        473      340      469      422      328      315      299      261      
33       355      134      465      334      358      184      181      331      340      171      44       169      292      383      360      312      388      70       255      206      245      314      230      266      311      214      107      66       307      307      199      286      473      0        175      64       102      151      177      312      339      
34       269      144      338      182      256      149      215      322      214      27       207      46       278      357      295      242      238      170      309      309      297      178      87       91       328      61       105      227      334      269      107      317      340      175      0        210      88       130      160      304      309      
35       336      118      458      344      345      168      139      287      338      214      25       216      252      342      332      290      395      47       199      142      189      317      245      299      261      260      115      23       255      274      201      233      469      64       210      0        155      141      156      270      301      
36       332      146      419      268      325      179      217      351      292      74       142      68       308      396      349      297      324      129      307      282      295      259      167      175      346      114      97       165      347      310      162      327      422      102      88       155      0        147      181      333      348      
37       203      24       318      207      208      34       85       204      196      150      154      165      161      249      211      161      255      95       178      189      166      177      117      195      202      192      52       164      206      165      63       188      328      151      130      141      147      0        34       186      201      
38       180      42       303      209      189      17       63       170      187      182      173      197      127      215      182      136      252      113      151      175      140      174      132      217      169      221      85       180      174      133      73       157      315      177      160      156      181      34       0        152      168      
39       143      188      278      273      175      157      132      18       217      329      293      346      26       72       106      111      290      242      107      193      107      231      248      339      46       364      236      290      64       55       199      70       299      312      304      270      333      186      152      0        41       
40       110      209      240      252      143      169      162      38       191      335      323      353      49       47       68       88       263      269      149      234      148      211      243      333      85       366      253      322      103      40       202      111      261      339      309      301      348      201      168      41       0        
;



Table delta(i,j)                 Distance
         0        1        2        3        4        5        6        7        8        9        10       11       12       13       14       15       16       17       18       19       20       21       22       23       24       25       26       27       28       29       30       31       32       33       34       35       36       37       38       39       40       
0        0        9990     13890    21150    16140    21840    9810     12390    18990    9510     14940    6660     6030     22950    29220    13320    13890    23850    5040     4590     19530    19950    21930    14160    7710     19890    25050    22320    24390    25560    18720    8580     28290    11070    16920    11610    4800     17310    18750    23640    12510    
1        9990     0        794      374      869      698      197      497      337      635      420      424      145      606      646      766      635      482      433      364      532      533      604      246      92       534      692      704      506      556      599      226      609      691      533      642      456      602      305      456      741      
2        13890    794      0        1162     145      931      769      616      1091     260      813      456      654      1085     1426     96       513      1234     396      469      1027     1048     1102     885      720      1044     1206     954      1246     1275     935      683      1403     127      894      442      396      766      1088     1250     198      
3        21150    374      1162     0        1243     792      497      741      284      1009     560      751      508      569      273      1125     910      167      782      708      670      655      711      343      461      660      757      785      204      272      809      509      246      1053     754      1001     829      772      199      135      1116     
4        16140    869      145      1243     0        1071     813      751      1142     257      938      577      738      1213     1512     241      657      1329     508      577      1027     1050     1097     989      788      1046     1199     1094     1344     1378     915      788      1478     263      882      397      431      905      1150     1321     151      
5        21840    698      931      792      1071     0        878      332      972      972      278      537      643      284      923      842      423      719      617      583      1230     1231     1303     491      737      1232     1389     25       702      677      1278     499      994      807      1211     1103     878      166      899      928      1029     
6        9810     197      769      497      813      878      0        634      330      559      602      504      246      803      766      765      743      637      480      432      361      368      439      443      141      367      536      886      666      724      404      382      699      690      338      512      381      764      350      534      669      
7        12390    497      616      741      751      332      634      0        825      640      222      206      388      474      954      535      173      741      286      261      995      1002     1073     399      498      1002     1170     353      740      746      1010     271      981      489      945      775      553      169      773      867      698      
8        18990    337      1091     284      1142     972      330      825      0        889      703      760      477      800      501      1078     971      452      761      697      390      373      427      480      381      377      475      971      488      557      540      555      401      1002     492      832      711      907      87       244      999      
9        9510     635      260      1009     257      972      559      640      889      0        785      437      516      1060     1281     313      605      1109     357      407      775      798      848      788      548      794      952      993      1128     1168     676      596      1237     265      637      189      181      808      901      1077     110      
10       14940    420      813      560      938      278      602      222      703      785      0        361      375      276      746      740      393      533      435      377      952      953      1024     227      462      954      1111     284      527      528      1005     232      788      685      938      885      658      212      636      693      862      
11       6660     424      456      751      577      537      504      206      760      437      361      0        283      637      999      393      244      796      80       73       854      865      934      440      388      864      1036     557      804      827      843      243      997      330      780      568      348      376      728      860      504      
12       6030     145      654      508      738      643      246      388      477      516      375      283      0        613      774      622      507      593      287      219      607      614      685      283      110      613      781      653      612      652      636      144      749      547      569      556      346      520      451      599      618      
13       22950    606      1085     569      1213     284      803      474      800      1060     276      637      613      0        653      1008     626      462      712      653      1121     1116     1184     360      674      1118     1257     266      438      403      1205     483      739      957      1139     1151     926      371      717      700      1139     
14       29220    646      1426     273      1512     923      766      954      501      1281     746      999      774      653      0        1383     1128     213      1038     963      886      866      911      564      734      871      932      910      222      250      1042     755      137      1312     993      1274     1102     947      434      257      1387     
15       13320    766      96       1125     241      842      765      535      1078     313      740      393      622      1008     1383     0        421      1185     345      420      1048     1068     1126     832      699      1064     1231     866      1196     1220     971      631      1369     75       925      502      412      679      1067     1221     277      
16       13890    635      513      910      657      423      743      173      971      605      393      244      507      626      1128     421      0        915      299      318      1097     1108     1177     570      618      1106     1278     448      914      920      1087     418      1152     396      1025     769      568      266      927      1033     638      
17       23850    482      1234     167      1329     719      637      741      452      1109     533      796      593      462      213      1185     915      0        841      766      837      822      879      356      574      827      924      708      37       105      972      554      276      1116     915      1124     934      734      366      264      1212     
18       5040     433      396      782      508      617      480      286      761      357      435      80       287      712      1038     345      299      841      0        75       818      831      898      490      381      829      1002     637      852      879      792      287      1027     275      732      490      274      455      739      882      427      
19       4590     364      469      708      577      583      432      261      697      407      377      73       219      653      963      420      318      766      75       0        780      792      860      416      320      790      962      601      777      806      770      213      953      350      707      520      294      427      670      810      487      
20       19530    532      1027     670      1027     1230     361      995      390      775      952      854      607      1121     886      1048     1097     837      818      780      0        27       80       765      500      21       184      1236     873      940      175      741      773      977      160      644      635      1124     471      629      875      
21       19950    533      1048     655      1050     1231     368      1002     373      798      953      865      614      1116     866      1068     1108     822      831      792      27       0        71       762      506      6        170      1237     859      926      202      745      751      997      188      669      655      1128     456      609      899      
22       21930    604      1102     711      1097     1303     439      1073     427      848      1024     934      685      1184     911      1126     1177     879      898      860      80       71       0        832      577      71       105      1308     916      983      209      817      791      1055     218      709      713      1200     512      656      946      
23       14160    246      885      343      989      491      443      399      480      788      227      440      283      360      564      832      570      356      490      416      765      762      832      0        321      764      910      491      364      390      844      202      582      765      779      840      627      438      409      472      884      
24       7710     92       720      461      788      737      141      498      381      548      462      388      110      674      734      699      618      574      381      320      500      506      577      321      0        505      672      745      598      648      543      241      691      624      476      550      368      623      368      533      656      
25       19890    534      1044     660      1046     1232     367      1002     377      794      954      864      613      1118     871      1064     1106     827      829      790      21       6        71       764      505      0        172      1238     863      930      195      745      757      993      182      664      651      1128     460      614      894      
26       25050    692      1206     757      1199     1389     536      1170     475      952      1111     1036     781      1257     932      1231     1278     924      1002     962      184      170      105      910      672      172      0        1393     961      1029     296      909      805      1161     317      808      818      1292     562      685      1048     
27       22320    704      954      785      1094     25       886      353      971      993      284      557      653      266      910      866      448      708      637      601      1236     1237     1308     491      745      1238     1393     0        689      663      1288     509      984      830      1221     1121     895      188      897      921      1051     
28       24390    506      1246     204      1344     702      666      740      488      1128     527      804      612      438      222      1196     914      37       852      777      873      859      916      364      598      863      961      689      0        68       1006     564      301      1127     949      1148     955      724      403      299      1230     
29       25560    556      1275     272      1378     677      724      746      557      1168     528      827      652      403      250      1220     920      105      879      806      940      926      983      390      648      930      1029     663      68       0        1071     592      349      1154     1013     1197     998      715      471      365      1268     
30       18720    599      935      809      915      1278     404      1010     540      676      1005     843      636      1205     1042     971      1087     972      792      770      175      202      209      844      543      195      296      1288     1006     1071     0        779      936      906      66       519      566      1155     614      784      766      
31       8580     226      683      509      788      499      382      271      555      596      232      243      144      483      755      631      418      554      287      213      741      745      817      202      241      745      909      509      564      592      779      0        755      563      712      669      446      382      509      623      687      
32       28290    609      1403     246      1478     994      699      981      401      1237     788      997      749      739      137      1369     1152     276      1027     953      773      751      791      582      691      757      805      984      301      349      936      755      0        1296     891      1211     1056     997      350      164      1346     
33       11070    691      127      1053     263      807      690      489      1002     265      685      330      547      957      1312     75       396      1116     275      350      977      997      1055     765      624      993      1161     830      1127     1154     906      563      1296     0        858      454      343      642      992      1147     255      
34       16920    533      894      754      882      1211     338      945      492      637      938      780      569      1139     993      925      1025     915      732      707      160      188      218      779      476      182      317      1221     949      1013     66       712      891      858      0        491      515      1088     561      737      732      
35       11610    642      442      1001     397      1103     512      775      832      189      885      568      556      1151     1274     502      769      1124     490      520      644      669      709      840      550      664      808      1121     1148     1197     519      669      1211     454      491      0        227      944      862      1047     253      
36       4800     456      396      829      431      878      381      553      711      181      658      348      346      926      1102     412      568      934      274      294      635      655      713      627      368      651      818      895      955      998      566      446      1056     343      515      227      0        721      720      896      290      
37       17310    602      766      772      905      166      764      169      907      808      212      376      520      371      947      679      266      734      455      427      1124     1128     1200     438      623      1128     1292     188      724      715      1155     382      997      642      1088     944      721      0        844      905      863      
38       18750    305      1088     199      1150     899      350      773      87       901      636      728      451      717      434      1067     927      366      739      670      471      456      512      409      368      460      562      897      403      471      614      509      350      992      561      862      720      844      0        186      1011     
39       23640    456      1250     135      1321     928      534      867      244      1077     693      860      599      700      257      1221     1033     264      882      810      629      609      656      472      533      614      685      921      299      365      784      623      164      1147     737      1047     896      905      186      0        1186     
40       12510    741      198      1116     151      1029     669      698      999      110      862      504      618      1139     1387     277      638      1212     427      487      875      899      946      884      656      894      1048     1051     1230     1268     766      687      1346     255      732      253      290      863      1011     1186     0        
;

