

sets
i        orders          /0*40/
k        routes          /1*40/
p        positions       /0*40/
;

alias(i,j)
alias(i,h)
alias(i,hh)
alias(i,jj)
alias(k,kk)
                            Parameters

rho(i)	Processing time
/
0	0
1	9
2	70
3	50
4	42
5	80
6	85
7	10
8	93
9	52
10	27
11	54
12	49
13	71
14	38
15	55
16	62
17	48
18	20
19	14
20	83
21	93
22	5
23	96
24	58
25	99
26	55
27	97
28	73
29	3
30	1
31	40
32	53
33	15
34	45
35	28
36	74
37	31
38	1
39	77
40	16
/

gamma(i)	Duedate
/
0	0
1	60
2	28
3	56
4	2
5	83
6	37
7	42
8	88
9	63
10	42
11	39
12	99
13	15
14	49
15	97
16	66
17	70
18	82
19	84
20	37
21	72
22	31
23	31
24	18
25	68
26	28
27	65
28	51
29	42
30	53
31	19
32	48
33	55
34	32
35	22
36	89
37	57
38	13
39	61
40	54
/

sigma(i)	Size
/
0	0
1	8
2	1
3	1
4	8
5	5
6	7
7	5
8	6
9	1
10	7
11	7
12	3
13	4
14	6
15	9
16	8
17	7
18	1
19	7
20	9
21	6
22	4
23	6
24	6
25	2
26	9
27	1
28	4
29	9
30	5
31	2
32	2
33	7
34	2
35	9
36	2
37	3
38	5
39	7
40	8
/

epsilon(i)	Priority
/
0	0
1	6
2	7
3	4
4	6
5	2
6	8
7	1
8	2
9	3
10	9
11	1
12	3
13	4
14	8
15	4
16	9
17	5
18	9
19	3
20	8
21	2
22	6
23	2
24	2
25	2
26	9
27	6
28	5
29	8
30	6
31	9
32	7
33	3
34	6
35	4
36	6
37	2
38	4
39	6
40	2
/

psi	Vehicle Capacity
/ 18 /
;

Table kappa(i,j)                 Setup
         0        1        2        3        4        5        6        7        8        9        10       11       12       13       14       15       16       17       18       19       20       21       22       23       24       25       26       27       28       29       30       31       32       33       34       35       36       37       38       39       40       
0        0        376      190      64       175      363      36       355      359      90       244      276      157      114      96       61       216      58       170      80       306      100      171      174      73       307      78       180      108      332      281      236      351      51       372      34       44       339      216      443      76       
1        376      0        288      343      299      101      412      54       88       356      158      103      310      266      389      402      237      320      340      391      116      315      279      202      437      81       311      201      348      103      108      141      47       417      34       360      333      369      224      70       303      
2        190      288      0        214      279      328      214      295      318      247      237      192      36       118      270      171      52       172      300      146      282      222      24       139      208      255      190      120      94       301      180      166      246      198      301      204      157      443      263      358      171      
3        64       343      214      0        111      316      91       315      314      33       198      250      188      107      57       124      226      42       107      139      260      38       192      151      136      268      34       164      152      286      259      211      326      115      334      30       61       275      159      407      49       
4        175      299      279      111      0        243      201      257      245      94       141      229      264      161      117      233      271      132      40       245      193      75       255      161      247      218      106      182      245      217      247      199      297      226      280      141      159      170      77       351      121      
5        363      101      328      316      243      0        398      49       14       320      119      141      341      268      350      403      284      305      282      398      56       281      313      206      432      74       288      216      365      30       159      162      137      410      67       339      324      276      167      119      286      
6        36       412      214      91       201      398      0        391      395      110      279      312      179      148      105      55       245      93       190      82       342      129      197      210      48       343      111      215      124      368      316      272      387      31       408      62       79       360      248      479      112      
7        355      54       295      315      257      49       391      0        35       323      119      103      312      251      356      388      248      297      297      380      66       283      282      187      420      47       284      192      343      49       119      133      87       399      24       335      313      315      180      94       279      
8        359      88       318      314      245      14       395      35       0        319      116      129      332      262      351      397      273      301      285      392      54       280      303      199      427      63       285      208      358      28       147      152      122      406      54       337      320      286      169      110      283      
9        90       356      247      33       94       320      110      323      319      0        204      268      221      137      32       151      257      75       80       169      265      41       224      173      157      279      60       189      185      291      279      230      343      137      344      56       94       250      156      417      78       
10       244      158      237      198      141      119      279      119      116      204      0        100      241      155      236      285      203      186      181      283      62       164      217      100      313      77       168      116      255      88       121      87       158      292      141      220      205      241      68       213      167      
11       276      103      192      250      229      141      312      103      129      268      100      0        210      164      300      299      144      222      268      287      107      226      179      101      334      67       216      99       245      118      22       39       76       315      110      263      232      341      164      173      206      
12       157      310      36       188      264      341      179      312      332      221      241      210      0        103      242      135      82       146      281      110      291      200      31       141      172      269      167      126      58       312      202      179      271      162      321      174      128      431      258      381      149      
13       114      266      118      107      161      268      148      251      262      137      155      164      103      0        165      137      119      68       182      129      213      106      94       64       170      204      77       66       101      238      167      125      239      150      266      109      69       328      157      335      59       
14       96       389      270      57       117      350      105      356      351      32       236      300      242      165      0        154      284      99       93       176      296      74       248      205      153      311      90       220      200      322      312      263      375      135      377      68       114      259      185      449      106      
15       61       402      171      124      233      403      55       388      397      151      285      299      135      137      154      0        209      106      230      28       347      158      158      201      37       341      131      200      77       372      300      261      372      28       403      95       81       400      267      472      123      
16       216      237      52       226      271      284      245      248      273      257      203      144      82       119      284      209      0        184      298      187      241      225      52       114      247      210      197      93       136      258      130      123      194      234      252      222      177      425      241      306      178      
17       58       320      172      42       132      305      93       297      301      75       186      222      146      68       99       106      184      0        139      113      248      59       149      121      129      250      26       130      115      274      229      183      298      107      315      42       26       302      161      387      18       
18       170      340      300      107      40       282      190      297      285      80       181      268      281      182      93       230      298      139      0        246      232      81       276      193      238      258      115      213      254      256      284      236      337      218      321      135      164      169      117      391      132      
19       80       391      146      139      245      398      82       380      392      169      283      287      110      129      176      28       187      113      246      0        343      170      135      193      62       333      140      189      52       367      286      250      358      57       394      112      87       414      271      461      129      
20       306      116      282      260      193      56       342      66       54       265      62       107      291      213      296      347      241      248      232      343      0        225      265      153      376      45       231      165      312      26       129      117      134      354      90       283      268      254      115      159      229      
21       100      315      222      38       75       281      129      283      280      41       164      226      200      106      74       158      225      59       81       170      225      0        198      134      173      237      33       150      173      251      238      189      301      151      303      67       84       244      121      376      51       
22       171      279      24       192      255      313      197      282      303      224      217      179      31       94       248      158      52       149      276      135      265      198      0        118      196      240      166      100      83       284      170      150      239      183      290      183      136      419      240      349      148      
23       174      202      139      151      161      206      210      187      199      173      100      101      141      64       205      201      114      121      193      193      153      134      118      0        235      140      117      21       158      176      108      62       177      214      201      162      131      310      126      270      105      
24       73       437      208      136      247      432      48       420      427      157      313      334      172      170      153      37       247      129      238      62       376      173      196      235      0        373      151      235      114      401      335      295      407      22       436      106      108      408      289      505      147      
25       307      81       255      268      218      74       343      47       63       279      77       67       269      204      311      341      210      250      258      333      45       237      240      140      373      0        237      146      297      50       88       89       89       352      66       288      266      297      143      138      231      
26       78       311      190      34       106      288      111      284      285      60       168      216      167      77       90       131      197      26       115      140      231      33       166      117      151      237      0        130      140      257      225      177      292      129      303      51       53       276      138      375      18       
27       180      201      120      164      182      216      215      192      208      189      116      99       126      66       220      200      93       130      213      189      165      150      100      21       235      146      130      0        150      187      101      60       172      216      205      172      136      332      147      271      116      
28       108      348      94       152      245      365      124      343      358      185      255      245      58       101      200      77       136      115      254      52       312      173      83       158      114      297      140      150      0        335      241      210      313      105      354      132      91       415      256      419      124      
29       332      103      301      286      217      30       368      49       28       291      88       118      312      238      322      372      258      274      256      367      26       251      284      176      401      50       257      187      335      0        138      135      129      380      72       309      293      266      140      137      255      
30       281      108      180      259      247      159      316      119      147      279      121      22       202      167      312      300      130      229      284      286      129      238      170      108      335      88       225      101      241      138      0        49       72       317      122      271      237      363      185      178      214      
31       236      141      166      211      199      162      272      133      152      230      87       39       179      125      263      261      123      183      236      250      117      189      150      62       295      89       177      60       210      135      49       0        115      276      144      224      193      326      142      211      166      
32       351      47       246      326      297      137      387      87       122      343      158      76       271      239      375      372      194      298      337      358      134      301      239      177      407      89       292      172      313      129      72       115      0        389      76       339      307      387      226      112      282      
33       51       417      198      115      226      410      31       399      406      137      292      315      162      150      135      28       234      107      218      57       354      151      183      214      22       352      129      216      105      380      317      276      389      0        415      85       86       388      267      485      125      
34       372      34       301      334      280      67       408      24       54       344      141      110      321      266      377      403      252      315      321      394      90       303      290      201      436      66       303      205      354      72       122      144      76       415      0        354      330      338      204      72       297      
35       34       360      204      30       141      339      62       335      337      56       220      263      174      109      68       95       222      42       135      112      283      67       183      162      106      288      51       172      132      309      271      224      339      85       354      0        46       304      186      426      57       
36       44       333      157      61       159      324      79       313      320      94       205      232      128      69       114      81       177      26       164      87       268      84       136      131      108      266      53       136      91       293      237      193      307      86       330      46       0        329      186      400      42       
37       339      369      443      275      170      276      360      315      286      250      241      341      431      328      259      400      425      302      169      414      254      244      419      310      408      297      276      332      415      266      363      326      387      388      338      304      329      0        186      394      291      
38       216      224      263      159      77       167      248      180      169      156      68       164      258      157      185      267      241      161      117      271      115      121      240      126      289      143      138      147      256      140      185      142      226      267      204      186      186      186      0        274      144      
39       443      70       358      407      351      119      479      94       110      417      213      173      381      335      449      472      306      387      391      461      159      376      349      270      505      138      375      271      419      137      178      211      112      485      72       426      400      394      274      0        369      
40       76       303      171      49       121      286      112      279      283      78       167      206      149      59       106      123      178      18       132      129      229      51       148      105      147      231      18       116      124      255      214      166      282      125      297      57       42       291      144      369      0        
;



Table delta(i,j)                 Distance
         0        1        2        3        4        5        6        7        8        9        10       11       12       13       14       15       16       17       18       19       20       21       22       23       24       25       26       27       28       29       30       31       32       33       34       35       36       37       38       39       40       
0        0        16770    7950     23370    7050     9240     32070    31020    7560     16890    37200    30600    30090    18240    25140    32010    11970    10350    5040     20340    9690     27690    33480    28560    19050    39750    35010    26340    37920    9000     26910    36450    11760    31140    11280    29700    41250    18540    13230    28920    36990    
1        16770    0        774      1061     744      252      916      782      788      983      953      1213     870      56       876      1268     578      224      715      703      398      554      877      1009     417      1111     886      528      975      429      1119     1414     902      857      631      732      1103     162      995      1249     1116     
2        7950     774      0        573      31       527      1044     1059     60       313      1264     835      974      827      749      876      371      549      116      628      425      1014     1127     838      714      1308     1193     967      1287     390      709      1017     131      1029     307      1023     1383     790      251      744      1177     
3        23370    1061     573      0        589      889      752      872      629      302      1037     269      694      1116     407      304      486      878      683      451      674      981      896      404      752      989      983      939      1055     651      146      443      531      776      449      862      1107     984      699      192      795      
4        7050     744      31       589      0        497      1036     1045     65       337      1251     848      967      797      747      890      358      519      94       622      401      995      1116     841      694      1300     1180     947      1275     365      722      1033     162      1020     297      1009     1373     763      272      763      1173     
5        9240     252      527      889      497      0        932      845      537      763      1041     1080     874      303      797      1134     407      49       463      618      223      677      937      927      432      1164     969      638      1065     239      972      1283     657      886      440      797      1187     322      742      1082     1121     
6        32070    916      1044     752      1036     932      0        199      1100     958      290      665      69       948      348      706      686      888      1097     415      761      455      162      372      509      264      250      445      305      775      672      791      1095     68       739      231      358      759      1275     835      201      
7        31020    782      1059     872      1045     845      199      0        1110     1031     207      831      211      806      469      877      687      797      1091     461      711      268      95       534      413      329      135      269      231      733      817      975      1131     133      753      50       343      620      1303     984      381      
8        7560     788      60       629      65       537      1100     1110     0        358      1316     892      1031     840      808      932      423      564      85       685      459      1057     1181     898      757      1364     1245     1010     1340     424      766      1072     145      1085     361      1074     1438     815      214      795      1235     
9        16890    983      313      302      337      763      958      1031     358      0        1221     571      891      1040     616      602      434      769      429      570      588      1067     1078     663      787      1214     1158     1020     1242     554      449      732      236      964      364      1008     1315     952      397      444      1043     
10       37200    953      1264     1037     1251     1041     290      207      1316     1221     0        953      343      970      629      993      893      993      1298     655      917      403      143      662      614      207      73       425      24       940      962      1069     1332     260      957      249      149      791      1507     1125     377      
11       30600    1213     835      269      848      1080     665      831      892      571      953      0        624      1265     385      55       675      1060     941      522      858      1006     826      296      844      856      915      971      966      842      126      203      800      710      660      837      989      1108     968      200      639      
12       30090    870      974      694      967      874      69       211      1031     891      343      624      0        906      287      668      617      831      1028     346      697      442      205      328      457      333      294      426      361      710      621      764      1026     86       670      229      424      717      1206     786      248      
13       18240    56       827      1116     797      303      948      806      840      1040     970      1265     906      0        924      1321     634      278      766      753      455      568      901      1056     459      1135     905      546      992      486      1173     1465     957      889      688      757      1120     189      1045     1304     1150     
14       25140    876      749      407      747      797      348      469      808      616      629      385      287      924      0        438      439      765      823      179      583      620      489      132      477      598      576      586      648      581      349      565      777      369      467      466      706      752      960      516      433      
15       32010    1268     876      304      890      1134     706      877      932      602      993      55       668      1321     438      0        727      1114     983      577      911      1057     868      342      899      887      957      1024     1005     895      169      150      834      753      710      884      1022     1163     999      197      668      
16       11970    578      371      486      358      407      686      687      423      434      893      675      617      634      439      727      0        392      411      281      188      657      758      558      362      948      822      609      916      168      564      877      455      665      74       651      1015     523      619      678      839      
17       10350    224      549      878      519      49       888      797      564      769      993      1060     831      278      765      1114     392      0        493      585      204      627      889      896      385      1118     921      588      1016     227      955      1263     678      840      433      749      1138     276      773      1070     1079     
18       5040     715      116      683      94       463      1097     1091     85       429      1298     941      1028     766      823      983      411      493      0        686      412      1019     1166     922      720      1359     1227     972      1322     379      815      1127     230      1076     360      1053     1425     753      279      857      1242     
19       20340    703      628      451      622      618      415      461      685      570      655      522      346      753      179      577      281      585      686      0        406      530      513      311      322      679      589      488      677      407      450      717      682      406      326      438      761      587      861      607      558      
20       9690     398      425      674      401      223      761      711      459      588      917      858      697      455      583      911      188      204      412      406      0        608      796      711      313      1010     844      562      941      36       751      1061     542      724      234      668      1054     372      673      866      937      
21       27690    554      1014     981      995      677      455      268      1057     1067     403      1006     442      568      620      1057     657      627      1019     530      608      0        355      722      300      580      341      47       424      639      962      1175     1111     387      731      225      552      395      1266     1127     648      
22       33480    877      1127     896      1116     937      162      95       1181     1078     143      826      205      901      489      868      758      889      1166     513      796      355      0        531      504      234      89       361      164      816      826      954      1192     120      820      145      259      715      1368     991      309      
23       28560    1009     838      404      841      927      372      534      898      663      662      296      328      1056     132      342      558      896      922      311      711      722      531      0        606      588      620      692      677      707      303      453      849      414      577      542      712      882      1032     463      390      
24       19050    417      714      752      694      432      509      413      757      787      614      844      457      459      477      899      362      385      720      322      313      300      504      606      0        732      541      252      638      342      771      1036     813      457      437      366      756      277      965      923      706      
25       39750    1111     1308     989      1300     1164     264      329      1364     1214     207      856      333      1135     598      887      948      1118     1359     679      1010     580      234      588      732      0        245      592      199      1027     890      939      1358     286      1003     379      142      949      1539     1044     221      
26       35010    886      1193     983      1180     969      250      135      1245     1158     73       915      294      905      576      957      822      921      1227     589      844      341      89       620      541      245      0        359      97       867      915      1041     1264     208      887      176      218      724      1437     1080     375      
27       26340    528      967      939      947      638      445      269      1010     1020     425      971      426      546      586      1024     609      588      972      488      562      47       361      692      252      592      359      0        447      593      924      1144     1063     378      683      223      575      366      1218     1088     643      
28       37920    975      1287     1055     1275     1065     305      231      1340     1242     24       966      361      992      648      1005     916      1016     1322     677      941      424      164      677      638      199      97       447      0        964      978      1079     1355     280      980      273      128      814      1530     1141     380      
29       9000     429      390      651      365      239      775      733      424      554      940      842      710      486      581      895      168      227      379      407      36       639      816      707      342      1027     867      593      964      0        732      1045     506      741      205      691      1075     408      638      843      947      
30       26910    1119     709      146      722      972      672      817      766      449      962      126      621      1173     349      169      564      955      815      450      751      962      826      303      771      890      915      924      978      732      0        318      675      707      543      815      1016     1024     846      167      684      
31       36450    1414     1017     443      1033     1283     791      975      1072     732      1069     203      764      1465     565      150      877      1263     1127     717      1061     1175     954      453      1036     939      1041     1144     1079     1045     318      0        967      846      861      988      1079     1305     1125     295      717      
32       11760    902      131      531      162      657      1095     1131     145      236      1332     800      1026     957      777      834      455      678      230      682      542      1111     1192     849      813      1358     1264     1063     1355     506      675      967      0        1088     383      1099     1444     911      183      681      1210     
33       31140    857      1029     776      1020     886      68       133      1085     964      260      710      86       889      369      753      665      840      1076     406      724      387      120      414      457      286      208      378      280      741      707      846      1088     0        723      163      355      699      1266     872      265      
34       11280    631      307      449      297      440      739      753      361      364      957      660      670      688      467      710      74       433      360      326      234      731      820      577      437      1003     887      683      980      205      543      861      383      723      0        719      1076     588      550      642      882      
35       29700    732      1023     862      1009     797      231      50       1074     1008     249      837      229      757      466      884      651      749      1053     438      668      225      145      542      366      379      176      223      273      691      815      988      1099     163      719      0        390      570      1270     982      422      
36       41250    1103     1383     1107     1373     1187     358      343      1438     1315     149      989      424      1120     706      1022     1015     1138     1425     761      1054     552      259      712      756      142      218      575      128      1075     1016     1079     1444     355      1076     390      0        941      1622     1173     362      
37       18540    162      790      984      763      322      759      620      815      952      791      1108     717      189      752      1163     523      276      753      587      372      395      715      882      277      949      724      366      814      408      1024     1305     911      699      588      570      941      0        1029     1166     960      
38       13230    995      251      699      272      742      1275     1303     214      397      1507     968      1206     1045     960      999      619      773      279      861      673      1266     1368     1032     965      1539     1437     1218     1530     638      846      1125     183      1266     550      1270     1622     1029     0        833      1393     
39       28920    1249     744      192      763      1082     835      984      795      444      1125     200      786      1304     516      197      678      1070     857      607      866      1127     991      463      923      1044     1080     1088     1141     843      167      295      681      872      642      982      1173     1166     833      0        832      
40       36990    1116     1177     795      1173     1121     201      381      1235     1043     377      639      248      1150     433      668      839      1079     1242     558      937      648      309      390      706      221      375      643      380      947      684      717      1210     265      882      422      362      960      1393     832      0        
;

