

sets
i        orders          /0*10/
k        routes          /1*10/
p        positions       /0*10/
;

alias(i,j)
alias(i,h)
alias(i,hh)
alias(i,jj)
alias(k,kk)
                            Parameters

rho(i)	Processing time
/
0	0
1	9
2	46
3	1
4	58
5	20
6	32
7	19
8	69
9	77
10	6
/

gamma(i)	Duedate
/
0	0
1	46
2	98
3	54
4	1
5	68
6	12
7	1
8	57
9	31
10	65
/

sigma(i)	Size
/
0	0
1	9
2	9
3	6
4	9
5	2
6	9
7	3
8	7
9	7
10	2
/

epsilon(i)	Priority
/
0	0
1	3
2	9
3	2
4	1
5	8
6	2
7	2
8	2
9	6
10	5
/

psi	Vehicle Capacity
/ 29 /
;

Table kappa(i,j)                 Setup
         0        1        2        3        4        5        6        7        8        9        10       
0        0        591      438      247      329      396      232      431      89       170      420      
1        591      0        281      347      318      450      369      181      567      421      315      
2        438      281      0        268      110      516      220      271      457      289      413      
3        247      347      268      0        170      272      83       184      222      85       218      
4        329      318      110      170      0        435      110      238      347      179      352      
5        396      450      516      272      435      0        354      284      313      324      135      
6        232      369      220      83       110      354      0        234      238      69       299      
7        431      181      271      184      238      284      234      0        394      268      156      
8        89       567      457      222      347      313      238      394      0        169      355      
9        170      421      289      85       179      324      69       268      169      0        296      
10       420      315      413      218      352      135      299      156      355      296      0        
;



Table delta(i,j)                 Distance
         0        1        2        3        4        5        6        7        8        9        10       
0        0        2670     1560     600      1170     2850     2340     1800     1470     2970     390      
1        2670     0        54       109      51       37       71       35       41       10       75       
2        1560     54       0        69       38       80       90       19       21       64       41       
3        600      109      69       0        60       115      95       79       68       119      33       
4        1170     51       38       60       0        57       53       32       19       60       27       
5        2850     37       80       115      57       0        44       62       61       36       84       
6        2340     71       90       95       53       44       0        78       69       75       72       
7        1800     35       19       79       32       62       78       0        13       45       47       
8        1470     41       21       68       19       61       69       13       0        52       35       
9        2970     10       64       119      60       36       75       45       52       0        85       
10       390      75       41       33       27       84       72       47       35       85       0        
;

