
sets
i        orders          /0*20/
k        routes          /1*20/
p        positions       /0*20/
;

alias(i,j)
alias(i,h)
alias(i,hh)
alias(i,jj)
alias(k,kk)
                
                    Parameters

rho(i)	Processing time
/
0	0
1	74
2	73
3	71
4	94
5	81
6	89
7	94
8	4
9	86
10	78
11	55
12	93
13	77
14	94
15	1
16	76
17	77
18	38
19	7
20	2
/

gamma(i)	Duedate
/
0	0
1	9
2	20
3	64
4	28
5	74
6	59
7	77
8	77
9	35
10	51
11	95
12	12
13	45
14	86
15	55
16	51
17	30
18	2
19	81
20	66
/

sigma(i)	Size
/
0	0
1	2
2	1
3	3
4	7
5	7
6	1
7	3
8	8
9	4
10	3
11	3
12	7
13	1
14	6
15	6
16	9
17	3
18	9
19	9
20	4
/

epsilon(i)	Priority
/
0	0
1	9
2	3
3	9
4	2
5	9
6	9
7	4
8	9
9	7
10	7
11	9
12	9
13	3
14	5
15	4
16	4
17	1
18	7
19	6
20	9
/

psi	Vehicle Capacity
/ 35 /
;

Table kappa(i,j)                 Setup
         0        1        2        3        4        5        6        7        8        9        10       11       12       13       14       15       16       17       18       19       20       
0        0        319      211      336      299      273      141      49       192      210      294      228      66       110      170      183      322      226      218      278      156      
1        319      0        301      57       277      48       261      284      348      137      140      387      256      246      198      203      125      92       275      118      202      
2        211      301      0        349      441      257      78       167      387      283      368      428      213      264      290      307      380      244      379      341      120      
3        336      57       349      0        238      92       301      309      332      133      100      369      271      249      192      192      75       116      252      86       241      
4        299      277      441      238      0        271      366      308      160      173      138      174      248      193      151      134      165      236      84       158      324      
5        273      48       257      92       271      0        214      237      320      111      145      362      212      209      169      177      141      52       255      118      154      
6        141      261      78       301      366      214      0        93       309      215      303      350      135      186      215      231      320      188      301      278      60       
7        49       284      167      309      308      237      93       0        223      191      280      263      59       115      165      180      304      194      232      260      108      
8        192      348      387      332      160      320      309      223      0        211      244      44       174      130      151      144      278      269      87       247      291      
9        210      137      283      133      173      111      215      191      211      0        90       252      144      116      61       66       113      65       145      68       163      
10       294      140      368      100      138      145      303      280      244      90       0        277      229      190      127      119      33       127      159      28       248      
11       228      387      428      369      174      362      350      263      44       252      277      0        216      174      193      185      310      312      117      282      335      
12       66       256      213      271      248      212      135      59       174      144      229      216      0        55       108      122      256      163      173      211      123      
13       110      246      264      249      193      209      186      115      130      116      190      174      55       0        63       73       220      157      117      178      161      
14       170      198      290      192      151      169      215      165      151      61       127      193      108      63       0        16       157      119      97       116      174      
15       183      203      307      192      134      177      231      180      144      66       119      185      122      73       16       0        151      128      83       111      191      
16       322      125      380      75       165      141      320      304      278      113      33       310      256      220      157      151      0        135      192      44       262      
17       226      92       244      116      236      52       188      194      269      65       127      312      163      157      119      128      135      0        209      99       129      
18       218      275      379      252      84       255      301      232      87       145      159      117      173      117      97       83       192      209      0        166      268      
19       278      118      341      86       158      118      278      260      247      68       28       282      211      178      116      111      44       99       166      0        222      
20       156      202      120      241      324      154      60       108      291      163      248      335      123      161      174      191      262      129      268      222      0        
;



Table delta(i,j)                 Distance
         0        1        2        3        4        5        6        7        8        9        10       11       12       13       14       15       16       17       18       19       20       
0        0        2760     3280     980      3340     3360     1580     1620     3040     2280     1680     1060     2840     3840     1640     1820     1100     1260     2540     3020     2260     
1        2760     0        32       172      78       86       194      220      141      170      172      128      114      105      147      149      102      123      65       147      49       
2        3280     32       0        192      58       67       211      245      135      176      185      145      107      81       158      159      133      155      63       142      81       
3        980      172      192      0        181      179      29       68       141      84       46       50       140      202      61       69       104      112      143      137      157      
4        3340     78       58       181      0        9        193      243      84       141      160      131      60       29       132      129      155      180      40       93       122      
5        3360     86       67       179      9        0        190      243      76       135      157      130      53       24       128      125      159      184      41       85       129      
6        1580     194      211      29       193      190      0        78       140      73       36       66       145      210      62       67       133      142      157      134      183      
7        1620     220      245      68       243      243      78       0        209      149      110      114      207      266      129      137      128      123      204      205      192      
8        3040     141      135      141      84       76       140      209      0        71       104      100      27       85       80       73       169      193      76       9        169      
9        2280     170      176      84       141      135      73       149      71       0        38       64       83       151      32       24       152      171      114      63       179      
10       1680     172      185      46       160      157      36       110      104      38       0        46       109      176      28       32       130      145      126      98       170      
11       1060     128      145      50       131      130      66       114      100      64       46       0        93       152      32       40       87       106      93       98       123      
12       2840     114      107      140      60       53       145      207      27       83       109      93       0        68       82       77       150      175      48       34       144      
13       3840     105      81       202      29       24       210      266      85       151      176      152      68       0        148      144      183      208      66       95       151      
14       1640     147      158      61       132      128      62       129      80       32       28       32       82       148      0        9        120      138      98       76       150      
15       1820     149      159      69       129      125      67       137      73       24       32       40       77       144      9        0        127      146      98       68       155      
16       1100     102      133      104      155      159      133      128      169      152      130      87       150      183      120      127      0        25       118      170      64       
17       1260     123      155      112      180      184      142      123      193      171      145      106      175      208      138      146      25       0        143      194      80       
18       2540     65       63       143      40       41       157      204      76       114      126      93       48       66       98       98       118      143      0        82       98       
19       3020     147      142      137      93       85       134      205      9        63       98       98       34       95       76       68       170      194      82       0        173      
20       2260     49       81       157      122      129      183      192      169      179      170      123      144      151      150      155      64       80       98       173      0        
;

