
sets
i        orders          /0*20/
k        routes          /1*20/
p        positions       /0*20/
;

alias(i,j)
alias(i,h)
alias(i,hh)
alias(i,jj)
alias(k,kk)
                
                    Parameters

rho(i)	Processing time
/
0	0
1	7
2	55
3	65
4	42
5	33
6	11
7	92
8	74
9	81
10	38
11	12
12	27
13	22
14	14
15	47
16	11
17	32
18	55
19	79
20	78
/

gamma(i)	Duedate
/
0	0
1	1
2	78
3	91
4	5
5	47
6	50
7	12
8	23
9	46
10	46
11	71
12	18
13	78
14	17
15	27
16	11
17	75
18	72
19	71
20	1
/

sigma(i)	Size
/
0	0
1	2
2	4
3	2
4	9
5	3
6	7
7	9
8	9
9	8
10	3
11	5
12	9
13	8
14	1
15	6
16	2
17	8
18	8
19	2
20	1
/

epsilon(i)	Priority
/
0	0
1	5
2	3
3	5
4	3
5	8
6	4
7	9
8	4
9	1
10	2
11	8
12	9
13	6
14	7
15	8
16	2
17	9
18	6
19	5
20	5
/

psi	Vehicle Capacity
/ 38 /
;

Table kappa(i,j)                 Setup
         0        1        2        3        4        5        6        7        8        9        10       11       12       13       14       15       16       17       18       19       20       
0        0        422      126      312      289      198      304      283      376      402      286      288      311      136      304      231      116      342      346      327      189      
1        422      0        296      335      266      224      336      158      103      113      280      277      221      292      244      352      354      314      223      264      240      
2        126      296      0        263      197      72       256      158      258      286      199      200      220      22       221      202      89       281      241      233      65       
3        312      335      263      0        426      251      8        316      233      237      434      433      114      282      91       83       350      40       439      453      282      
4        289      266      197      426      0        176      421      130      301      330      13       10       341      175      354      385      174      431      68       38       148      
5        198      224      72       251      176      0        246      95       191      220      183      182      178      70       186      211      143      259      201      206      34       
6        304      336      256      8        421      246      0        313      235      239      429      428      114      276      92       75       343      47       435      449      277      
7        283      158      158      316      130      95       313      0        172      201      142      139      218      147      234      293      199      313      123      145      94       
8        376      103      258      233      301      191      235      172      0        30       313      311      121      261      144      260      335      210      278      311      219      
9        402      113      286      237      330      220      239      201      30       0        342      340      129      290      151      272      364      209      305      339      249      
10       286      280      199      434      13       183      429      142      313      342      0        3        350      178      363      391      171      439      79       42       153      
11       288      277      200      433      10       182      428      139      311      340      3        0        349      178      362      391      173      438      75       40       153      
12       311      221      220      114      341      178      114      218      121      129      350      349      0        233      23       144      309      98       341      362      212      
13       136      292      22       282      175      70       276      147      261      290      178      178      233      0        236      224      76       299      221      212      53       
14       304      244      221      91       354      186      92       234      144      151      363      362      23       236      0        123      310      79       358      377      220      
15       231      352      202      83       385      211      75       293      260      272      391      391      144      224      123      0        283      120      410      416      237      
16       116      354      89       350      174      143      343      199      335      364      171      173      309      76       310      283      0        370      236      212      116      
17       342      314      281      40       431      259      47       313      210      209      439      438      98       299      79       120      370      0        437      455      292      
18       346      223      241      439      68       201      435      123      278      305      79       75       341      221      358      410      236      437      0        44       181      
19       327      264      233      453      38       206      449      145      311      339      42       40       362      212      377      416      212      455      44       0        180      
20       189      240      65       282      148      34       277      94       219      249      153      153      212      53       220      237      116      292      181      180      0        
;



Table delta(i,j)                 Distance
         0        1        2        3        4        5        6        7        8        9        10       11       12       13       14       15       16       17       18       19       20       
0        0        1460     2080     3540     920      3420     2280     3060     1160     3820     680      2400     3940     3100     2280     1280     2160     220      2540     2480     3580     
1        1460     0        69       143      64       113      145      192      88       190      40       51       155      180      120      100      129      63       68       140      139      
2        2080     69       0        76       122      73       105      151      72       123      77       58       94       129      65       82       85       93       40       88       76       
3        3540     143      76       0        198      65       132      166      132      86       153      111      26       133      88       137      113      167      83       104      14       
4        920      64       122      198      0        177      158      199      99       227      46       115      214      198      151      107      149      47       131      165      197      
5        3420     113      73       65       177      0        169      212      145      149      140      66       58       183      124      155      149      160      46       146      51       
6        2280     145      105      132      158      169      0        48       59       94       118      160      158      41       45       50       20       111      145      28       143      
7        3060     192      151      166      199      212      48       0        105      104      163      208      192      35       88       94       67       152      192      66       179      
8        1160     88       72       132      99       145      59       105      0        133      59       115      155      99       56       12       49       53       108      66       137      
9        3820     190      123      86       227      149      94       104      133      0        181      178      107      69       77       131      88       184      152      70       101      
10       680      40       77       153      46       140      118      163      59       181      0        86       171      157      105      69       106      23       94       121      153      
11       2400     51       58       111      115      66       160      208      115      178      86       0        116      187      123      127      141      109      27       146      103      
12       3940     155      94       26       214      58       158      192      155      107      171      116      0        159      114      162      140      187      90       130      18       
13       3100     180      129      133      198      183      41       35       99       69       157      187      159      0        64       91       50       151      168      41       147      
14       2280     120      65       88       151      124      45       88       56       77       105      123      114      64       0        56       25       107      104      23       98       
15       1280     100      82       137      107      155      50       94       12       131      69       127      162      91       56       0        44       60       119      61       144      
16       2160     129      85       113      149      149      20       67       49       88       106      141      140      50       25       44       0        103      125      17       124      
17       220      63       93       167      47       160      111      152      53       184      23       109      187      151      107      60       103      0        115      119      169      
18       2540     68       40       83       131      46       145      192      108      152      94       27       90       168      104      119      125      115      0        127      76       
19       2480     140      88       104      165      146      28       66       66       70       121      146      130      41       23       61       17       119      127      0        116      
20       3580     139      76       14       197      51       143      179      137      101      153      103      18       147      98       144      124      169      76       116      0        
;

