

sets
i        orders          /0*10/
k        routes          /1*10/
p        positions       /0*10/
;

alias(i,j)
alias(i,h)
alias(i,hh)
alias(i,jj)
alias(k,kk)
                            Parameters

rho(i)	Processing time
/
0	0
1	74
2	13
3	52
4	30
5	85
6	76
7	72
8	62
9	48
10	29
/

gamma(i)	Duedate
/
0	0
1	75
2	40
3	6
4	45
5	22
6	88
7	53
8	84
9	35
10	95
/

sigma(i)	Size
/
0	0
1	4
2	6
3	1
4	5
5	8
6	3
7	5
8	9
9	9
10	6
/

epsilon(i)	Priority
/
0	0
1	9
2	2
3	1
4	8
5	9
6	9
7	1
8	1
9	6
10	8
/

psi	Vehicle Capacity
/ 37 /
;

Table kappa(i,j)                 Setup
         0        1        2        3        4        5        6        7        8        9        10       
0        0        44       93       8        19       77       92       88       39       56       45       
1        44       0        95       43       40       39       63       91       8        11       47       
2        93       95       0        85       74       82       67       5        99       98       50       
3        8        43       85       0        11       72       86       80       38       54       37       
4        19       40       74       11       0        63       75       69       38       50       25       
5        77       39       82       72       63       0        27       80       48       31       52       
6        92       63       67       86       75       27       0        66       71       57       55       
7        88       91       5        80       69       80       66       0        95       94       46       
8        39       8        99       38       38       48       71       95       0        19       49       
9        56       11       98       54       50       31       57       94       19       0        53       
10       45       47       50       37       25       52       55       46       49       53       0        
;



Table delta(i,j)                 Distance
         0        1        2        3        4        5        6        7        8        9        10       
0        0        4        88       91       67       69       61       37       103      79       56       
1        4        0        92       95       69       73       62       40       106      79       55       
2        88       92       0        3        69       20       73       56       43       95       101      
3        91       95       3        0        70       23       74       59       41       96       103      
4        67       69       69       70       0        51       8        38       52       26       40       
5        69       73       20       23       51       0        54       36       42       77       81       
6        61       62       73       74       8        54       0        35       60       24       32       
7        37       40       56       59       38       36       35       0        66       59       50       
8        103      106      43       41       52       42       60       66       0        73       92       
9        79       79       95       96       26       77       24       59       73       0        31       
10       56       55       101      103      40       81       32       50       92       31       0        
;

