

sets
i        orders          /0*10/
k        routes          /1*10/
p        positions       /0*10/
;

alias(i,j)
alias(i,h)
alias(i,hh)
alias(i,jj)
alias(k,kk)
                            Parameters

rho(i)	Processing time
/
0	0
1	66
2	66
3	83
4	22
5	86
6	73
7	57
8	19
9	82
10	65
/

gamma(i)	Duedate
/
0	0
1	72
2	20
3	49
4	32
5	55
6	92
7	10
8	20
9	74
10	62
/

sigma(i)	Size
/
0	0
1	7
2	2
3	8
4	8
5	2
6	4
7	6
8	5
9	2
10	8
/

epsilon(i)	Priority
/
0	0
1	7
2	3
3	8
4	8
5	7
6	6
7	8
8	6
9	6
10	2
/

psi	Vehicle Capacity
/ 66 /
;

Table kappa(i,j)                 Setup
         0        1        2        3        4        5        6        7        8        9        10       
0        0        14       61       60       55       26       43       53       63       26       56       
1        14       0        63       72       63       40       57       67       77       15       69       
2        61       63       0        109      25       55       68       70       93       78       95       
3        60       72       109      0        91       53       46       51       33       74       20       
4        55       63       25       91       0        39       46       46       71       78       74       
5        26       40       55       53       39       0        18       26       43       53       40       
6        43       57       68       46       46       18       0        10       26       68       28       
7        53       67       70       51       46       26       10       0        24       78       31       
8        63       77       93       33       71       43       26       24       0        85       14       
9        26       15       78       74       78       53       68       78       85       0        75       
10       56       69       95       20       74       40       28       31       14       75       0        
;



Table delta(i,j)                 Distance
         0        1        2        3        4        5        6        7        8        9        10       
0        0        94       46       64       66       34       86       11       94       70       82       
1        94       0        69       118      84       106      58       90       54       78       18       
2        46       69       0        49       25       76       41       50       50       26       67       
3        64       118      49       0        38       97       74       75       84       46       116      
4        66       84       25       38       0        99       36       73       46       8        86       
5        34       106      76       97       99       0        113      25       120      102      90       
6        86       58       41       74       36       113      0        89       10       27       67       
7        11       90       50       75       73       25       89       0        96       76       76       
8        94       54       50       84       46       120      10       96       0        37       65       
9        70       78       26       46       8        102      27       76       37       0        81       
10       82       18       67       116      86       90       67       76       65       81       0        
;

