

sets
i        orders          /0*40/
k        routes          /1*40/
p        positions       /0*40/
;

alias(i,j)
alias(i,h)
alias(i,hh)
alias(i,jj)
alias(k,kk)
                            Parameters

rho(i)	Processing time
/
0	0
1	93
2	35
3	35
4	57
5	85
6	92
7	46
8	11
9	27
10	64
11	88
12	22
13	30
14	19
15	21
16	5
17	88
18	32
19	23
20	57
21	9
22	77
23	13
24	86
25	65
26	79
27	73
28	33
29	51
30	6
31	97
32	3
33	19
34	7
35	4
36	4
37	67
38	22
39	5
40	63
/

gamma(i)	Duedate
/
0	0
1	7
2	97
3	10
4	3
5	36
6	23
7	22
8	38
9	55
10	48
11	54
12	50
13	23
14	98
15	20
16	17
17	40
18	18
19	82
20	94
21	27
22	22
23	39
24	53
25	82
26	13
27	52
28	98
29	58
30	81
31	49
32	74
33	84
34	46
35	34
36	22
37	27
38	22
39	88
40	19
/

sigma(i)	Size
/
0	0
1	3
2	9
3	6
4	8
5	7
6	6
7	1
8	5
9	2
10	8
11	8
12	1
13	1
14	9
15	9
16	2
17	9
18	4
19	8
20	9
21	2
22	1
23	5
24	6
25	9
26	1
27	2
28	3
29	3
30	1
31	2
32	1
33	8
34	8
35	4
36	2
37	4
38	8
39	2
40	5
/

epsilon(i)	Priority
/
0	0
1	5
2	4
3	3
4	9
5	7
6	7
7	7
8	5
9	3
10	8
11	5
12	1
13	8
14	6
15	6
16	2
17	3
18	4
19	3
20	2
21	8
22	6
23	4
24	3
25	1
26	6
27	6
28	1
29	6
30	8
31	8
32	5
33	2
34	3
35	1
36	4
37	9
38	2
39	4
40	6
/

psi	Vehicle Capacity
/ 59 /
;

Table kappa(i,j)                 Setup
         0        1        2        3        4        5        6        7        8        9        10       11       12       13       14       15       16       17       18       19       20       21       22       23       24       25       26       27       28       29       30       31       32       33       34       35       36       37       38       39       40       
0        0        258      1017     564      212      930      1476     741      204      685      1239     998      1099     1073     810      1136     531      1245     882      1385     583      973      1463     712      1146     904      1161     687      1400     807      1499     629      1040     971      575      1284     601      944      1025     1268     737      
1        258      0        1271     822      287      966      1723     704      425      427      1491     1239     1317     1193     552      1319     565      1328     807      1630     817      1061     1716     917      1370     1158     1297     698      1658     889      1620     445      1058     1000     692      1536     381      1188     1283     1459     993      
2        1017     1271     0        461      1051     1226     793      1532     856      1695     226      624      447      989      1815     1104     1098     1226     1488     755      498      1398     681      555      835      409      955      1412     422      1320     1228     1515     1632     1266     1136     267      1609     187      264      713      421      
3        564      822      461      0        636      1041     988      1098     431      1249     687      578      677      959      1372     933      780      1191     1195     910      248      1060     941      441      785      400      987      988      836      947      1322     1119     1254     1086     730      728      1149     435      473      918      236      
4        212      287      1051     636      0        728      1605     925      205      664      1262     1145     1043     913      775      1331     324      1064     673      1519     567      1185     1573     640      1312     1018     1013     886      1459     1019     1341     483      1243     767      788      1309     667      944      1110     1174     847      
5        930      966      1226     1041     728      0        1979     1651     795      1165     1352     1618     931      399      1219     1939     405      400      395      1916     810      1892     1893     675      1826     1421     527      1614     1631     1731     744      764      1969     45       1492     1401     1300     1045     1417     877      1273     
6        1476     1723     793      988      1605     1979     0        1649     1402     2134     801      491      1229     1780     2263     767      1766     2019     2180     99       1178     1276     161      1307     463      589      1749     1513     557      1299     2012     2087     1560     2022     1246     779      1959     979      563      1481     759      
7        741      704      1532     1098     925      1651     1649     0        930      827      1754     1183     1756     1814     925      985      1245     1985     1510     1550     1241     512      1708     1411     1198     1235     1898     136      1813     385      2239     1105     379      1689     417      1788     553      1534     1417     1964     1128     
8        204      425      856      431      205      795      1402     930      0        841      1072     949      899      887      959      1174     429      1074     830      1317     391      1099     1368     508      1126     814      967      862      1258     943      1309     689      1202     839      702      1118     794      763      905      1064     643      
9        685      427      1695     1249     664      1165     2134     827      841      0        1913     1645     1706     1478     128      1659     828      1561     869      2040     1227     1300     2136     1301     1757     1580     1596     889      2085     1139     1889     414      1205     1187     1001     1959     274      1603     1710     1817     1417     
10       1239     1491     226      687      1262     1352     801      1754     1072     1913     0        769      462      1063     2031     1256     1277     1289     1649     790      697      1596     659      711      959      581      1003     1632     294      1528     1227     1715     1839     1389     1353     50       1834     329      398      690      632      
11       998      1239     624      578      1145     1618     491      1183     949      1645     769      0        1054     1497     1774     487      1346     1736     1762     394      812      882      525      983      221      225      1499     1048     692      863      1809     1620     1155     1663     770      777      1468     763      373      1323     345      
12       1099     1317     447      677      1043     931      1229     1756     899      1706     462      1054     0        606      1810     1517     952      827      1270     1198     521      1732     1101     404      1272     829      540      1655     757      1624     783      1429     1931     963      1407     505      1692     291      711      268      778      
13       1073     1193     989      959      913      399      1780     1814     887      1478     1063     1497     606      0        1551     1893     651      240      792      1732     711      1956     1670     520      1718     1279     129      1750     1355     1811     428      1106     2086     413      1571     1108     1562     802      1224     491      1162     
14       810      552      1815     1372     775      1219     2263     925      959      128      2031     1774     1810     1551     0        1783     909      1618     894      2168     1342     1411     2264     1406     1885     1708     1673     998      2209     1253     1954     455      1300     1237     1124     2078     375      1718     1835     1911     1544     
15       1136     1319     1104     933      1331     1939     767      985      1174     1659     1256     487      1517     1893     1783     0        1603     2124     2000     680      1181     530      882      1373     327      695      1915     858      1155     602      2242     1753     813      1984     659      1264     1425     1226     860      1784     748      
16       531      565      1098     780      324      405      1766     1245     429      828      1277     1346     952      651      909      1603     0        764      416      1690     607      1503     1707     572      1537     1180     768      1210     1520     1338     1070     484      1567     444      1103     1327     919      947      1226     1011     1015     
17       1245     1328     1226     1191     1064     400      2019     1985     1074     1561     1289     1736     827      240      1618     2124     764      0        776      1972     943      2163     1906     755      1956     1519     289      1931     1583     2013     352      1163     2276     387      1771     1332     1681     1040     1463     663      1399     
18       882      807      1488     1195     673      395      2180     1510     830      869      1649     1762     1270     792      894      2000     416      776      0        2105     1011     1845     2117     939      1950     1596     921      1505     1908     1675     1128     456      1865     393      1453     1699     1062     1324     1635     1256     1431     
19       1385     1630     755      910      1519     1916     99       1550     1317     2040     790      394      1198     1732     2168     680      1690     1972     2105     0        1110     1182     210      1249     367      509      1708     1414     573      1202     1982     2000     1466     1960     1146     773      1862     936      509      1456     677      
20       583      817      498      248      567      810      1178     1241     391      1227     697      812      521      711      1342     1181     607      943      1011     1110     0        1277     1107     198      1026     611      744      1147     918      1149     1084     1019     1445     854      917      746      1183     376      625      725      467      
21       973      1061     1398     1060     1185     1892     1276     512      1099     1300     1596     882      1732     1956     1411     530      1503     2163     1845     1182     1277     0        1370     1472     814      1018     2011     414      1572     171      2355     1503     284      1935     399      1617     1036     1462     1208     1979     979      
22       1463     1716     681      941      1573     1893     161      1708     1368     2136     659      525      1101     1670     2264     882      1707     1906     2117     210      1107     1370     0        1218     561      558      1631     1572     400      1376     1881     2057     1652     1935     1296     632      1977     868      482      1346     728      
23       712      917      555      441      640      675      1307     1411     508      1301     711      983      404      520      1406     1373     572      755      939      1249     198      1472     1218     0        1202     770      546      1324     971      1341     886      1035     1633     716      1106     761      1295     385      744      557      643      
24       1146     1370     835      785      1312     1826     463      1198     1126     1757     959      221      1272     1718     1885     327      1537     1956     1950     367      1026     814      561      1202     0        446      1721     1063     832      839      2031     1775     1098     1871     809      960      1555     982      575      1541     559      
25       904      1158     409      400      1018     1421     589      1235     814      1580     581      225      829      1279     1708     695      1180     1519     1596     509      611      1018     558      770      446      0        1276     1104     578      964      1584     1502     1271     1466     818      599      1434     538      191      1098     171      
26       1161     1297     955      987      1013     527      1749     1898     967      1596     1003     1499     540      129      1673     1915     768      289      921      1708     744      2011     1631     546      1721     1276     0        1827     1297     1873     345      1231     2155     539      1634     1045     1671     771      1202     382      1173     
27       687      698      1412     988      886      1614     1513     136      862      889      1632     1048     1655     1750     998      858      1210     1931     1505     1414     1147     414      1572     1324     1063     1104     1827     0        1682     266      2170     1124     360      1653     285      1664     622      1423     1288     1872     1003     
28       1400     1658     422      836      1459     1631     557      1813     1258     2085     294      692      757      1355     2209     1155     1520     1583     1908     573      918      1572     400      971      832      578      1297     1682     0        1535     1516     1930     1837     1669     1397     254      1974     587      398      978      698      
29       807      889      1320     947      1019     1731     1299     385      943      1139     1528     863      1624     1811     1253     602      1338     2013     1675     1202     1149     171      1376     1341     839      964      1873     266      1535     0        2218     1332     312      1773     241      1554     879      1365     1155     1863     899      
30       1499     1620     1228     1322     1341     744      2012     2239     1309     1889     1227     1809     783      428      1954     2242     1070     352      1128     1982     1084     2355     1881     886      2031     1584     345      2170     1516     2218     0        1501     2500     737      1979     1262     1987     1056     1488     538      1495     
31       629      445      1515     1119     483      764      2087     1105     689      414      1715     1620     1429     1106     455      1753     484      1163     456      2000     1019     1503     2057     1035     1775     1502     1231     1124     1930     1332     1501     0        1476     782      1137     1764     614      1388     1592     1496     1331     
32       1040     1058     1632     1254     1243     1969     1560     379      1202     1205     1839     1155     1931     2086     1300     813      1567     2276     1865     1466     1445     284      1652     1633     1098     1271     2155     360      1837     312      2500     1476     0        2010     528      1864     931      1676     1462     2165     1211     
33       971      1000     1266     1086     767      45       2022     1689     839      1187     1389     1663     963      413      1237     1984     444      387      393      1960     854      1935     1935     716      1871     1466     539      1653     1669     1773     737      782      2010     0        1535     1438     1329     1085     1460     898      1318     
34       575      692      1136     730      788      1492     1246     417      702      1001     1353     770      1407     1571     1124     659      1103     1771     1453     1146     917      399      1296     1106     809      818      1634     285      1397     241      1979     1137     528      1535     0        1384     767      1160     1003     1638     721      
35       1284     1536     267      728      1309     1401     779      1788     1118     1959     50       777      505      1108     2078     1264     1327     1332     1699     773      746      1617     632      761      960      599      1045     1664     254      1554     1262     1764     1864     1438     1384     0        1877     380      412      724      662      
36       601      381      1609     1149     667      1300     1959     553      794      274      1834     1468     1692     1562     375      1425     919      1681     1062     1862     1183     1036     1977     1295     1555     1434     1671     622      1974     879      1987     614      931      1329     767      1877     0        1545     1584     1840     1283     
37       944      1188     187      435      944      1045     979      1534     763      1603     329      763      291      802      1718     1226     947      1040     1324     936      376      1462     868      385      982      538      771      1423     587      1365     1056     1388     1676     1085     1160     380      1545     0        433      559      493      
38       1025     1283     264      473      1110     1417     563      1417     905      1710     398      373      711      1224     1835     860      1226     1463     1635     509      625      1208     482      744      575      191      1202     1288     398      1155     1488     1592     1462     1460     1003     412      1584     433      0        977      302      
39       1268     1459     713      918      1174     877      1481     1964     1064     1817     690      1323     268      491      1911     1784     1011     663      1256     1456     725      1979     1346     557      1541     1098     382      1872     978      1863     538      1496     2165     898      1638     724      1840     559      977      0        1041     
40       737      993      421      236      847      1273     759      1128     643      1417     632      345      778      1162     1544     748      1015     1399     1431     677      467      979      728      643      559      171      1173     1003     698      899      1495     1331     1211     1318     721      662      1283     493      302      1041     0        
;



Table delta(i,j)                 Distance
         0        1        2        3        4        5        6        7        8        9        10       11       12       13       14       15       16       17       18       19       20       21       22       23       24       25       26       27       28       29       30       31       32       33       34       35       36       37       38       39       40       
0        0        3990     130      2940     3560     500      1210     1680     2030     2670     410      610      1850     3380     1920     900      2720     2740     3300     2300     3210     1500     330      3130     3140     670      1020     1610     770      3450     760      2740     2370     1770     2780     3410     3650     1850     3310     3480     1620     
1        3990     0        392      195      262      356      295      296      323      185      405      449      236      371      206      342      128      365      202      282      176      249      410      305      337      376      399      247      420      287      444      159      214      410      244      80       52       303      108      291      280      
2        130      392      0        282      343      39       121      155      189      266      30       60       183      325      186      77       265      260      318      217      310      143      47       300      301      53       89       157      67       332      71       264      236      164      265      337      357      190      327      334      164      
3        2940     195      282      0        93       243      243      137      142      242      281      323      222      179      151      210      127      171      38       97       30       172      319      112      143      244      250      207      281      107      309      56       246      235      49       203      143      302      222      110      261      
4        3560     262      343      93       0        306      327      188      164      335      334      372      313      118      241      266      219      146      63       126      93       255      384      65       94       296      288      295      324      29       352      149      339      249      79       288      212      391      310      31       349      
5        500      356      39       243      306      0        102      119      158      240      49       92       158      296      150      44       228      233      280      182      271      107      78       266      269      39       82       130      77       297      93       225      212      150      228      303      319      180      296      299      148      
6        1210     295      121      243      327      102      0        166      218      146      146      181      65       351      100      127      175      297      282      221      264      71       120      305      319      140      182      48       178      326      190      204      115      241      248      229      270      83       214      330      46       
7        1680     296      155      137      188      119      166      0        51       248      147      188      186      185      130      78       179      130      169      62       167      110      197      148      155      110      112      157      143      177      171      141      234      114      111      268      249      247      273      180      204      
8        2030     323      189      142      164      158      218      51       0        296      174      210      237      137      178      114      216      79       164      45       172      161      235      112      111      138      124      208      160      147      188      164      284      92       101      305      273      298      314      149      256      
9        2670     185      266      242      335      240      146      248      296      0        288      327      82       404      118      249      117      367      274      276      246      146      266      342      367      274      311      110      316      347      332      186      33       354      273      106      183      122      81       351      112      
10       410      405      30       281      334      49       146      147      174      288      0        44       206      306      200      70       277      240      315      207      309      157      73       286      284      37       63       179      36       321      43       268      260      137      258      353      366      219      346      323      191      
11       610      449      60       323      372      92       181      188      210      327      44       0        244      335      243      114      321      268      357      246      352      200      80       322      317      78       87       218      50       357      28       313      297      156      299      396      410      246      387      359      224      
12       1850     236      183      222      313      158      65       186      237      82       206      244      0        359      71       172      126      314      260      227      237      76       185      305      324      193      232      31       235      319      250      173      54       281      240      166      217      80       150      322      45       
13       3380     371      325      179      118      296      351      185      137      404      306      335      359      0        291      251      299      66       169      132      195      287      371      66       36       272      247      334      284      89       310      230      399      185      134      381      319      429      398      86       386      
14       1920     206      186      151      241      150      100      130      178      118      200      243      71       291      0        144      79       250      189      160      168      43       205      235      256      175      205      56       219      247      241      105      107      238      168      154      173      150      151      250      110      
15       900      342      77       210      266      44       127      78       114      249      70       114      172      251      144      0        216      189      244      140      239      105      121      223      225      35       62       141      77       255      103      199      226      114      189      298      301      209      295      257      172      
16       2720     128      265      127      219      228      175      179      216      117      277      321      126      299      79       216      0        274      157      183      129      122      285      235      263      249      274      127      293      234      316      71       128      293      165      89       95       204      100      238      171      
17       2740     365      260      171      146      233      297      130      79       367      240      268      314      66       250      189      274      0        176      92       195      239      307      80       57       207      181      286      218      119      243      212      358      119      122      362      313      377      375      119      335      
18       3300     202      318      38       63       280      282      169      164      274      315      357      260      169      189      244      157      176      0        119      29       211      356      104      137      278      280      245      312      85       340      89       281      256      63       224      151      340      246      89       299      
19       2300     282      217      97       126      182      221      62       45       276      207      246      227      132      160      140      183      92       119      0        126      155      260      86       98       170      164      201      198      114      227      124      268      138      56       272      231      297      283      117      253      
20       3210     176      310      30       93       271      264      167      172      246      309      352      237      195      168      239      129      195      29       126      0        193      345      129      161      273      280      224      310      114      338      63       254      264      74       195      124      317      216      117      278      
21       1500     249      143      172      255      107      71       110      161      146      157      200      76       287      43       105      122      239      211      155      193      0        164      237      253      134      167      47       178      256      199      135      126      208      177      196      215      141      190      259      98       
22       330      410      47       319      384      78       120      197      235      266      73       80       185      371      205      121      285      307      356      260      345      164      0        344      347      100      136      165      108      375      102      294      234      210      306      348      379      171      335      378      156      
23       3130     305      300      112      65       266      305      148      112      342      286      322      305      66       235      223      235      80       104      86       129      237      344      0        32       250      235      282      272      39       299      165      340      188      70       315      253      378      333      40       335      
24       3140     337      301      143      94       269      319      155      111      367      284      317      324      36       256      225      263      57       137      98       161      253      347      32       0        249      229      299      266      65       293      194      363      173      98       345      285      395      362      64       352      
25       670      376      53       244      296      39       140      110      138      274      37       78       193      272      175      35       249      207      278      170      273      134      100      250      249      0        43       163      44       284      67       235      248      113      221      329      336      219      325      286      186      
26       1020     399      89       250      288      82       182      112      124      311      63       87       232      247      205      62       274      181      280      164      280      167      136      235      229      43       0        202      37       272      64       250      287      74       219      359      355      262      357      273      228      
27       1610     247      157      207      295      130      48       157      208      110      179      218      31       334      56       141      127      286      245      201      224      47       165      282      299      163      202      0        206      298      222      162      85       250      219      182      221      97       170      302      54       
28       770      420      67       281      324      77       178      143      160      316      36       50       235      284      219      77       293      218      312      198      310      178      108      272      266      44       37       206      0        308      28       276      289      107      253      374      379      253      369      310      224      
29       3450     287      332      107      29       297      326      177      147      347      321      357      319      89       247      255      234      119      85       114      114      256      375      39       65       284      272      298      308      0        336      163      349      227      79       308      237      395      328      3        353      
30       760      444      71       309      352      93       190      171      188      332      43       28       250      310      241      103      316      243      340      227      338      199      102      299      293      67       64       222      28       336      0        302      304      129      281      395      404      261      389      338      234      
31       2740     159      264      56       149      225      204      141      164      186      268      313      173      230      105      199      71       212      89       124      63       135      294      165      194      235      250      162      276      163      302      0        191      252      95       151      109      253      168      166      214      
32       2370     214      236      246      339      212      115      234      284      33       260      297      54       399      107      226      128      358      281      268      254      126      234      340      363      248      287      85       289      349      304      191      0        334      272      136      206      90       113      352      79       
33       1770     410      164      235      249      150      241      114      92       354      137      156      281      185      238      114      293      119      256      138      264      208      210      188      173      113      74       250      107      227      129      252      334      0        193      383      361      324      386      228      286      
34       2780     244      265      49       79       228      248      111      101      273      258      299      240      134      168      189      165      122      63       56       74       177      306      70       98       221      219      219      253      79       281      95       272      193      0        247      192      316      263      82       273      
35       3410     80       337      203      288      303      229      268      305      106      353      396      166      381      154      298      89       362      224      272      195      196      348      315      345      329      359      182      374      308      395      151      136      383      247      0        91       226      29       311      207      
36       3650     52       357      143      212      319      270      249      273      183      366      410      217      319      173      301      95       313      151      231      124      215      379      253      285      336      355      221      379      237      404      109      206      361      192      91       0        291      120      240      262      
37       1850     303      190      302      391      180      83       247      298      122      219      246      80       429      150      209      204      377      340      297      317      141      171      378      395      219      262      97       253      395      261      253      90       324      316      226      291      0        203      399      43       
38       3310     108      327      222      310      296      214      273      314      81       346      387      150      398      151      295      100      375      246      283      216      190      335      333      362      325      357      170      369      328      389      168      113      386      263      29       120      203      0        332      188      
39       3480     291      334      110      31       299      330      180      149      351      323      359      322      86       250      257      238      119      89       117      117      259      378      40       64       286      273      302      310      3        338      166      352      228      82       311      240      399      332      0        356      
40       1620     280      164      261      349      148      46       204      256      112      191      224      45       386      110      172      171      335      299      253      278      98       156      335      352      186      228      54       224      353      234      214      79       286      273      207      262      43       188      356      0        
;

