

sets
i        orders          /0*20/
k        routes          /1*20/
p        positions       /0*20/
;

alias(i,j)
alias(i,h)
alias(i,hh)
alias(i,jj)
alias(k,kk)
                            Parameters

rho(i)	Processing time
/
0	0
1	84
2	99
3	13
4	61
5	9
6	76
7	82
8	69
9	63
10	2
11	32
12	94
13	57
14	75
15	7
16	27
17	99
18	61
19	83
20	96
/

gamma(i)	Duedate
/
0	0
1	80
2	66
3	83
4	52
5	81
6	59
7	70
8	22
9	63
10	50
11	78
12	42
13	41
14	94
15	98
16	15
17	25
18	90
19	40
20	74
/

sigma(i)	Size
/
0	0
1	3
2	1
3	8
4	3
5	2
6	6
7	6
8	3
9	8
10	2
11	2
12	2
13	7
14	6
15	2
16	2
17	8
18	1
19	6
20	2
/

epsilon(i)	Priority
/
0	0
1	1
2	2
3	2
4	7
5	5
6	8
7	6
8	9
9	2
10	8
11	1
12	4
13	7
14	5
15	6
16	5
17	3
18	5
19	6
20	4
/

psi	Vehicle Capacity
/ 75 /
;

Table kappa(i,j)                 Setup
         0        1        2        3        4        5        6        7        8        9        10       11       12       13       14       15       16       17       18       19       20       
0        0        2269     1333     728      1777     1208     1059     989      239      956      1155     1169     746      246      1069     1659     2085     1986     1694     1685     1697     
1        2269     0        1125     1761     775      1747     1386     1293     2507     1354     1690     1364     1821     2023     1534     1624     455      369      1053     1789     1163     
2        1333     1125     0        1148     454      1464     965      439      1547     406      1379     1054     1231     1112     1158     721      1179     1003     1244     865      438      
3        728      1761     1148     0        1496     511      390      708      943      761      443      469      83       546      343      1745     1479     1425     997      1836     1585     
4        1777     775      454      1496     0        1709     1224     822      1997     827      1628     1276     1575     1549     1417     853      985      794      1279     1018     394      
5        1208     1747     1464     511      1709     0        499      1057     1397     1142     86       432      467      1052     306      2138     1366     1379     760      2250     1895     
6        1059     1386     965      390      1224     499      0        571      1290     664      414      128      438      835      195      1649     1089     1041     635      1768     1395     
7        989      1293     439      708      822      1057     571      0        1222     105      971      681      792      748      752      1081     1183     1048     1018     1196     876      
8        239      2507     1547     943      1997     1397     1290     1222     0        1183     1352     1396     949      486      1286     1810     2324     2226     1924     1819     1891     
9        956      1354     406      761      827      1142     664      105      1183     0        1055     779      845      722      839      999      1270     1128     1124     1107     831      
10       1155     1690     1379     443      1628     86       414      971      1352     1055     0        355      409      989      220      2052     1321     1324     729      2163     1810     
11       1169     1364     1054     469      1276     432      128      681      1396     779      355      0        500      952      170      1751     1033     1006     529      1875     1476     
12       746      1821     1231     83       1575     467      438      792      949      845      409      500      0        585      354      1827     1525     1479     1019     1917     1668     
13       246      2023     1112     546      1549     1052     835      748      486      722      989      952      585      0        871      1508     1841     1740     1470     1555     1497     
14       1069     1534     1158     343      1417     306      195      752      1286     839      220      170      354      871      0        1833     1200     1177     666      1947     1589     
15       1659     1624     721      1745     853      2138     1649     1081     1810     999      2052     1751     1827     1508     1833     0        1815     1626     1963     165      460      
16       2085     455      1179     1479     985      1366     1089     1183     2324     1270     1321     1033     1525     1841     1200     1815     0        190      627      1977     1370     
17       1986     369      1003     1425     794      1379     1041     1048     2226     1128     1324     1006     1479     1740     1177     1626     190      0        689      1789     1180     
18       1694     1053     1244     997      1279     760      635      1018     1924     1124     729      529      1019     1470     666      1963     627      689      0        2109     1590     
19       1685     1789     865      1836     1018     2250     1768     1196     1819     1107     2163     1875     1917     1555     1947     165      1977     1789     2109     0        625      
20       1697     1163     438      1585     394      1895     1395     876      1891     831      1810     1476     1668     1497     1589     460      1370     1180     1590     625      0        
;



Table delta(i,j)                 Distance
         0        1        2        3        4        5        6        7        8        9        10       11       12       13       14       15       16       17       18       19       20       
0        0        870      390      2910     2130     1350     1740     2670     1560     1920     2820     2190     1860     1470     360      2010     420      1710     1200     2610     1980     
1        870      0        42       86       84       43       71       85       23       74       83       55       54       42       29       58       17       71       24       92       74       
2        390      42       0        106      72       54       59       97       65       66       103      84       72       59       21       76       25       58       52       91       68       
3        2910     86       106      0        71       52       69       22       85       63       3        33       34       47       85       30       97       71       62       51       58       
4        2130     84       72       71       0        46       13       50       101      11       68       74       52       53       60       54       82       14       69       26       13       
5        1350     43       54       52       46       0        35       44       55       35       48       35       17       8        33       22       48       36       23       49       34       
6        1740     71       59       69       13       35       0        50       88       7        65       66       44       42       47       47       68       2        57       33       12       
7        2670     85       97       22       50       44       50       0        90       43       20       42       31       43       77       28       93       52       62       28       39       
8        1560     23       65       85       101      55       88       90       0        90       83       52       60       51       52       62       40       89       32       104      89       
9        1920     74       66       63       11       35       7        43       90       0        59       63       41       42       52       43       73       9        58       25       4        
10       2820     83       103      3        68       48       65       20       83       59       0        31       31       44       82       27       94       68       59       48       55       
11       2190     55       84       33       74       35       66       42       52       63       31       0        22       27       63       20       69       68       33       65       60       
12       1860     54       72       34       52       17       44       31       60       41       31       22       0        13       50       4        63       46       31       45       38       
13       1470     42       59       47       53       8        42       43       51       42       44       27       13       0        38       17       50       44       19       53       40       
14       360      29       21       85       60       33       47       77       52       52       82       63       50       38       0        55       21       46       32       75       54       
15       2010     58       76       30       54       22       47       28       62       43       27       20       4        17       55       0        67       49       34       45       40       
16       420      17       25       97       82       48       68       93       40       73       94       69       63       50       21       67       0        68       36       95       74       
17       1710     71       58       71       14       36       2        52       89       9        68       68       46       44       46       49       68       0        58       35       14       
18       1200     24       52       62       69       23       57       62       32       58       59       33       31       19       32       34       36       58       0        72       57       
19       2610     92       91       51       26       49       33       28       104      25       48       65       45       53       75       45       95       35       72       0        22       
20       1980     74       68       58       13       34       12       39       89       4        55       60       38       40       54       40       74       14       57       22       0        
;

