

sets
i        orders          /0*20/
k        routes          /1*20/
p        positions       /0*20/
;

alias(i,j)
alias(i,h)
alias(i,hh)
alias(i,jj)
alias(k,kk)
                            Parameters

rho(i)	Processing time
/
0	0
1	56
2	27
3	19
4	14
5	67
6	45
7	23
8	95
9	86
10	92
11	84
12	34
13	73
14	92
15	37
16	55
17	22
18	66
19	99
20	38
/

gamma(i)	Duedate
/
0	0
1	92
2	72
3	80
4	3
5	23
6	28
7	17
8	53
9	78
10	24
11	14
12	92
13	75
14	25
15	53
16	37
17	22
18	74
19	56
20	67
/

sigma(i)	Size
/
0	0
1	4
2	2
3	2
4	2
5	7
6	6
7	1
8	8
9	9
10	5
11	6
12	9
13	8
14	3
15	5
16	3
17	7
18	2
19	8
20	3
/

epsilon(i)	Priority
/
0	0
1	6
2	4
3	1
4	8
5	4
6	2
7	2
8	6
9	1
10	5
11	7
12	7
13	4
14	9
15	2
16	6
17	7
18	1
19	9
20	7
/

psi	Vehicle Capacity
/ 24 /
;

Table kappa(i,j)                 Setup
         0        1        2        3        4        5        6        7        8        9        10       11       12       13       14       15       16       17       18       19       20       
0        0        1217     432      869      505      552      1432     789      946      790      271      1456     514      348      1460     253      917      848      553      719      1121     
1        1217     0        944      1256     1458     994      1926     1969     1250     1878     986      463      945      1272     427      980      513      2058     828      1745     887      
2        432      944      0        536      514      736      1204     1047     1177     1223     427      1081     91       330      1094     225      530      1164     136      1147     689      
3        869      1256     536      0        552      1272     695      1126     1712     1606     954      1189     456      552      1222     746      744      1300     539      1568     532      
4        505      1458     514      552      0        1045     955      594      1451     1098     726      1552     520      202      1572     564      1013     755      633      1091     1008     
5        552      994      736      1272     1045     0        1917     1295     440      915      329      1376     822      860      1361     533      952      1304     773      769      1317     
6        1432     1926     1204     695      955      1917     0        1302     2351     2030     1589     1773     1135     1084     1815     1385     1414     1496     1229     2039     1087     
7        789      1969     1047     1126     594      1295     1302     0        1595     851      1059     2123     1080     723      2139     993      1574     193      1180     931      1603     
8        946      1250     1177     1712     1451     440      2351     1595     0        982      763      1687     1262     1279     1662     970      1340     1558     1210     824      1733     
9        790      1878     1223     1606     1098     915      2030     851      982      0        917      2197     1304     1054     2193     1027     1682     723      1342     159      1912     
10       271      986      427      954      726      329      1589     1059     763      917      0        1280     517      535      1277     208      775      1108     495      805      1071     
11       1456     463      1081     1189     1552     1376     1773     2123     1687     2197     1280     0        1042     1400     50       1203     551      2246     945      2081     688      
12       514      945      91       456      520      822      1135     1080     1262     1304     517      1042     0        357      1059     316      495      1209     117      1233     607      
13       348      1272     330      552      202      860      1084     723      1279     1054     535      1400     357      0        1416     363      851      854      459      1018     918      
14       1460     427      1094     1222     1572     1361     1815     2139     1662     2193     1277     50       1059     1416     0        1208     564      2258     959      2075     728      
15       253      980      225      746      564      533      1385     993      970      1027     208      1203     316      363      1208     0        664      1077     319      939      900      
16       917      513      530      744      1013     952      1414     1574     1340     1682     775      551      495      851      564      664      0        1694     394      1579     432      
17       848      2058     1164     1300     755      1304     1496     193      1558     723      1108     2246     1209     854      2258     1077     1694     0        1300     827      1758     
18       553      828      136      539      633      773      1229     1180     1210     1342     495      945      117      459      959      319      394      1300     0        1257     581      
19       719      1745     1147     1568     1091     769      2039     931      824      159      805      2081     1233     1018     2075     939      1579     827      1257     0        1836     
20       1121     887      689      532      1008     1317     1087     1603     1733     1912     1071     688      607      918      728      900      432      1758     581      1836     0        
;



Table delta(i,j)                 Distance
         0        1        2        3        4        5        6        7        8        9        10       11       12       13       14       15       16       17       18       19       20       
0        0        3480     4110     4080     4230     3330     4530     6120     5940     6090     4320     2820     4140     5310     5910     2820     4320     4560     4620     5700     5250     
1        3480     0        184      24       153      153      42       88       81       111      109      39       30       158      127      72       129      83       39       169      74       
2        4110     184      0        208      50       31       189      243      242      195      107      145      183      95       163      113      83       145      203      102      192      
3        4080     24       208      0        175      177      44       73       65       114      127      63       36       176      136      95       150      96       31       187      75       
4        4230     153      50       175      0        40       149      199      200      146      59       115      145      48       113      82       34       99       164      58       147      
5        3330     153      31       177      40       0        160      215      214      173      85       114      153      88       145      82       66       121      174      98       166      
6        4530     42       189      44       149      160      0        56       53       70       94       58       13       140      93       79       119      57       17       150      32       
7        6120     88       243      73       199      215      56       0        9        78       141      114      67       182      116      136      167      101      49       189      54       
8        5940     81       242      65       200      214      53       9        0        84       142      110      63       184      121      133      168      102      44       192      56       
9        6090     111      195      114      146      173      70       78       84       0        88       111      82       116      41       113      112      55       83       119      38       
10       4320     109      107      127      59       85       94       141      142      88       0        78       93       49       61       53       26       40       111      60       87       
11       2820     39       145      63       115      114      58       114      110      111      78       0        46       126      113      33       95       65       66       138      81       
12       4140     30       183      36       145      153      13       67       63       82       93       46       0        141      100      71       117      60       20       151      44       
13       5310     158      95       176      48       88       140      182      184      116      49       126      141      0        76       97       34       83       157      13       128      
14       5910     127      163      136      113      145      93       116      121      41       61       113      100      76       0        102      80       47       108      79       67       
15       2820     72       113      95       82       82       79       136      133      113      53       33       71       97       102      0        64       59       92       110      92       
16       4320     129      83       150      34       66       119      167      168      112      26       95       117      34       80       64       0        66       135      47       114      
17       4560     83       145      96       99       121      57       101      102      55       40       65       60       83       47       59       66       0        74       92       47       
18       4620     39       203      31       164      174      17       49       44       83       111      66       20       157      108      92       135      74       0        167      44       
19       5700     169      102      187      58       98       150      189      192      119      60       138      151      13       79       110      47       92       167      0        135      
20       5250     74       192      75       147      166      32       54       56       38       87       81       44       128      67       92       114      47       44       135      0        
;

