
sets
i        orders          /0*20/
k        routes          /1*20/
p        positions       /0*20/
;

alias(i,j)
alias(i,h)
alias(i,hh)
alias(i,jj)
alias(k,kk)
                
                    Parameters

rho(i)	Processing time
/
0	0
1	62
2	79
3	72
4	29
5	93
6	78
7	47
8	51
9	83
10	24
11	43
12	46
13	28
14	67
15	80
16	47
17	66
18	22
19	21
20	34
/

gamma(i)	Duedate
/
0	0
1	89
2	10
3	5
4	57
5	68
6	58
7	10
8	27
9	98
10	77
11	83
12	27
13	27
14	38
15	38
16	17
17	39
18	75
19	62
20	64
/

sigma(i)	Size
/
0	0
1	1
2	5
3	6
4	5
5	1
6	4
7	8
8	4
9	5
10	6
11	7
12	6
13	8
14	8
15	8
16	1
17	2
18	5
19	4
20	6
/

epsilon(i)	Priority
/
0	0
1	8
2	3
3	7
4	8
5	6
6	3
7	3
8	7
9	1
10	9
11	5
12	6
13	3
14	8
15	5
16	1
17	5
18	4
19	9
20	5
/

psi	Vehicle Capacity
/ 11 /
;

Table kappa(i,j)                 Setup
         0        1        2        3        4        5        6        7        8        9        10       11       12       13       14       15       16       17       18       19       20       
0        0        344      304      477      483      361      436      301      213      565      178      583      496      410      442      125      200      575      202      198      113      
1        344      0        40       139      203      364      316      221      375      305      385      297      183      77       191      255      312      288      264      189      233      
2        304      40       0        176      231      351      318      198      346      331      352      321      218      110      202      215      283      312      229      157      192      
3        477      139      176      0        226      480      402      279      512      314      524      186      174      67       149      375      449      178      359      328      364      
4        483      203      231      226      0        317      202      425      418      101      447      410      59       222      359      429      361      402      459      286      390      
5        361      364      351      480      317      0        135      514      172      336      217      659      369      435      553      400      161      650      476      231      343      
6        436      316      318      402      202      135      0        509      288      203      329      588      260      372      505      438      252      580      499      258      384      
7        301      221      198      279      425      514      509      0        448      526      434      307      400      228      170      176      397      300      107      284      209      
8        213      375      346      512      418      172      288      448      0        469      45       667      455      452      539      293      63       658      378      188      243      
9        565      305      331      314      101      336      203      526      469      0        504      490      140      320      455      523      419      483      557      367      480      
10       178      385      352      524      447      217      329      434      45       504      0        670      481      462      538      271      86       661      357      196      225      
11       583      297      321      186      410      659      588      307      667      490      670      0        354      223      142      463      605      9        413      478      473      
12       496      183      218      174      59       369      260      400      455      140      481      354      0        182      315      429      396      346      447      305      395      
13       410      77       110      67       222      435      372      228      452      320      462      223      182      0        138      309      389      214      298      266      297      
14       442      191      202      149      359      553      505      170      539      455      538      142      315      138      0        321      478      134      273      352      333      
15       125      255      215      375      429      400      438      176      293      523      271      463      429      309      321      0        254      455      85       180      56       
16       200      312      283      449      361      161      252      397      63       419      86       605      396      389      478      254      0        595      337      126      200      
17       575      288      312      178      402      650      580      300      658      483      661      9        346      214      134      455      595      0        405      469      464      
18       202      264      229      359      459      476      499      107      378      557      357      413      447      298      273      85       337      405      0        247      136      
19       198      189      157      328      286      231      258      284      188      367      196      478      305      266      352      180      126      469      247      0        126      
20       113      233      192      364      390      343      384      209      243      480      225      473      395      297      333      56       200      464      136      126      0        
;



Table delta(i,j)                 Distance
         0        1        2        3        4        5        6        7        8        9        10       11       12       13       14       15       16       17       18       19       20       
0        0        3140     3860     3520     3220     7020     3700     2780     7120     6560     4040     1040     4600     760      5800     5500     2900     4660     2640     3500     3820     
1        3140     0        313      115      162      264      208      276      295      286      197      181      287      192      138      283      184      103      251      68       193      
2        3860     313      0        367      353      376      166      62       349      306      393      143      123      161      450      210      333      340      63       356      382      
3        3520     115      367      0        65       378      303      315      410      400      86       223      374      213      164      387      101      213      304      51       85       
4        3220     162      353      65       0        425      321      296      451      436      42       213      382      192      229      409      38       266      293      111      34       
5        7020     264      376      378      425      0        211      385      61       96       461      332      266      367      298      188      442      166      344      328      457      
6        3700     208      166      303      321      211      0        175      192      155      363      145      83       183      327      90       319      193      134      271      355      
7        2780     276      62       315      296      385      175      0        367      327      335      96       161      103      414      240      273      321      41       310      323      
8        7120     295      349      410      451      61       192      367      0        45       489      329      231      366      349      145      463      207      326      362      484      
9        6560     286      306      400      436      96       155      327      45       0        476      297      186      334      357      100      444      210      286      355      470      
10       4040     197      393      86       42       461      363      335      489      476      0        254      425      232      242      451      63       298      334      137      11       
11       1040     181      143      223      213      332      145      96       329      297      254      0        180      38       319      232      197      238      81       214      243      
12       4600     287      123      374      382      266      83       161      231      186      425      180      0        214      411      88       374      276      126      347      415      
13       760      192      161      213      192      367      183      103      366      334      232      38       214      0        327      270      172      262      103      213      221      
14       5800     138      450      164      229      298      327      414      349      357      242      319      411      327      0        387      265      149      389      126      245      
15       5500     283      210      387      409      188      90       240      145      100      451      232      88       270      387      0        409      240      201      350      443      
16       2900     184      333      101      38       442      319      273      463      444      63       197      374      172      265      409      0        287      275      143      52       
17       4660     103      340      213      266      166      193      321      207      210      298      238      276      262      149      240      287      0        287      162      295      
18       2640     251      63       304      293      344      134      41       326      286      334      81       126      103      389      201      275      287      0        292      323      
19       3500     68       356      51       111      328      271      310      362      355      137      214      347      213      126      350      143      162      292      0        136      
20       3820     193      382      85       34       457      355      323      484      470      11       243      415      221      245      443      52       295      323      136      0        
;

