
sets
i        orders          /0*20/
k        routes          /1*20/
p        positions       /0*20/
;

alias(i,j)
alias(i,h)
alias(i,hh)
alias(i,jj)
alias(k,kk)
                
                    Parameters

rho(i)	Processing time
/
0	0
1	68
2	59
3	92
4	93
5	22
6	41
7	85
8	91
9	2
10	6
11	58
12	23
13	38
14	33
15	48
16	94
17	40
18	62
19	51
20	41
/

gamma(i)	Duedate
/
0	0
1	99
2	90
3	52
4	75
5	40
6	81
7	68
8	3
9	91
10	16
11	57
12	14
13	50
14	8
15	44
16	89
17	49
18	38
19	50
20	37
/

sigma(i)	Size
/
0	0
1	1
2	6
3	3
4	8
5	5
6	4
7	4
8	5
9	1
10	6
11	1
12	2
13	2
14	7
15	6
16	4
17	9
18	1
19	5
20	5
/

epsilon(i)	Priority
/
0	0
1	2
2	2
3	4
4	2
5	8
6	6
7	4
8	5
9	3
10	4
11	8
12	6
13	9
14	1
15	8
16	8
17	1
18	3
19	8
20	9
/

psi	Vehicle Capacity
/ 37 /
;

Table kappa(i,j)                 Setup
         0        1        2        3        4        5        6        7        8        9        10       11       12       13       14       15       16       17       18       19       20       
0        0        148      158      102      91       106      212      128      89       145      72       83       176      139      201      93       211      106      5        133      198      
1        148      0        15       53       63       132      94       24       60       3        98       146      61       165      61       93       87       145      144      136      97       
2        158      15       0        58       69       130      78       39       72       18       112      147      72       161      46       108      71       144      154      132      108      
3        102      53       58       0        10       83       112      44       32       50       75       93       104      120      98       83       110      96       98       94       138      
4        91       63       69       10       0        79       122      51       29       60       69       85       111      116      109      79       120      90       88       93       143      
5        106      132      130      83       79       0        142      128      105      130      133      31       188      38       154      150      146      14       106      27       222      
6        212      94       78       112      122      142      0        116      139      97       183      170      143      156      44       183      10       155      209      128      176      
7        128      24       39       44       51       128      116      0        39       20       74       137      59       164      85       69       109      140      123      137      94       
8        89       60       72       32       29       105      139      39       0        56       44       107      92       144      117      51       135      116      84       121      122      
9        145      3        18       50       60       130      97       20       56       0        94       143      61       163      65       89       90       144      140      135      97       
10       72       98       112      75       69       133      183      74       44       94       0        125      108      172      159      21       179      140      67       154      127      
11       83       146      147      93       85       31       170      137      107      143      125      0        196      56       177      144      173      24       84       57       228      
12       176      61       72       104      111      188      143      59       92       61       108      196      0        223      101      91       134      200      171      195      36       
13       139      165      161      120      116      38       156      164      144      163      172      56       223      0        176      189      162      33       140      29       258      
14       201      61       46       98       109      154      44       85       117      65       159      177      101      176      0        154      34       168      197      147      133      
15       93       93       108      83       79       150      183      69       51       89       21       144      91       189      154      0        178      158      88       169      107      
16       211      87       71       110      120      146      10       109      135      90       179      173      134      162      34       178      0        160      208      134      167      
17       106      145      144      96       90       14       155      140      116      144      140      24       200      33       168      158      160      0        107      33       234      
18       5        144      154      98       88       106      209      123      84       140      67       84       171      140      197      88       208      107      0        133      193      
19       133      136      132      94       93       27       128      137      121      135      154      57       195      29       147      169      134      33       133      0        231      
20       198      97       108      138      143      222      176      94       122      97       127      228      36       258      133      107      167      234      193      231      0        
;



Table delta(i,j)                 Distance
         0        1        2        3        4        5        6        7        8        9        10       11       12       13       14       15       16       17       18       19       20       
0        0        3560     380      1400     1640     740      3760     1820     700      1360     2480     1900     2880     2880     1060     440      3020     3140     1320     3420     1340     
1        3560     0        169      160      113      179      19       94       190      195      80       114      56       117      198      160      28       53       141      139      154      
2        380      169      0        82       83       54       180      88       54       86       122      98       131      125      72       29       143      153      73       176      48       
3        1400     160      82       0        47       38       162      67       49       36       84       48       149      176      45       52       132      120      21       105      121      
4        1640     113      83       47       0        68       117      21       80       82       42       16       104      139      85       60       85       78       27       96       103      
5        740      179      54       38       68       0        184      85       12       32       111      77       156      168      21       29       150      147      43       143      100      
6        3760     19       180      162      117      184      0        99       196      198      79       114      75       137      203      168      37       46       144      127      169      
7        1820     94       88       67       21       85       99       0        96       101      34       30       83       122      104      70       66       65       47       102      98       
8        700      190      54       49       80       12       196      96       0        34       123      89       165      174      18       34       161      159      55       154      102      
9        1360     195      86       36       82       32       198      101      34       0        120      84       180      198      18       61       167      156      54       134      132      
10       2480     80       122      84       42       111      79       34       123      120      0        36       91       143      127      102      55       36       68       76       131      
11       1900     114      98       48       16       77       114      30       89       84       36       0        112      152      91       73       86       72       33       79       120      
12       2880     56       131      149      104      156      75       83       165      180      91       112      0        62       177      131      49       86       128      166      105      
13       2880     117      125      176      139      168      137      122      174      198      143      152      62       0        190      139      111      146      156      219      81       
14       1060     198      72       45       85       21       203      104      18       18       127      91       177      190      0        50       170      163      58       148      120      
15       440      160      29       52       60       29       168      70       34       61       102      73       131      139      50       0        132      135      44       149      72       
16       3020     28       143      132      85       150      37       66       161      167      55       86       49       111      170      132      0        37       113      121      132      
17       3140     53       153      120      78       147      46       65       159      156      36       72       86       146      163      135      37       0        104      86       154      
18       1320     141      73       21       27       43       144      47       55       54       68       33       128      156      58       44       113      104      0        104      106      
19       3420     139      176      105      96       143      127      102      154      134      76       79       166      219      148      149      121      86       104      0        199      
20       1340     154      48       121      103      100      169      98       102      132      131      120      105      81       120      72       132      154      106      199      0        
;

