
sets
i        orders          /0*20/
k        routes          /1*20/
p        positions       /0*20/
;

alias(i,j)
alias(i,h)
alias(i,hh)
alias(i,jj)
alias(k,kk)
                
                    Parameters

rho(i)	Processing time
/
0	0
1	1
2	46
3	60
4	86
5	15
6	83
7	31
8	46
9	48
10	13
11	11
12	84
13	6
14	12
15	38
16	1
17	30
18	18
19	53
20	14
/

gamma(i)	Duedate
/
0	0
1	91
2	39
3	47
4	93
5	9
6	2
7	53
8	63
9	54
10	75
11	80
12	70
13	85
14	83
15	90
16	48
17	7
18	64
19	64
20	99
/

sigma(i)	Size
/
0	0
1	8
2	6
3	7
4	9
5	1
6	5
7	7
8	1
9	3
10	3
11	4
12	5
13	4
14	3
15	7
16	3
17	6
18	4
19	5
20	6
/

epsilon(i)	Priority
/
0	0
1	7
2	4
3	7
4	8
5	5
6	6
7	5
8	7
9	8
10	6
11	6
12	6
13	8
14	5
15	3
16	3
17	7
18	3
19	3
20	4
/

psi	Vehicle Capacity
/ 33 /
;

Table kappa(i,j)                 Setup
         0        1        2        3        4        5        6        7        8        9        10       11       12       13       14       15       16       17       18       19       20       
0        0        34       127      80       107      40       153      26       56       99       95       114      65       56       132      136      135      129      114      68       100      
1        34       0        161      61       117      69       169      57       55       132      96       113      84       22       166      167      170      163      149      53       114      
2        127      161      0        184      137      109      137      112      147      31       182      169      131      183      6        49       8        8        14       170      125      
3        80       61       184      0        86       120      142      107      37       152      157      66       143      60       187      173      192      183      170      14       90       
4        107      117      137      86       0        135      55       124      63       109      202      35       167      131      137      106      144      133      124      78       12       
5        40       69       109      120      135      0        173      13       94       88       79       148      33       89       115      132      117      113      99       108      125      
6        153      169      137      142      55       173      0        164      117      117      247      82       206      185      134      92       140      130      127      134      55       
7        26       57       112      107      124      13       164      0        81       88       84       136      43       78       118      131      120      116      102      95       115      
8        56       55       147      37       63       94       117      81       0        115      147      59       121      67       150      136      155      146      133      23       62       
9        99       132      31       152      109      88       117      88       115      0        166      139      115      154      34       46       40       31       17       138      96       
10       95       96       182      157      202      79       247      84       147      166      0        206      51       100      189      211      189      188      175      150      195      
11       114      113      169      66       35       148      82       136      59       139      206      0        178      121      170      141      176      165      155      63       45       
12       65       84       131      143      167      33       206      43       121      115      51       178      0        99       137      161      138      136      124      132      158      
13       56       22       183      60       131      89       185      78       67       154      100      121      99       0        188      188      192      185      171      58       129      
14       132      166      6        187      137      115      134      118      150      34       189      170      137      188      0        44       6        4        17       173      125      
15       136      167      49       173      106      132      92       131      136      46       211      141      161      188      44       0        50       41       44       160      95       
16       135      170      8        192      144      117      140      120      155      40       189      176      138      192      6        50       0        10       22       178      131      
17       129      163      8        183      133      113      130      116      146      31       188      165      136      185      4        41       10       0        14       169      120      
18       114      149      14       170      124      99       127      102      133      17       175      155      124      171      17       44       22       14       0        156      111      
19       68       53       170      14       78       108      134      95       23       138      150      63       132      58       173      160      178      169      156      0        80       
20       100      114      125      90       12       125      55       115      62       96       195      45       158      129      125      95       131      120      111      80       0        
;



Table delta(i,j)                 Distance
         0        1        2        3        4        5        6        7        8        9        10       11       12       13       14       15       16       17       18       19       20       
0        0        3080     1100     2740     1880     4460     520      1120     3300     2040     1580     3480     2700     2140     1620     2780     900      4140     1960     3140     340      
1        3080     0        117      79       129      80       167      141      98       112      94       52       129      62       135      111      149      53       149      20       165      
2        1100     117      0        83       45       176      79       25       160      47       79       150      83       58       36       144      85       167      126      114      72       
3        2740     79       83       0        67       102      160      97       167      48       120      130      51       40       79       169      156      111      181      62       153      
4        1880     129      45       67       0        169      120      40       194      19       120      173      42       67       15       183      130      173      171      120      111      
5        4460     80       176      102      169      0        241      195      168      150      173      112      148      118      180      188      227      45       230      68       237      
6        520      167      79       160      120      241      0        82       162      127      81       179      161      126      107      133      30       220      83       173      10       
7        1120     141      25       97       40       195      82       0        185      52       101      176      82       80       25       167      96       190      143      136      72       
8        3300     98       160      167      194      168      162      185      0        182      86       56       211      134      192      34       133      125      97       119      167      
9        2040     112      47       48       19       150      127      52       182      0        113      158      36       51       30       174      132      154      169      101      119      
10       1580     94       79       120      120      173      81       101      86       113      0        98       148      80       114      65       57       145      61       105      84       
11       3480     52       150      130      173      112      179      176      56       158      98       0        179      106      176      81       155      69       136      72       181      
12       2700     129      83       51       42       148      161      82       211      36       148      179      0        76       56       206      167      162      205      114      153      
13       2140     62       58       40       67       118      126      80       134      51       80       106      76       0        72       131      119      110      141      56       121      
14       1620     135      36       79       15       180      107      25       192      30       114      176      56       72       0        179      118      181      162      127      98       
15       2780     111      144      169      183      188      133      167      34       174      65       81       206      131      179      0        103      148      63       130      139      
16       900      149      85       156      130      227      30       96       133      132      57       155      167      119      118      103      0        202      53       158      38       
17       4140     53       167      111      173      45       220      190      125      154      145      69       162      110      181      148      202      0        196      54       219      
18       1960     149      126      181      171      230      83       143      97       169      61       136      205      141      162      63       53       196      0        164      91       
19       3140     20       114      62       120      68       173      136      119      101      105      72       114      56       127      130      158      54       164      0        170      
20       340      165      72       153      111      237      10       72       167      119      84       181      153      121      98       139      38       219      91       170      0        
;

