

sets
i        orders          /0*10/
k        routes          /1*10/
p        positions       /0*10/
;

alias(i,j)
alias(i,h)
alias(i,hh)
alias(i,jj)
alias(k,kk)
                            Parameters

rho(i)	Processing time
/
0	0
1	28
2	34
3	2
4	13
5	27
6	42
7	39
8	66
9	15
10	60
/

gamma(i)	Duedate
/
0	0
1	5
2	91
3	61
4	13
5	92
6	64
7	71
8	94
9	21
10	81
/

sigma(i)	Size
/
0	0
1	8
2	2
3	3
4	2
5	3
6	4
7	4
8	6
9	8
10	5
/

epsilon(i)	Priority
/
0	0
1	3
2	8
3	7
4	5
5	1
6	7
7	3
8	1
9	2
10	7
/

psi	Vehicle Capacity
/ 134 /
;

Table kappa(i,j)                 Setup
         0        1        2        3        4        5        6        7        8        9        10       
0        0        454      403      324      311      341      384      334      134      343      156      
1        454      0        202      203      206      130      182      330      387      141      312      
2        403      202      0        316      94       237      332      442      289      256      317      
3        324      203      316      0        251      83       60       131      319      66       168      
4        311      206      94       251      0        184      281      368      205      202      225      
5        341      130      237      83       184      0        97       214      302      18       190      
6        384      182      332      60       281      97       0        152      374      79       228      
7        334      330      442      131      368      214      152      0        378      197      205      
8        134      387      289      319      205      302      374      378      0        311      172      
9        343      141      256      66       202      18       79       197      311      0        189      
10       156      312      317      168      225      190      228      205      172      189      0        
;



Table delta(i,j)                 Distance
         0        1        2        3        4        5        6        7        8        9        10       
0        0        960      600      840      1590     930      1620     930      720      1020     960      
1        960      0        12       45       46       62       57       41       35       61       56       
2        600      12       0        35       48       50       55       35       28       49       47       
3        840      45       35       0        80       29       82       59       52       21       57       
4        1590     46       48       80       0        80       17       26       30       86       47       
5        930      62       50       29       80       0        76       54       49       12       41       
6        1620     57       55       82       17       76       0        23       30       84       36       
7        930      41       35       59       26       54       23       0        7        61       21       
8        720      35       28       52       30       49       30       7        0        55       23       
9        1020     61       49       21       86       12       84       61       55       0        52       
10       960      56       47       57       47       41       36       21       23       52       0        
;

