
sets
i        orders          /0*40/
k        routes          /1*40/
p        positions       /0*40/
;

alias(i,j)
alias(i,h)
alias(i,hh)
alias(i,jj)
alias(k,kk)
                
                    Parameters

rho(i)	Processing time
/
0	0
1	96
2	73
3	78
4	77
5	99
6	1
7	69
8	65
9	9
10	3
11	74
12	55
13	26
14	62
15	13
16	92
17	34
18	97
19	98
20	15
21	21
22	62
23	82
24	76
25	81
26	31
27	53
28	19
29	23
30	21
31	59
32	36
33	11
34	42
35	62
36	26
37	60
38	16
39	50
40	8
/

gamma(i)	Duedate
/
0	0
1	29
2	15
3	32
4	15
5	54
6	78
7	76
8	62
9	84
10	14
11	72
12	26
13	55
14	2
15	43
16	63
17	44
18	97
19	73
20	15
21	75
22	40
23	46
24	84
25	42
26	23
27	94
28	89
29	34
30	74
31	67
32	32
33	84
34	83
35	94
36	6
37	77
38	25
39	7
40	34
/

sigma(i)	Size
/
0	0
1	1
2	6
3	4
4	7
5	6
6	3
7	3
8	5
9	5
10	6
11	3
12	6
13	8
14	9
15	2
16	7
17	1
18	6
19	4
20	4
21	8
22	5
23	7
24	2
25	2
26	3
27	7
28	6
29	5
30	9
31	7
32	4
33	6
34	2
35	5
36	9
37	6
38	7
39	9
40	4
/

epsilon(i)	Priority
/
0	0
1	8
2	9
3	1
4	5
5	1
6	7
7	6
8	6
9	2
10	3
11	4
12	3
13	4
14	8
15	4
16	8
17	8
18	2
19	3
20	6
21	3
22	4
23	1
24	4
25	9
26	9
27	9
28	8
29	2
30	9
31	8
32	9
33	7
34	7
35	9
36	4
37	5
38	9
39	2
40	6
/

psi	Vehicle Capacity
/ 38 /
;

Table kappa(i,j)                 Setup
         0        1        2        3        4        5        6        7        8        9        10       11       12       13       14       15       16       17       18       19       20       21       22       23       24       25       26       27       28       29       30       31       32       33       34       35       36       37       38       39       40       
0        0        145      337      286      96       153      18       344      331      96       248      248      222      332      144      218      168      271      337      221      39       324      231      119      152      215      224      299      327      56       262      327      320      315      149      146      232      285      137      186      184      
1        145      0        212      177      76       29       140      213      222      217      128      175      121      204      199      99       119      132      208      78       178      224      96       137      110      138      161      156      213      142      174      190      176      199      94       231      174      161      162      280      213      
2        337      212      0        288      288      227      325      248      50       372      245      332      119      256      410      240      188      90       13       140      375      74       116      254      310      306      154      172      296      351      315      52       159      286      194      347      160      51       262      388      280      
3        286      177      288      0        189      151      291      87       325      377      51       69       264      69       237      78       291      203      278      175      302      339      203      315      141      79       320      121      41       249      43       241      143      31       268      404      334      259      340      452      391      
4        96       76       288      189      0        68       101      250      296      189      152      157      191      237      124      123      167      207      285      152      117      296      172      154      63       121      219      212      230      72       168      265      236      218      140      224      231      237      179      270      234      
5        153      29       227      151      68       0        152      194      242      234      104      146      146      183      184      74       148      142      222      87       182      246      111      163      86       109      189      146      188      140      145      199      168      175      123      254      203      178      189      302      241      
6        18       140      325      291      101      152      0        345      317      87       251      257      208      334      162      221      152      263      326      213      56       309      222      101      161      222      207      296      331      73       269      317      317      319      134      131      215      273      118      172      166      
7        344      213      248      87       250      194      345      0        293      428      98       156      262      18       319      126      307      178      235      175      367      311      196      346      215      161      322      81       63       317      130      196      89       60       290      444      335      233      369      492      416      
8        331      222      50       325      296      242      317      293      0        353      278      362      109      299      420      268      169      121      63       162      370      24       133      234      327      332      125      214      337      353      347      99       204      326      182      321      126      67       238      358      247      
9        96       217      372      377      189      234      87       428      353      0        336      344      253      418      230      305      184      325      376      282      105      339      284      118      248      310      230      373      417      150      356      375      391      405      178      67       233      323      117      94       138      
10       248      128      245      51       152      104      251      98       278      336      0        88       213      84       225      30       240      157      236      124      269      291      152      266      118      73       268      91       84       219      69       201      117      71       217      358      282      211      291      406      341      
11       248      175      332      69       157      146      257      156      362      344      88       0        284      138      174      93       294      242      323      201      256      372      231      303      96       38       333      178      105      203      26       289      203      99       269      381      347      295      329      427      383      
12       222      121      119      264      191      146      208      262      109      253      213      284      0        261      315      193      70       93       123      90       261      105      65       135      231      249      60       182      288      244      275      128      187      275      75       232      73       70       146      275      174      
13       332      204      256      69       237      183      334      18       299      418      84       138      261      0        302      113      303      182      243      172      353      317      195      339      199      144      321      85       46       303      112      204      97       43       284      436      334      237      363      484      410      
14       144      199      410      237      124      184      162      319      420      230      225      174      315      302      0        205      284      326      406      271      125      420      294      254      110      158      339      308      277      89       198      383      334      269      259      289      350      360      276      324      326      
15       218      99       240      78       123      74       221      126      268      305      30       93       193      113      205      0        214      150      231      108      240      278      137      237      95       66       246      103      114      191      82       199      129      100      191      328      260      201      262      376      313      
16       168      119      188      291      167      148      152      307      169      184      240      294      70       303      284      214      0        156      193      133      208      158      120      66       221      257      55       233      322      203      292      197      243      308      26       162      65       141      76       206      110      
17       271      132      90       203      207      142      263      178      121      325      157      242      93       182      326      150      156      0        82       55       307      136      41       215      222      216      152      97       217      275      227      57       96       205      150      316      164      56       231      362      265      
18       337      208      13       278      285      222      326      235      63       376      236      323      123      243      406      231      193      82       0        135      375      87       112      258      305      298      163      160      284      349      306      39       146      274      198      354      169      53       268      395      288      
19       221      78       140      175      152      87       213      175      162      282      124      201      90       172      271      108      133      55       135      0        255      171      29       181      169      170      148      100      198      221      190      112      112      185      119      282      162      95       201      330      243      
20       39       178      375      302      117      182      56       367      370      105      269      256      261      353      125      240      208      307      375      255      0        363      267      157      162      226      264      328      343      53       273      364      350      332      189      166      271      323      172      200      216      
21       324      224      74       339      296      246      309      311      24       339      291      372      105      317      420      278      158      136      87       171      363      0        141      221      332      341      109      232      353      349      359      122      224      342      174      304      109      80       223      339      228      
22       231      96       116      203      172      111      222      196      133      284      152      231      65       195      294      137      120      41       112      29       267      141      0        175      195      200      126      117      224      238      219      96       123      211      111      277      139      68       193      323      230      
23       119      137      254      315      154      163      101      346      234      118      266      303      135      339      254      237      66       215      258      181      157      221      175      0        216      265      114      279      350      165      307      261      293      337      64       102      119      206      25       148      80       
24       152      110      310      141      63       86       161      215      327      248      118      96       231      199      110      95       221      222      305      169      162      332      195      216      0        64       269      198      182      109      111      278      224      172      194      287      282      263      242      332      296      
25       215      138      306      79       121      109      222      161      332      310      73       38       249      144      158      66       257      216      298      170      226      341      200      265      64       0        297      164      120      173      47       266      190      111      231      345      311      265      291      391      345      
26       224      161      154      320      219      189      207      322      125      230      268      333      60       321      339      246      55       152      163      148      264      109      126      114      269      297      0        243      346      258      328      178      247      333      79       196      14       117      114      234      125      
27       299      156      172      121      212      146      296      81       214      373      91       178      182      85       308      103      233      97       160      100      328      232      117      279      198      164      243      0        124      284      156      122      26       114      219      380      256      152      301      428      343      
28       327      213      296      41       230      188      331      63       337      417      84       105      288      46       277      114      322      217      284      198      343      353      224      350      182      120      346      124      0        291      79       246      141      13       301      442      360      273      375      490      425      
29       56       142      351      249      72       140      73       317      353      150      219      203      244      303      89       191      203      275      349      221      53       349      238      165      109      173      258      284      291      0        220      333      308      280      179      202      268      299      186      241      237      
30       262      174      315      43       168      145      269      130      347      356      69       26       275      112      198      82       292      227      306      190      273      359      219      307      111      47       328      156      79       220      0        270      180      73       268      390      342      280      332      436      386      
31       327      190      52       241      265      199      317      196      99       375      201      289      128      204      383      199      197      57       39       112      364      122      96       261      278      266      178      122      246      333      270      0        107      236      197      360      187      61       274      403      300      
32       320      176      159      143      236      168      317      89       204      391      117      203      187      97       334      129      243      96       146      112      350      224      123      293      224      190      247      26       141      308      180      107      0        132      231      395      259      147      313      442      353      
33       315      199      286      31       218      175      319      60       326      405      71       99       275      43       269      100      308      205      274      185      332      342      211      337      172      111      333      114      13       280      73       236      132      0        287      429      347      261      362      477      412      
34       149      94       194      268      140      123      134      290      182      178      217      269      75       284      259      191      26       150      198      119      189      174      111      64       194      231      79       219      301      179      268      197      231      287      0        165      90       145      82       212      126      
35       146      231      347      404      224      254      131      444      321      67       358      381      232      436      289      328      162      316      354      282      166      304      277      102      287      345      196      380      442      202      390      360      395      429      165      0        195      302      86       48       82       
36       232      174      160      334      231      203      215      335      126      233      282      347      73       334      350      260      65       164      169      162      271      109      139      119      282      311      14       256      360      268      342      187      259      347      90       195      0        126      116      231      121      
37       285      161      51       259      237      178      273      233      67       323      211      295      70       237      360      201      141      56       53       95       323      80       68       206      263      265      117      152      273      299      280      61       147      261      145      302      126      0        216      345      240      
38       137      162      262      340      179      189      118      369      238      117      291      329      146      363      276      262      76       231      268      201      172      223      193      25       242      291      114      301      375      186      332      274      313      362      82       86       116      216      0        130      54       
39       186      280      388      452      270      302      172      492      358      94       406      427      275      484      324      376      206      362      395      330      200      339      323      148      332      391      234      428      490      241      436      403      442      477      212      48       231      345      130      0        111      
40       184      213      280      391      234      241      166      416      247      138      341      383      174      410      326      313      110      265      288      243      216      228      230      80       296      345      125      343      425      237      386      300      353      412      126      82       121      240      54       111      0        
;



Table delta(i,j)                 Distance
         0        1        2        3        4        5        6        7        8        9        10       11       12       13       14       15       16       17       18       19       20       21       22       23       24       25       26       27       28       29       30       31       32       33       34       35       36       37       38       39       40       
0        0        13200    26820    1200     27060    15570    5850     5430     21120    32670    27090    35700    2940     5820     27960    11880    27750    22380    10890    33630    24450    25260    21510    23490    14220    20280    27660    9510     16440    21750    15090    1260     10140    22590    25680    23790    15600    24420    11580    25170    24120    
1        13200    0        503      403      534      249      273      412      275      691      494      889      533      557      750      364      486      361      78       715      380      425      531      365      399      236      500      456      214      338      195      482      240      440      434      497      473      378      366      483      469      
2        26820    503      0        854      74       389      699      788      250      698      64       447      993      940      512      593      361      568      561      687      224      115      907      478      550      366      499      958      606      556      392      932      739      721      475      776      938      227      604      106      704      
3        1200     403      854      0        862      479      155      156      664      1059     863      1151     139      203      898      361      888      715      325      1090     776      802      703      750      440      639      889      322      519      695      463      80       315      729      822      771      514      775      352      799      779      
4        27060    534      74       862      0        386      707      783      302      772      137      382      1001     933      442      577      435      634      585      761      293      184      966      546      525      424      572      990      657      620      399      938      773      785      547      842      985      297      587      66       771      
5        15570    249      389      479      386      0        324      399      283      840      413      684      617      550      503      216      554      555      256      852      393      369      779      519      201      349      627      656      455      532      56       553      464      666      569      726      715      393      225      321      683      
6        5850     273      699      155      707      324      0        144      518      958      710      1002     294      284      766      239      756      618      197      984      633      651      681      636      314      507      773      389      435      596      307      232      282      662      706      711      531      631      232      644      704      
7        5430     412      788      156      783      399      144      0        635      1101     808      1038     257      154      761      230      886      762      338      1126     752      755      814      777      306      640      912      471      579      740      400      194      414      805      846      854      646      751      219      718      848      
8        21120    275      250      664      302      283      518      635      0        572      226      683      800      790      652      495      270      347      345      578      116      153      664      276      485      124      356      720      356      330      250      745      499      492      306      551      688      115      503      273      487      
9        32670    691      698      1059     772      840      958      1101     572      0        635      1116     1165     1240     1198     1032     337      343      763      48       499      596      565      328      1040     492      216      929      542      364      794      1131     763      380      271      380      755      497      1037     784      320      
10       27090    494      64       863      137      413      710      808      226      635      0        499      1001     962      576      624      299      521      558      623      174      74       867      427      587      331      439      945      576      510      407      942      725      675      419      728      911      178      634      165      654      
11       35700    889      447      1151     382      684      1002     1038     683      1116     499      0        1284     1168     361      808      789      1015     926      1095     671      562      1348     925      735      806      934      1335     1035     1002     719      1219     1128     1168     918      1223     1355     674      819      414      1152     
12       2940     533      993      139      1001     617      294      257      800      1165     1001     1284     0        208      1018     483      1016     823      457      1199     911      939      758      867      562      767      1006     326      623      803      602      65       403      817      941      852      546      909      473      937      871      
13       5820     557      940      203      933      550      284      154      790      1240     962      1168     208      0        869      364      1038     898      481      1267     906      910      906      920      433      790      1057     510      707      876      555      172      516      925      991      969      714      905      353      867      972      
14       27960    750      512      898      442      503      766      761      652      1198     576      361      1018     869      0        536      862      995      757      1192     700      603      1271     928      458      769      988      1142     944      976      555      953      964      1131     949      1191     1218     703      546      416      1134     
15       11880    364      593      361      577      216      239      230      495      1032     624      808      483      364      536      0        764      719      320      1048     607      584      871      703      78       541      824      628      575      696      245      418      492      804      762      860      752      607      11       510      833      
16       27750    486      361      888      435      554      756      886      270      337      299      789      1016     1038     862      764      0        298      564      330      171      259      654      199      755      249      145      864      443      299      518      968      654      442      150      485      762      169      772      446      404      
17       22380    361      568      715      634      555      618      762      347      343      521      1015     823      898      995      719      298      0        427      376      347      453      358      100      742      226      206      607      199      23       502      788      424      154      155      208      473      343      723      616      139      
18       10890    78       561      325      585      256      197      338      345      763      558      926      457      481      757      320      564      427      0        788      454      491      553      439      368      314      575      408      258      404      209      405      207      489      509      543      461      452      320      530      524      
19       33630    715      687      1090     761      852      984      1126     578      48       623      1095     1199     1267     1192     1048     330      376      788      0        497      589      612      349      1053     506      225      969      575      395      808      1163     799      424      286      426      800      495      1053     776      364      
20       24450    380      224      776      293      393      633      752      116      499      174      671      911      906      700      607      171      347      454      497      0        109      694      254      592      171      288      809      415      336      364      857      589      500      255      554      752      3        616      290      481      
21       25260    425      115      802      184      369      651      755      153      596      74       562      939      910      603      584      259      453      491      589      109      0        795      363      555      258      391      873      502      441      355      882      652      607      362      661      837      112      594      187      589      
22       21510    531      907      703      966      779      681      814      664      565      867      1348     758      906      1271     871      654      358      553      612      694      795      0        458      921      542      538      447      327      362      723      751      400      213      505      188      227      691      870      936      264      
23       23490    365      478      750      546      519      636      777      276      328      427      925      867      920      928      703      199      100      439      349      254      363      458      0        715      170      139      680      258      99       470      826      480      252      74       302      563      250      708      534      227      
24       14220    399      550      440      525      201      314      306      485      1040     587      735      562      433      458      78       755      742      368      1053     592      555      921      715      0        548      828      701      613      719      245      497      554      838      768      896      814      592      88       460      862      
25       20280    236      366      639      424      349      507      640      124      492      331      806      767      790      769      541      249      226      314      506      171      258      542      170      548      0        282      641      245      208      302      718      422      368      221      427      581      168      547      397      365      
26       27660    500      499      889      572      627      773      912      356      216      439      934      1006     1057     988      824      145      206      575      225      288      391      538      139      828      282      0        811      393      218      583      965      618      325      66       358      678      285      829      577      277      
27       9510     456      958      322      990      656      389      471      720      929      945      1335     326      510      1142     628      864      607      408      969      809      873      447      680      701      641      811      0        422      593      615      338      220      553      752      574      224      807      622      936      612      
28       16440    214      606      519      657      455      435      579      356      542      576      1035     623      707      944      575      443      199      258      575      415      502      327      258      613      245      393      422      0        180      399      590      225      230      331      285      336      412      576      620      268      
29       21750    338      556      695      620      532      596      740      330      364      510      1002     803      876      976      696      299      23       404      395      336      441      362      99       719      208      218      593      180      0        479      767      406      165      162      221      466      332      699      600      157      
30       15090    195      392      463      399      56       307      400      250      794      407      719      602      555      555      245      518      502      209      808      364      355      723      470      245      302      583      615      399      479      0        540      417      611      523      670      664      364      253      338      628      
31       1260     482      932      80       938      553      232      194      745      1131     942      1219     65       172      953      418      968      788      405      1163     857      882      751      826      497      718      965      338      590      767      540      0        377      793      899      832      549      855      408      875      845      
32       10140    240      739      315      773      464      282      414      499      763      725      1128     403      516      964      492      654      424      207      799      589      652      400      480      554      422      618      220      225      406      417      377      0        415      554      455      260      587      489      723      468      
33       22590    440      721      729      785      666      662      805      492      380      675      1168     817      925      1131     804      442      154      489      424      500      607      213      252      838      368      325      553      230      165      611      793      415      0        292      60       375      497      805      764      60       
34       25680    434      475      822      547      569      706      846      306      271      419      918      941      991      949      762      150      155      509      286      255      362      505      74       768      221      66       752      331      162      523      899      554      292      0        334      628      251      767      544      253      
35       23790    497      776      771      842      726      711      854      551      380      728      1223     852      969      1191     860      485      208      543      426      554      661      188      302      896      427      358      574      285      221      670      832      455      60       334      0        380      551      861      822      81       
36       15600    473      938      514      985      715      531      646      688      755      911      1355     546      714      1218     752      762      473      461      800      752      837      227      563      814      581      678      224      336      466      664      549      260      375      628      380      0        748      748      942      436      
37       24420    378      227      775      297      393      631      751      115      497      178      674      909      905      703      607      169      343      452      495      3        112      691      250      592      168      285      807      412      332      364      855      587      497      251      551      748      0        616      293      477      
38       11580    366      604      352      587      225      232      219      503      1037     634      819      473      353      546      11       772      723      320      1053     616      594      870      708      88       547      829      622      576      699      253      408      489      805      767      861      748      616      0        521      835      
39       25170    483      106      799      66       321      644      718      273      784      165      414      937      867      416      510      446      616      530      776      290      187      936      534      460      397      577      936      620      600      338      875      723      764      544      822      942      293      521      0        755      
40       24120    469      704      779      771      683      704      848      487      320      654      1152     871      972      1134     833      404      139      524      364      481      589      264      227      862      365      277      612      268      157      628      845      468      60       253      81       436      477      835      755      0        
;

