
sets
i        orders          /0*40/
k        routes          /1*40/
p        positions       /0*40/
;

alias(i,j)
alias(i,h)
alias(i,hh)
alias(i,jj)
alias(k,kk)
                
                    Parameters

rho(i)	Processing time
/
0	0
1	89
2	68
3	78
4	29
5	63
6	89
7	10
8	49
9	85
10	36
11	9
12	25
13	32
14	60
15	31
16	54
17	75
18	83
19	49
20	93
21	1
22	52
23	28
24	13
25	67
26	3
27	24
28	22
29	17
30	38
31	65
32	31
33	99
34	66
35	87
36	89
37	45
38	11
39	40
40	30
/

gamma(i)	Duedate
/
0	0
1	13
2	81
3	2
4	35
5	79
6	2
7	13
8	60
9	42
10	1
11	70
12	29
13	28
14	44
15	54
16	88
17	87
18	10
19	91
20	99
21	33
22	47
23	91
24	13
25	96
26	94
27	86
28	84
29	67
30	47
31	83
32	84
33	63
34	22
35	32
36	98
37	15
38	43
39	30
40	99
/

sigma(i)	Size
/
0	0
1	9
2	8
3	2
4	6
5	5
6	7
7	4
8	1
9	7
10	2
11	3
12	1
13	7
14	1
15	3
16	3
17	7
18	2
19	5
20	7
21	8
22	1
23	2
24	3
25	5
26	5
27	7
28	7
29	9
30	6
31	2
32	3
33	1
34	1
35	3
36	6
37	5
38	9
39	4
40	7
/

epsilon(i)	Priority
/
0	0
1	9
2	9
3	7
4	3
5	5
6	2
7	3
8	7
9	5
10	3
11	4
12	8
13	9
14	8
15	8
16	5
17	8
18	7
19	6
20	8
21	7
22	8
23	8
24	6
25	8
26	1
27	3
28	6
29	2
30	6
31	8
32	8
33	2
34	6
35	2
36	5
37	8
38	6
39	2
40	7
/

psi	Vehicle Capacity
/ 27 /
;

Table kappa(i,j)                 Setup
         0        1        2        3        4        5        6        7        8        9        10       11       12       13       14       15       16       17       18       19       20       21       22       23       24       25       26       27       28       29       30       31       32       33       34       35       36       37       38       39       40       
0        0        479      405      421      364      548      473      699      479      558      299      202      206      517      399      10       114      396      472      420      193      179      196      467      497      327      119      576      395      311      120      159      349      199      311      190      590      378      470      716      429      
1        479      0        572      607      243      69       191      614      696      777      311      389      670      749      451      489      429      295      146      125      433      635      372      20       20       167      448      595      567      205      395      503      428      330      612      302      775      411      247      362      650      
2        405      572      0        35       329      626      690      350      124      205      611      562      554      177      133      411      303      288      458      449      574      368      265      552      577      523      510      198      10       543      321      249      143      518      152      468      212      166      374      572      84       
3        421      607      35       0        365      662      722      365      88       171      638      585      558      141      168      426      323      323      494      485      595      368      292      587      612      555      529      210      39       574      344      262      178      543      143      495      182      202      409      604      50       
4        364      243      329      365      0        297      385      423      453      533      379      391      570      506      208      374      268      62       138      120      425      470      185      223      247      240      398      367      325      276      246      315      186      326      387      271      532      168      106      352      409      
5        548      69       626      662      297      0        213      636      751      830      365      451      738      804      501      557      497      343      178      177      495      703      438      84       54       232      514      633      622      267      464      571      483      394      675      369      826      462      280      343      707      
6        473      191      690      722      385      213      0        792      809      893      202      312      626      860      587      480      468      447      330      290      351      649      444      205      207      169      397      753      683      165      433      554      553      278      691      284      902      546      424      551      759      
7        699      614      350      365      423      636      792      0        402      423      801      796      880      431      300      708      585      361      467      501      823      710      509      596      607      661      777      156      358      699      586      567      350      735      502      680      381      322      368      393      404      
8        479      696      124      88       453      751      809      402      0        85       716      655      592      53       254      482      392      411      582      573      662      395      372      676      701      640      592      248      128      657      416      319      267      618      173      572      111      290      495      680      51       
9        558      777      205      171      533      830      893      423      85       0        801      739      658      41       329      561      475      488      658      653      744      460      458      756      781      725      673      281      210      742      500      400      348      703      248      658      53       367      568      738      137      
10       299      311      611      638      379      365      202      801      716      801      0        112      428      763      540      304      332      440      398      340      150      478      345      312      331      158      203      723      602      114      302      418      494      103      571      143      820      503      460      655      664      
11       202      389      562      585      391      451      312      796      655      739      112      0        315      699      514      205      263      445      445      386      43       376      302      385      410      222      93       700      552      184      240      342      465      66       498      119      764      481      487      707      604      
12       206      670      554      558      570      738      626      880      592      658      428      315      0        617      581      196      309      599      677      623      280      197      397      660      689      508      230      743      544      481      325      313      534      352      421      368      700      568      676      922      550      
13       517      749      177      141      506      804      860      431      53       41       763      699      617      0        306      520      436      464      635      626      704      419      422      729      754      691      633      282      181      708      462      360      320      665      207      620      86       343      547      727      101      
14       399      451      133      168      208      501      587      300      254      329      540      514      581      306      0        407      285      159      329      326      535      421      215      431      454      428      483      186      132      456      289      270      50       459      247      405      324      41       241      444      217      
15       10       489      411      426      374      557      480      708      482      561      304      205      196      520      407      0        122      406      483      430      194      173      206      477      506      336      119      583      401      319      130      164      357      205      313      198      594      387      481      726      433      
16       114      429      303      323      268      497      468      585      392      475      332      263      309      436      285      122      0        291      392      346      271      208      87       413      443      303      207      464      294      302      34       87       235      231      238      193      501      264      373      620      340      
17       396      295      288      323      62       343      447      361      411      488      440      445      599      464      159      406      291      0        170      170      476      480      203      275      296      302      443      306      285      338      275      321      148      381      367      326      482      121      95       335      371      
18       472      146      458      494      138      178      330      467      582      658      398      445      677      635      329      483      392      170      0        58       486      599      314      128      140      239      478      455      455      283      364      449      317      379      526      334      651      291      102      261      541      
19       420      125      449      485      120      177      290      501      573      653      340      386      623      626      326      430      346      170      58       0        427      555      275      104      127      183      421      472      445      226      317      410      306      320      501      275      651      287      133      320      529      
20       193      433      574      595      425      495      351      823      662      744      150      43       280      704      535      194      271      476      486      427      0        359      321      428      453      265      75       721      565      228      253      344      485      106      499      155      771      505      523      747      610      
21       179      635      368      368      470      703      649      710      395      460      478      376      197      419      421      173      208      480      599      555      359      0        285      620      650      496      286      564      359      485      240      159      379      378      226      364      503      417      570      816      355      
22       196      372      265      292      185      438      444      509      372      458      345      302      397      422      215      206      87       203      314      275      321      285      0        354      384      274      268      399      256      286      77       135      164      253      248      203      474      187      287      534      321      
23       467      20       552      587      223      84       205      596      676      756      312      385      660      729      431      477      413      275      128      104      428      620      354      0        30       163      441      575      547      203      380      487      408      324      593      293      755      391      228      353      630      
24       497      20       577      612      247      54       207      607      701      781      331      410      689      754      454      506      443      296      140      127      453      650      384      30       0        187      468      593      572      226      410      516      433      350      621      321      778      414      242      345      656      
25       327      167      523      555      240      232      169      661      640      725      158      222      508      691      428      336      303      302      239      183      265      496      274      163      187      0        282      602      516      43       268      388      390      162      522      140      735      388      307      497      590      
26       119      448      510      529      398      514      397      777      592      673      203      93       230      633      483      119      207      443      478      421      75       286      268      441      468      282      0        667      500      252      194      273      432      122      427      148      703      455      501      736      542      
27       576      595      198      210      367      633      753      156      248      281      723      700      743      282      186      583      464      306      455      472      721      564      399      575      593      602      667      0        207      634      472      431      235      645      350      590      246      220      353      470      248      
28       395      567      10       39       325      622      683      358      128      210      602      552      544      181      132      401      294      285      455      445      565      359      256      547      572      516      500      207      0        536      312      239      139      509      143      460      219      164      372      574      85       
29       311      205      543      574      276      267      165      699      657      742      114      184      481      708      456      319      302      338      283      226      228      485      286      203      226      43       252      634      536      0        268      389      414      130      530      121      755      416      349      541      606      
30       120      395      321      344      246      464      433      586      416      500      302      240      325      462      289      130      34       275      364      317      253      240      77       380      410      268      194      472      312      268      0        121      238      202      268      161      524      264      352      599      364      
31       159      503      249      262      315      571      554      567      319      400      418      342      313      360      270      164      87       321      449      410      344      159      135      487      516      388      273      431      239      389      121      0        224      315      156      280      430      261      412      657      269      
32       349      428      143      178      186      483      553      350      267      348      494      465      534      320      50       357      235      148      317      306      485      379      164      408      433      390      432      235      139      414      238      224      0        411      225      357      350      39       240      462      224      
33       199      330      518      543      326      394      278      735      618      703      103      66       352      665      459      205      231      381      379      320      106      378      253      324      350      162      122      645      509      130      202      315      411      0        469      55       724      425      420      640      566      
34       311      612      152      143      387      675      691      502      173      248      571      498      421      207      247      313      238      367      526      501      499      226      248      593      621      522      427      350      143      530      268      156      225      469      0        430      284      263      462      688      129      
35       190      302      468      495      271      369      284      680      572      658      143      119      368      620      405      198      193      326      334      275      155      364      203      293      321      140      148      590      460      121      161      280      357      55       430      0        677      370      368      594      521      
36       590      775      212      182      532      826      902      381      111      53       820      764      700      86       324      594      501      482      651      651      771      503      474      755      778      735      703      246      219      755      524      430      350      724      284      677      0        364      557      712      161      
37       378      411      166      202      168      462      546      322      290      367      503      481      568      343      41       387      264      121      291      287      505      417      187      391      414      388      455      220      164      416      264      261      39       425      263      370      364      0        208      424      250      
38       470      247      374      409      106      280      424      368      495      568      460      487      676      547      241      481      373      95       102      133      523      570      287      228      242      307      501      353      372      349      352      412      240      420      462      368      557      208      0        247      458      
39       716      362      572      604      352      343      551      393      680      738      655      707      922      727      444      726      620      335      261      320      747      816      534      353      345      497      736      470      574      541      599      657      462      640      688      594      712      424      247      0        654      
40       429      650      84       50       409      707      759      404      51       137      664      604      550      101      217      433      340      371      541      529      610      355      321      630      656      590      542      248      85       606      364      269      224      566      129      521      161      250      458      654      0        
;



Table delta(i,j)                 Distance
         0        1        2        3        4        5        6        7        8        9        10       11       12       13       14       15       16       17       18       19       20       21       22       23       24       25       26       27       28       29       30       31       32       33       34       35       36       37       38       39       40       
0        0        3260     3620     910      1320     660      880      3340     2960     2530     2290     3420     2170     3770     1640     1050     890      1700     1540     1610     720      3410     3480     1530     2610     2380     1290     130      2950     320      1730     600      2510     3240     1370     2110     3890     1580     880      2310     2900     
1        3260     0        342      357      354      304      307      337      410      447      193      82       307      274      365      406      353      171      182      424      397      72       179      228      122      89       211      337      398      297      153      387      85       385      416      117      355      168      277      476      44       
2        3620     342      0        302      259      404      423      30       146      239      178      272      148      92       237      349      301      363      272      307      394      282      176      413      228      300      273      374      133      361      298      398      354      88       324      292      26       302      400      306      352      
3        910      357      302      0        46       157      179      272      212      161      210      352      154      337      77       55       4        230      175      76       92       354      331      231      264      268      146      97       213      114      207      100      296      249      60       240      329      194      175      144      329      
4        1320     354      259      46       0        195      217      229      166      124      188      338      113      300      31       91       47       247      176      71       138      341      305      258      250      267      149      140      167      150      211      147      303      202      73       240      285      201      209      125      331      
5        660      304      404      157      195      0        22       378      354      317      250      336      265      406      226      169      154      135      158      227      122      333      361      98       264      224      141      65       351      46       163      105      222      376      203      200      430      148      31       297      264      
6        880      307      423      179      217      22       0        398      376      340      266      344      286      423      248      189      176      136      171      248      138      340      374      90       276      230      157      86       373      68       172      121      223      397      224      208      449      158      31       319      265      
7        3340     337      30       272      229      378      398      0        120      211      162      272      119      108      206      319      271      344      252      277      364      281      181      391      219      288      250      346      106      334      279      369      341      65       294      277      56       282      375      277      343      
8        2960     410      146      212      166      354      376      120      0        97       217      360      109      227      135      245      213      366      274      187      302      368      285      397      288      341      260      305      14       308      309      312      391      59       210      321      166      306      361      166      404      
9        2530     447      239      161      124      317      340      211      97       0        259      413      146      312      96       174      163      365      284      108      237      419      353      382      330      367      261      258      108      273      321      251      410      155      135      343      262      313      333      69       432      
10       2290     193      178      210      188      250      266      162      217      259      0        154      115      156      189      265      207      185      99       259      284      160      122      238      71       128      109      242      205      215      119      281      181      197      260      114      200      125      238      298      188      
11       3420     82       272      352      338      336      344      272      360      413      154      0        267      197      342      405      348      215      188      409      409      11       100      277      88       115      215      355      347      318      173      402      145      326      407      136      281      188      313      452      115      
12       2170     307      148      154      113      265      286      119      109      146      115      267      0        189      97       204      152      258      166      172      245      273      210      294      186      233      153      228      100      220      200      250      282      112      183      213      175      198      266      193      297      
13       3770     274      92       337      300      406      423      108      227      312      156      197      189      0        286      390      334      335      255      361      423      208      97       392      178      254      265      390      213      368      270      424      305      174      372      253      90       278      395      373      293      
14       1640     365      237      77       31       226      248      206      135      96       189      342      97       286      0        114      78       270      192      75       167      347      300      286      255      280      168      171      137      180      229      176      320      175      87       255      263      220      239      111      345      
15       1050     406      349      55       91       169      189      319      245      174      265      405      204      390      114      0        58       268      224      68       63       407      387      258      318      317      195      103      249      136      254      79       341      289      40       289      376      240      194      134      376      
16       890      353      301      4        47       154      176      271      213      163      207      348      152      334      78       58       0        226      170      80       93       350      328      228      260      264      142      94       214      111      202      100      292      248      64       236      328      190      171      148      325      
17       1700     171      363      230      247      135      136      344      366      365      185      215      258      335      270      268      226      0        93       305      242      210      266      62       163      100      106      179      358      138      65       228      87       366      289      86       385      62       106      370      129      
18       1540     182      272      175      176      158      171      252      274      284      99       188      166      255      192      224      170      93       0        243      221      187      203      140      108      93       28       167      266      131      36       213      127      272      234      65       296      32       142      301      155      
19       1610     424      307      76       71       227      248      277      187      108      259      409      172      361      75       68       80       305      243      0        131      413      374      307      321      336      216      163      193      188      278      146      369      237      27       309      333      266      248      70       399      
20       720      397      394      92       138      122      138      364      302      237      284      409      245      423      167      63       93       242      221      131      0        409      406      219      325      309      194      62       304      103      244      17       323      341      104      282      421      229      151      198      362      
21       3410     72       282      354      341      333      340      281      368      419      160      11       273      208      347      407      350      210      187      413      409      0        111      272      91       111      215      354      355      316      171      401      137      335      410      133      292      186      309      457      106      
22       3480     179      176      331      305      361      374      181      285      353      122      100      210      97       300      387      328      266      203      374      406      111      0        327      102      173      222      362      270      331      206      403      219      242      378      180      183      218      344      403      202      
23       1530     228      413      231      258      98       90       391      397      382      238      277      294      392      286      258      228      62       140      307      219      272      327      0        225      162      142      158      391      121      122      203      142      406      286      148      436      113      67       376      184      
24       2610     122      228      264      250      264      276      219      288      330      71       88       186      178      255      318      260      163      108      321      325      91       102      225      0        75       132      274      275      239      105      319      127      263      319      77       245      117      245      366      124      
25       2380     89       300      268      267      224      230      288      341      367      128      115      233      254      280      317      264      100      93       336      309      111      173      162      75       0        121      250      330      211      65       299      53       325      327      27       319      80       198      391      65       
26       1290     211      273      146      149      141      157      250      260      261      109      215      153      265      168      195      142      106      28       216      194      215      222      142      132      121      0        142      252      109      61       187      153      264      206      94       297      51       130      275      183      
27       130      337      374      97       140      65       86       346      305      258      242      355      228      390      171      103      94       179      167      163      62       354      362      158      274      250      142      0        304      41       185      49       262      334      138      223      401      170      91       233      301      
28       2950     398      133      213      167      351      373      106      14       108      205      347      100      213      137      249      214      358      266      193      304      355      270      391      275      330      252      304      0        305      300      314      380      47       215      311      154      298      357      176      393      
29       320      297      361      114      150      46       68       334      308      273      215      318      220      368      180      136      111      138      131      188      103      316      331      121      239      211      109      41       305      0        146      90       220      330      166      184      387      131      60       258      260      
30       1730     153      298      207      211      163      172      279      309      321      119      173      200      270      229      254      202      65       36       278      244      171      206      122      105      65       61       185      300      146      0        234      91       305      266      38       319      15       141      336      122      
31       600      387      398      100      147      105      121      369      312      251      281      402      250      424      176      79       100      228      213      146      17       401      403      203      319      299      187      49       314      90       234      0        311      349      119      272      425      219      135      214      350      
32       2510     85       354      296      303      222      223      341      391      410      181      145      282      305      320      341      292      87       127      369      323      137      219      142      127      53       153      262      380      220      91       311      0        378      357      69       372      102      194      428      42       
33       3240     385      88       249      202      376      397      65       59       155      197      326      112      174      175      289      248      366      272      237      341      335      242      406      263      325      264      334      47       330      305      349      378      0        257      310      107      304      379      224      385      
34       1370     416      324      60       73       203      224      294      210      135      260      407      183      372      87       40       64       289      234      27       104      410      378      286      319      327      206      138      215      166      266      119      357      257      0        300      350      254      225      96       389      
35       2110     117      292      240      240      200      208      277      321      343      114      136      213      253      255      289      236      86       65       309      282      133      180      148      77       27       94       223      311      184      38       272      69       310      300      0        311      53       177      364      90       
36       3890     355      26       329      285      430      449      56       166      262      200      281      175      90       263      376      328      385      296      333      421      292      183      436      245      319      297      401      154      387      319      425      372      107      350      311      0        324      425      329      367      
37       1580     168      302      194      201      148      158      282      306      313      125      188      198      278      220      240      190      62       32       266      229      186      218      113      117      80       51       170      298      131      15       219      102      304      254      53       324      0        127      326      135      
38       880      277      400      175      209      31       31       375      361      333      238      313      266      395      239      194      171      106      142      248      151      309      344      67       245      198      130      91       357      60       141      135      194      379      225      177      425      127      0        318      235      
39       2310     476      306      144      125      297      319      277      166      69       298      452      193      373      111      134      148      370      301      70       198      457      403      376      366      391      275      233      176      258      336      214      428      224      96       364      329      326      318      0        455      
40       2900     44       352      329      331      264      265      343      404      432      188      115      297      293      345      376      325      129      155      399      362      106      202      184      124      65       183      301      393      260      122      350      42       385      389      90       367      135      235      455      0        
;

