
sets
i        orders          /0*40/
k        routes          /1*40/
p        positions       /0*40/
;

alias(i,j)
alias(i,h)
alias(i,hh)
alias(i,jj)
alias(k,kk)
                
                    Parameters

rho(i)	Processing time
/
0	0
1	23
2	71
3	66
4	67
5	42
6	60
7	6
8	49
9	10
10	44
11	70
12	53
13	80
14	64
15	57
16	14
17	42
18	98
19	29
20	58
21	59
22	13
23	65
24	99
25	18
26	84
27	84
28	60
29	55
30	79
31	75
32	55
33	94
34	25
35	49
36	36
37	39
38	88
39	97
40	13
/

gamma(i)	Duedate
/
0	0
1	68
2	65
3	21
4	51
5	18
6	92
7	67
8	67
9	41
10	10
11	82
12	10
13	15
14	3
15	65
16	81
17	35
18	78
19	46
20	46
21	76
22	40
23	65
24	71
25	92
26	17
27	3
28	14
29	83
30	96
31	14
32	53
33	66
34	60
35	38
36	6
37	93
38	48
39	49
40	65
/

sigma(i)	Size
/
0	0
1	1
2	4
3	5
4	1
5	1
6	6
7	4
8	3
9	2
10	1
11	8
12	5
13	6
14	1
15	8
16	7
17	4
18	2
19	4
20	4
21	9
22	6
23	4
24	7
25	5
26	7
27	9
28	9
29	6
30	5
31	9
32	3
33	1
34	7
35	5
36	1
37	5
38	8
39	4
40	9
/

epsilon(i)	Priority
/
0	0
1	9
2	2
3	2
4	1
5	4
6	1
7	5
8	7
9	1
10	5
11	2
12	7
13	9
14	2
15	1
16	2
17	2
18	1
19	2
20	5
21	6
22	2
23	3
24	9
25	5
26	1
27	7
28	6
29	6
30	5
31	8
32	3
33	9
34	8
35	4
36	7
37	9
38	9
39	6
40	9
/

psi	Vehicle Capacity
/ 10 /
;

Table kappa(i,j)                 Setup
         0        1        2        3        4        5        6        7        8        9        10       11       12       13       14       15       16       17       18       19       20       21       22       23       24       25       26       27       28       29       30       31       32       33       34       35       36       37       38       39       40       
0        0        113      341      287      410      702      412      388      189      452      233      412      487      393      340      600      639      252      149      285      365      580      418      261      141      208      536      366      341      676      542      702      486      329      487      224      361      254      696      634      459      
1        113      0        389      312      302      617      312      276      184      358      285      365      374      403      284      529      568      309      130      289      292      474      350      198      241      295      427      297      370      569      474      612      547      374      386      304      247      351      612      541      408      
2        341      389      0        620      661      1002     687      565      220      738      108      747      660      728      316      919      957      89       486      153      375      830      739      316      239      173      651      686      66       753      863      992      769      20       557      510      558      493      998      918      792      
3        287      312      620      0        438      576      398      511      471      404      515      236      584      109      596      444      478      531      184      572      602      560      296      511      388      462      673      267      627      819      386      597      257      612      666      160      474      232      566      551      277      
4        410      302      661      438      0        359      62       151      440      112      568      292      165      464      422      325      357      593      314      525      383      172      217      365      544      595      273      199      624      407      294      339      692      642      319      528      128      596      359      262      305      
5        702      617      1002     576      359      0        317      502      784      264      901      339      465      528      782      138      117      925      562      877      742      240      293      722      843      907      567      340      972      653      191      51       768      985      648      724      486      799      12       107      300      
6        412      312      687      398      62       317      0        211      468      55       590      233      226      414      469      268      302      615      297      559      434      173      156      405      550      607      335      144      655      467      233      304      648      670      381      503      183      574      315      230      243      
7        388      276      565      511      151      502      211      0        352      263      486      420      101      564      289      477      508      511      347      417      242      283      355      250      501      536      161      323      518      308      444      476      768      545      173      562      37       618      503      400      443      
8        189      184      220      471      440      784      468      352      0        520      134      550      450      572      172      707      745      159      304      104      215      610      531      120      197      201      460      478      189      581      654      773      674      202      380      410      341      426      781      698      593      
9        452      358      738      404      112      264      55       263      520      0        639      210      267      405      525      213      246      664      326      613      490      156      129      461      592      652      377      137      708      502      182      254      646      721      431      523      238      596      261      183      210      
10       233      285      108      515      568      901      590      486      134      639      0        639      584      622      276      814      852      25       378      123      330      739      633      249      146      100      591      580      117      706      758      893      676      97       505      413      474      406      897      820      685      
11       412      365      747      236      292      339      233      420      550      210      639      0        457      203      616      209      245      661      263      653      599      357      80       535      548      619      563      97       734      699      150      362      449      733      594      387      385      462      329      321      47       
12       487      374      660      584      165      465      226      101      450      267      584      457      0        623      368      468      495      609      433      509      314      228      382      343      602      637      110      363      610      242      447      431      842      640      183      650      126      710      469      358      470      
13       393      403      728      109      464      528      414      564      572      405      622      203      623      0        686      390      419      639      272      674      686      558      280      600      497      571      721      271      734      864      337      557      246      719      728      258      526      324      517      522      230      
14       340      284      316      596      422      782      469      289      172      525      276      616      368      686      0        733      769      296      414      164      59       573      576      85       369      364      339      528      256      437      689      760      822      295      241      565      297      591      781      683      653      
15       600      529      919      444      325      138      268      477      707      213      814      209      468      390      733      0        38       837      454      806      702      276      181      664      740      808      578      234      896      688      59       175      629      903      641      596      452      672      127      170      166      
16       639      568      957      478      357      117      302      508      745      246      852      245      495      419      769      38       0        876      492      844      736      292      220      700      779      847      603      273      934      708      97       161      655      941      670      632      484      707      105      174      200      
17       252      309      89       531      593      925      615      511      159      664      25       661      609      639      296      837      876      0        399      138      351      765      656      273      153      96       614      603      112      728      781      918      685      82       528      424      499      411      921      845      707      
18       149      130      486      184      314      562      297      347      304      326      378      263      433      272      414      454      492      399      0        408      418      470      273      328      286      356      509      222      479      655      395      568      429      474      489      217      312      282      555      504      310      
19       285      289      153      572      525      877      559      417      104      613      123      653      509      674      164      806      844      138      408      0        222      691      632      166      251      222      497      580      100      601      754      862      763      133      403      497      414      503      874      787      696      
20       365      292      375      602      383      742      434      242      215      490      330      599      314      686      59       702      736      351      418      222      0        525      552      104      411      413      280      507      315      379      660      717      838      354      182      586      255      619      742      641      633      
21       580      474      830      560      172      240      173      283      610      156      739      357      228      558      573      276      292      765      470      691      525      0        278      526      716      768      327      293      790      417      278      202      801      812      412      675      278      746      245      133      347      
22       418      350      739      296      217      293      156      355      531      129      633      80       382      280      576      181      220      656      273      632      552      278      0        500      558      626      491      53       719      623      124      306      524      724      528      434      322      509      285      255      88       
23       261      198      316      511      365      722      405      250      120      461      249      535      343      600      85       664      700      273      328      166      104      526      500      0        311      322      341      451      267      460      616      704      739      296      259      484      248      515      721      628      574      
24       141      241      239      388      544      843      550      501      197      592      146      548      602      497      369      740      779      153      286      251      411      716      558      311      0        74       634      506      263      765      681      844      531      235      566      271      478      259      837      775      595      
25       208      295      173      462      595      907      607      536      201      652      100      619      637      571      364      808      847      96       356      222      413      768      626      322      74       0        658      573      208      782      750      905      596      172      581      340      518      320      901      835      666      
26       536      427      651      673      273      567      335      161      460      377      591      563      110      721      339      578      603      614      509      497      280      327      491      341      634      658      0        468      594      146      557      529      930      631      107      721      198      776      571      460      578      
27       366      297      686      267      199      340      144      323      478      137      580      97       363      271      528      234      273      603      222      580      507      293      53       451      506      573      468      0        666      606      177      349      509      671      496      395      288      470      333      292      125      
28       341      370      66       627      624      972      655      518      189      708      117      734      610      734      256      896      934      112      479      100      315      790      719      267      263      208      594      666      0        691      843      959      794      49       497      531      514      523      969      884      778      
29       676      569      753      819      407      653      467      308      581      502      706      699      242      864      437      688      708      728      655      601      379      417      623      460      765      782      146      606      691      0        676      609      1076     732      200      867      345      920      660      548      710      
30       542      474      863      386      294      191      233      444      654      182      758      150      447      337      689      59       97       781      395      754      660      278      124      616      681      750      557      177      843      676      0        220      580      848      613      537      416      612      181      196      109      
31       702      612      992      597      339      51       304      476      773      254      893      362      431      557      760      175      161      918      568      862      717      202      306      704      844      905      529      349      959      609      220      0        800      974      614      741      462      816      62       76       327      
32       486      547      769      257      692      768      648      768      674      646      676      449      842      246      822      629      655      685      429      763      838      801      524      739      531      596      930      509      794      1076     580      800      0        766      918      265      731      277      757      768      475      
33       329      374      20       612      642      985      670      545      202      721      97       733      640      719      295      903      941      82       474      133      354      812      724      296      235      172      631      671      49       732      848      974      766      0        536      506      538      492      981      900      778      
34       487      386      557      666      319      648      381      173      380      431      505      594      183      728      241      641      670      528      489      403      182      412      528      259      566      581      107      496      497      200      613      614      918      536      0        690      208      737      651      542      616      
35       224      304      510      160      528      724      503      562      410      523      413      387      650      258      565      596      632      424      217      497      586      675      434      484      271      340      721      395      531      867      537      741      265      506      690      0        527      75       715      687      431      
36       361      247      558      474      128      486      183      37       341      238      474      385      126      526      297      452      484      499      312      414      255      278      322      248      478      518      198      288      514      345      416      462      731      538      208      527      0        585      486      386      409      
37       254      351      493      232      596      799      574      618      426      596      406      462      710      324      591      672      707      411      282      503      619      746      509      515      259      320      776      470      523      920      612      816      277      492      737      75       585      0        790      762      506      
38       696      612      998      566      359      12       315      503      781      261      897      329      469      517      781      127      105      921      555      874      742      245      285      721      837      901      571      333      969      660      181      62       757      981      651      715      486      790      0        112      290      
39       634      541      918      551      262      107      230      400      698      183      820      321      358      522      683      170      174      845      504      787      641      133      255      628      775      835      460      292      884      548      196      76       768      900      542      687      386      762      112      0        293      
40       459      408      792      277      305      300      243      443      593      210      685      47       470      230      653      166      200      707      310      696      633      347      88       574      595      666      578      125      778      710      109      327      475      778      616      431      409      506      290      293      0        
;



Table delta(i,j)                 Distance
         0        1        2        3        4        5        6        7        8        9        10       11       12       13       14       15       16       17       18       19       20       21       22       23       24       25       26       27       28       29       30       31       32       33       34       35       36       37       38       39       40       
0        0        2530     2290     3760     3130     3860     3170     1890     2390     2640     1150     3320     2890     3490     3260     1230     1230     3430     1520     1530     3320     3420     3010     340      2360     2970     1830     1170     800      2220     460      1170     3110     990      130      910      2500     2570     1600     2920     3330     
1        2530     0        252      452      425      304      317      186      401      334      359      276      254      418      404      255      145      198      402      234      357      249      124      245      324      177      69       207      176      276      299      150      240      347      266      344      394      308      353      155      248      
2        2290     252      0        200      177      166      89       70       184      83       256      110      68       166      152      114      249      176      300      76       115      136      188      196      81       136      218      115      224      32       257      163      103      258      237      278      166      56       183      150      126      
3        3760     452      200      0        76       246      150      269      170      123      339      219      212      34       51       257      435      332      367      245      106      264      372      344      144      309      417      289      401      181      383      351      246      352      377      381      144      144      242      329      257      
4        3130     425      177      76       0        274      164      239      94       95       265      234      214      71       54       201      386      338      292      199      129      278      364      282      101      306      381      240      348      149      314      306      253      279      313      309      69       123      168      324      269      
5        3860     304      166      246      274      0        112      198      325      198      422      56       98       218      224      279      370      116      466      239      146      55       185      354      219      127      309      268      360      189      419      292      76       424      395      443      299      177      345      149      59       
6        3170     317      89       150      164      112      0        152      214      87       329      71       65       117      117      197      336      181      370      163      44       116      224      283      111      160      296      204      312      96       341      250      96       334      323      357      187      71       243      181      107      
7        1890     186      70       269      239      198      152      0        225      148      246      145      106      235      220      103      184      162      293      64       184      152      146      159      138      116      148      74       165      90       226      99       122      243      199      256      213      124      197      119      144      
8        2390     401      184      170      94       325      214      225      0        126      174      275      243      159      136      149      332      360      198      167      193      313      368      213      108      321      346      197      290      152      232      263      282      189      236      219      28       148      81       333      303      
9        2640     334      83       123      95       198      87       148      126      0        252      150      122      90       72       141      313      246      291      122      75       191      268      230      29       212      295      167      280      58       279      228      162      261      267      287      101      28       161      228      181      
10       1150     359      256      339      265      422      329      246      174      252      0        366      324      320      296      145      238      409      46       187      328      389      383      114      223      362      290      176      193      234      80       211      355      19       104      48       196      258      97       363      379      
11       3320     276      110      219      234      56       71       145      275      150      366      0        42       187      188      223      324      114      410      183      113      45       167      299      167      103      269      214      310      134      363      243      36       368      340      387      251      126      290      126      38       
12       2890     254      68       212      214      98       65       106      243      122      324      42       0        179      173      181      288      124      369      140      108      70       159      257      135      96       239      172      271      95       321      205      39       326      298      345      220      95       251      117      60       
13       3490     418      166      34       71       218      117      235      159      90       320      187      179      0        24       228      404      299      352      213      74       233      338      317      114      275      384      258      371      148      359      319      213      332      352      361      131      111      223      295      225      
14       3260     404      152      51       54       224      117      220      136      72       296      188      173      24       0        206      384      296      328      193      77       233      330      294      93       269      367      237      350      130      336      300      210      308      329      337      108      96       199      288      224      
15       1230     255      114      257      201      279      197      103      149      141      145      223      181      228      206      0        186      264      192      41       209      243      247      89       114      218      196      48       147      100      144      113      210      145      128      164      149      134      99       222      234      
16       1230     145      249      435      386      370      336      184      332      313      238      324      288      404      384      186      0        293      275      190      364      317      232      129      292      254      82       147      45       258      166      86       294      222      135      212      336      296      263      240      311      
17       3430     198      176      332      338      116      181      162      360      246      409      114      124      299      296      264      293      0        455      223      225      70       73       316      254      46       219      235      295      208      383      231      86       406      354      418      340      218      353      53       76       
18       1520     402      300      367      292      466      370      293      198      291      46       410      369      352      328      192      275      455      0        233      367      434      429      157      262      409      332      222      232      278      109      256      401      54       140      65       223      299      130      410      425      
19       1530     234      76       245      199      239      163      64       167      122      187      183      140      213      193      41       190      223      233      0        181      202      210      119      101      178      183      44       158      71       181      107      169      187      160      204      160      108      133      183      192      
20       3320     357      115      106      129      146      44       184      193      75       328      113      108      74       77       209      364      225      367      181      0        159      268      298      105      204      332      225      337      110      351      278      140      336      337      362      165      75       236      225      151      
21       3420     249      136      264      278      55       116      152      313      191      389      45       70       233      233      243      317      70       434      202      159      0        132      311      205      72       254      225      309      165      377      242      33       389      352      406      290      165      320      94       10       
22       3010     124      188      372      364      185      224      146      368      268      383      167      159      338      330      247      232      73       429      210      268      132      0        279      269      64       153      207      242      219      345      184      132      377      313      384      352      240      343      42       133      
23       340      245      196      344      282      354      283      159      213      230      114      299      257      317      294      89       129      316      157      119      298      311      279      0        202      270      176      85       84       188      67       99       280      103      41       104      222      223      137      266      302      
24       2360     324      81       144      101      219      111      138      108      29       223      167      135      114      93       114      292      254      262      101      105      205      269      202      0        217      280      144      257      50       250      208      174      231      239      257      86       41       132      231      195      
25       2970     177      136      309      306      127      160      116      321      212      362      103      96       275      269      218      254      46       409      178      204      72       64       270      217      0        185      188      252      168      337      187      67       359      308      371      302      183      308      22       71       
26       1830     69       218      417      381      309      296      148      346      295      290      269      239      384      367      196      82       219      332      183      332      254      153      176      280      185      0        148      107      236      229      84       235      278      196      274      342      272      290      167      250      
27       1170     207      115      289      240      268      204      74       197      167      176      214      172      258      237      48       147      235      222      44       225      225      207      85       144      188      148      0        113      114      152      67       194      171      126      183      194      152      146      187      217      
28       800      176      224      401      348      360      312      165      290      280      193      310      271      371      350      147      45       295      232      158      337      309      242      84       257      252      107      113      0        228      124      67       283      179      92       170      294      265      219      242      302      
29       2220     276      32       181      149      189      96       90       152      58       234      134      95       148      130      100      258      208      278      71       110      165      219      188      50       168      236      114      228      0        244      172      133      239      228      261      134      38       155      182      155      
30       460      299      257      383      314      419      341      226      232      279      80       363      321      359      336      144      166      383      109      181      351      377      345      67       250      337      229      152      124      244      0        161      346      61       33       46       248      276      150      333      368      
31       1170     150      163      351      306      292      250      99       263      228      211      243      205      319      300      113      86       231      256      107      278      242      184      99       208      187      84       67       67       172      161      0        215      201      129      203      262      210      205      178      235      
32       3110     240      103      246      253      76       96       122      282      162      355      36       39       213      210      210      294      86       401      169      140      33       132      280      174      67       235      194      283      133      346      215      0        356      321      373      260      135      287      90       23       
33       990      347      258      352      279      424      334      243      189      261      19       368      326      332      308      145      222      406      54       187      336      389      377      103      231      359      278      171      179      239      61       201      356      0        88       30       210      265      110      359      379      
34       130      266      237      377      313      395      323      199      236      267      104      340      298      352      329      128      135      354      140      160      337      352      313      41       239      308      196      126      92       228      33       129      321      88       0        78       249      262      156      303      343      
35       910      344      278      381      309      443      357      256      219      287      48       387      345      361      337      164      212      418      65       204      362      406      384      104      257      371      274      183      170      261      46       203      373      30       78       0        240      289      140      369      396      
36       2500     394      166      144      69       299      187      213      28       101      196      251      220      131      108      149      336      340      223      160      165      290      352      222      86       302      342      194      294      134      248      262      260      210      249      240      0        125      100      316      280      
37       2570     308      56       144      123      177      71       124      148      28       258      126      95       111      96       134      296      218      299      108      75       165      240      223      41       183      272      152      265      38       276      210      135      265      262      289      125      0        171      200      155      
38       1600     353      183      242      168      345      243      197      81       161      97       290      251      223      199      99       263      353      130      133      236      320      343      137      132      308      290      146      219      155      150      205      287      110      156      140      100      171      0        315      310      
39       2920     155      150      329      324      149      181      119      333      228      363      126      117      295      288      222      240      53       410      183      225      94       42       266      231      22       167      187      242      182      333      178      90       359      303      369      316      200      315      0        94       
40       3330     248      126      257      269      59       107      144      303      181      379      38       60       225      224      234      311      76       425      192      151      10       133      302      195      71       250      217      302      155      368      235      23       379      343      396      280      155      310      94       0        
;

