
sets
i        orders          /0*40/
k        routes          /1*40/
p        positions       /0*40/
;

alias(i,j)
alias(i,h)
alias(i,hh)
alias(i,jj)
alias(k,kk)
                
                    Parameters

rho(i)	Processing time
/
0	0
1	55
2	11
3	22
4	37
5	20
6	36
7	42
8	46
9	8
10	56
11	8
12	98
13	69
14	6
15	24
16	37
17	21
18	23
19	73
20	11
21	64
22	59
23	71
24	97
25	25
26	50
27	69
28	97
29	95
30	64
31	80
32	43
33	21
34	84
35	40
36	8
37	37
38	40
39	72
40	5
/

gamma(i)	Duedate
/
0	0
1	52
2	46
3	64
4	2
5	79
6	8
7	42
8	87
9	45
10	74
11	2
12	22
13	85
14	18
15	86
16	37
17	53
18	65
19	88
20	6
21	30
22	66
23	24
24	24
25	52
26	31
27	23
28	79
29	69
30	87
31	80
32	23
33	71
34	63
35	32
36	41
37	85
38	18
39	86
40	46
/

sigma(i)	Size
/
0	0
1	8
2	8
3	3
4	4
5	7
6	6
7	3
8	7
9	8
10	3
11	7
12	7
13	2
14	6
15	4
16	9
17	1
18	4
19	1
20	5
21	5
22	8
23	6
24	5
25	8
26	3
27	2
28	4
29	5
30	2
31	3
32	1
33	1
34	6
35	1
36	9
37	7
38	4
39	6
40	1
/

epsilon(i)	Priority
/
0	0
1	1
2	6
3	6
4	9
5	9
6	1
7	3
8	4
9	2
10	1
11	8
12	4
13	5
14	7
15	8
16	2
17	4
18	1
19	2
20	2
21	2
22	7
23	8
24	6
25	7
26	3
27	4
28	9
29	4
30	3
31	7
32	2
33	6
34	5
35	3
36	8
37	4
38	6
39	5
40	7
/

psi	Vehicle Capacity
/ 22 /
;

Table kappa(i,j)                 Setup
         0        1        2        3        4        5        6        7        8        9        10       11       12       13       14       15       16       17       18       19       20       21       22       23       24       25       26       27       28       29       30       31       32       33       34       35       36       37       38       39       40       
0        0        665      422      306      226      407      261      512      550      390      438      504      471      417      93       87       260      700      165      256      390      302      59       224      329      737      294      6        785      205      500      333      560      649      785      480      489      382      541      615      337      
1        665      0        828      384      501      679      678      154      140      712      246      854      895      274      688      645      437      246      803      707      594      365      683      650      843      387      425      670      528      460      698      505      861      630      516      840      390      419      696      582      355      
2        422      828      0        472      367      162      683      691      688      119      691      87       67       561      329      344      595      725      328      172      242      565      478      645      133      678      421      417      643      500      211      323      153      419      650      64       467      409      254      419      492      
3        306      384      472      0        117      349      433      232      253      369      220      519      539      114      308      266      200      394      423      329      275      117      342      392      464      446      51       310      520      135      407      168      545      456      517      499      218      131      427      410      31       
4        226      501      367      117      0        267      418      350      368      276      327      423      432      228      203      164      242      486      315      214      211      198      275      375      348      512      79       227      560      147      343      119      458      445      559      402      262      155      373      405      145      
5        407      679      162      349      267      0        654      549      539      46       569      176      224      421      326      320      509      563      379      172      84       458      467      613      247      517      298      405      492      414      94       184      195      284      498      161      306      261      139      272      363      
6        261      678      683      433      418      654      0        547      605      644      432      764      732      508      354      342      256      797      397      515      620      352      207      43       586      874      452      266      954      298      744      538      819      863      951      740      651      553      781      822      455      
7        512      154      691      232      350      549      547      0        65       579      123      725      758      129      533      490      295      272      648      560      466      214      531      515      695      388      277      516      512      307      583      369      739      554      503      709      292      289      588      504      205      
8        550      140      688      253      368      539      605      65       0        572      188      715      755      139      562      519      350      206      677      569      454      262      575      571      705      325      290      554      452      350      562      365      723      512      443      700      258      279      562      463      223      
9        390      712      119      369      276      46       644      579      572      0        590      149      184      450      305      304      516      605      345      142      122      472      450      603      202      562      317      387      538      420      127      210      182      327      544      130      347      293      173      317      386      
10       438      246      691      220      327      569      432      123      188      590      0        739      758      171      478      436      192      394      590      541      491      140      446      403      672      504      272      444      620      236      619      385      763      629      612      720      363      324      634      579      205      
11       504      854      87       519      423      176      764      725      715      149      739      0        89       597      412      423      660      727      416      249      260      621      561      725      219      664      467      500      611      564      181      358      67       378      620      24       476      437      214      387      535      
12       471      895      67       539      432      224      732      758      755      184      758      89       0        629      378      397      657      787      359      230      307      630      525      695      154      735      488      466      691      562      258      390      152      462      700      81       530      476      296      467      559      
13       417      274      561      114      228      421      508      129      139      450      171      597      629      0        423      380      254      293      538      433      339      156      447      470      569      368      151      421      467      226      460      239      613      458      461      580      193      163      469      408      83       
14       93       688      329      308      203      326      354      533      562      305      478      412      378      423      0        43       320      689      115      166      321      338      149      317      238      708      281      88       740      244      421      285      469      584      742      388      456      352      464      555      339      
15       87       645      344      266      164      320      342      490      519      304      436      423      397      380      43       0        282      650      158      173      304      295      147      302      266      674      241      85       711      202      413      256      476      565      712      398      422      316      454      533      297      
16       260      437      595      200      242      509      256      295      350      516      192      660      657      254      320      282      0        541      423      427      450      97       258      221      544      623      236      266      713      96       583      347      699      656      708      637      416      331      610      610      214      
17       700      246      725      394      486      563      797      272      206      605      394      727      787      293      689      650      541      0        800      649      483      445      736      761      777      142      409      703      284      518      550      431      715      426      272      718      259      345      534      385      364      
18       165      803      328      423      315      379      397      648      677      345      590      416      359      538      115      158      423      800      0        207      397      450      197      368      205      811      394      159      832      354      471      384      480      656      834      393      560      458      517      633      454      
19       256      707      172      329      214      172      515      560      569      142      541      249      230      433      166      173      427      649      207      0        197      407      314      476      135      636      283      252      638      333      265      218      304      450      642      225      393      306      311      430      354      
20       390      594      242      275      211      84       620      466      454      122      491      260      307      339      321      304      450      483      397      197      0        388      448      577      304      448      225      388      441      357      134      107      274      262      445      246      224      177      162      236      285      
21       302      365      565      117      198      458      352      214      262      472      140      621      630      156      338      295      97       445      450      407      388      0        318      315      536      525      164      307      616      97       522      281      652      572      611      600      323      247      544      525      123      
22       59       683      478      342      275      467      207      531      575      450      446      561      525      447      149      147      258      736      197      314      448      318      0        173      379      782      337      62       835      225      560      387      618      706      835      537      536      429      601      671      372      
23       224      650      645      392      375      613      43       515      571      603      403      725      695      470      317      302      221      761      368      476      577      315      173      0        552      834      410      229      912      256      701      495      779      820      909      701      609      510      738      779      415      
24       329      843      133      464      348      247      586      695      705      202      672      219      154      569      238      266      544      777      205      135      304      536      379      552      0        753      418      323      738      454      323      349      285      528      744      197      518      438      369      519      490      
25       737      387      678      446      512      517      874      388      325      562      504      664      735      368      708      674      623      142      811      636      448      525      782      834      753      0        444      739      142      580      482      427      640      320      130      659      252      357      455      288      420      
26       294      425      421      51       79       298      452      277      290      317      272      467      488      151      281      241      236      409      394      283      225      164      337      410      418      444      0        296      505      156      358      117      493      420      503      447      202      100      380      376      72       
27       6        670      417      310      227      405      266      516      554      387      444      500      466      421      88       85       266      703      159      252      388      307      62       229      323      739      296      0        786      210      498      333      556      648      786      475      490      383      539      615      341      
28       785      528      643      520      560      492      954      512      452      538      620      611      691      467      740      711      713      284      832      638      441      616      835      912      738      142      505      786      0        655      433      455      575      236      13       611      303      407      397      224      500      
29       205      460      500      135      147      414      298      307      350      420      236      564      562      226      244      202      96       518      354      333      357      97       225      256      454      580      156      210      655      0        490      258      603      576      652      541      352      256      519      532      160      
30       500      698      211      407      343      94       744      583      562      127      619      181      258      460      421      413      583      550      471      265      134      522      560      701      323      482      358      498      433      490      0        240      165      208      441      179      309      297      46       208      415      
31       333      505      323      168      119      184      538      369      365      210      385      358      390      239      285      256      347      431      384      218      107      281      387      495      349      427      117      333      455      258      240      0        378      325      456      340      178      89       263      286      179      
32       560      861      153      545      458      195      819      739      723      182      763      67       152      613      469      476      699      715      480      304      274      652      618      779      285      640      493      556      575      603      165      378      0        339      585      88       474      450      185      356      558      
33       649      630      419      456      445      284      863      554      512      327      629      378      462      458      584      565      656      426      656      450      262      572      706      820      528      320      420      648      236      576      208      325      339      0        246      381      266      325      166      50       449      
34       785      516      650      517      559      498      951      503      443      544      612      620      700      461      742      712      708      272      834      642      445      611      835      909      744      130      503      786      13       652      441      456      585      246      0        620      301      406      405      233      496      
35       480      840      64       499      402      161      740      709      700      130      720      24       81       580      388      398      637      718      393      225      246      600      537      701      197      659      447      475      611      541      179      340      88       381      620      0        465      421      215      387      516      
36       489      390      467      218      262      306      651      292      258      347      363      476      530      193      456      422      416      259      560      393      224      323      536      609      518      252      202      490      303      352      309      178      474      266      301      465      0        107      305      216      201      
37       382      419      409      131      155      261      553      289      279      293      324      437      476      163      352      316      331      345      458      306      177      247      429      510      438      357      100      383      407      256      297      89       450      325      406      421      107      0        309      279      126      
38       541      696      254      427      373      139      781      588      562      173      634      214      296      469      464      454      610      534      517      311      162      544      601      738      369      455      380      539      397      519      46       263      185      166      405      215      305      309      0        173      432      
39       615      582      419      410      405      272      822      504      463      317      579      387      467      408      555      533      610      385      633      430      236      525      671      779      519      288      376      615      224      532      208      286      356      50       233      387      216      279      173      0        402      
40       337      355      492      31       145      363      455      205      223      386      205      535      559      83       339      297      214      364      454      354      285      123      372      415      490      420      72       341      500      160      415      179      558      449      496      516      201      126      432      402      0        
;



Table delta(i,j)                 Distance
         0        1        2        3        4        5        6        7        8        9        10       11       12       13       14       15       16       17       18       19       20       21       22       23       24       25       26       27       28       29       30       31       32       33       34       35       36       37       38       39       40       
0        0        4430     3140     2020     3060     4400     1680     910      1310     2710     350      1350     420      2120     1870     1670     900      1990     760      640      1970     1730     2050     1960     1480     1810     3190     3550     3160     2830     440      1870     2600     2690     2830     4370     2010     2490     1290     2080     1580     
1        4430     0        152      338      145      11       382      514      357      229      468      334      482      271      293      282      468      300      379      507      303      377      248      404      348      323      184      127      177      314      468      395      245      229      160      7        299      214      361      297      318      
2        3140     152      0        272      108      154      303      374      210      78       333      234      348      120      212      177      323      229      242      378      151      225      158      251      258      246      46       153      35       169      331      242      204      77       77       145      147      66       214      145      227      
3        2020     338      272      0        197      330      50       293      238      284      237      80       242      248      62       113      282      43       198      243      260      295      116      331      55       32       306      217      296      352      246      318      95       281      202      335      261      236      240      268      65       
4        3060     145      108      197      0        139      238      385      242      167      334      190      347      178      148      140      345      156      250      368      209      279      104      312      202      179      154      58       142      261      336      301      109      165      39       140      206      124      247      208      173      
5        4400     11       154      330      139      0        375      512      356      232      465      329      479      272      286      278      467      293      376      503      304      378      243      406      341      316      188      117      180      318      466      396      237      232      156      15       300      214      360      299      312      
6        1680     382      303      50       238      375      0        257      230      303      202      78       205      259      92       129      254      82       182      200      265      288      146      322      48       59       331      264      323      361      212      309      143      300      238      378      267      258      232      274      77       
7        910      514      374      293      385      512      257      0        166      317      56       226      52       259      277      250      57       290      135      73       234      182      289      189      239      273      369      437      368      301      49       185      349      315      357      508      239      307      162      244      249      
8        1310     357      210      238      242      356      230      166      0        150      136      158      152      92       189      140      114      210      58       188      68       57       170      93       187      206      202      300      202      152      130      80       247      148      208      350      73       143      4        79       173      
9        2710     229      78       284      167      232      303      317      150      0        284      227      300      59       222      174      263      242      195      334      84       153      171      175      254      254      53       221      55       94       280      167      239      3        128      222      79       50       154      75       226      
10       350      468      333      237      334      465      202      56       136      284      0        169      16       224      221      197      63       233      90       54       204      168      235      186      182      216      334      384      331      284      12       178      293      281      309      461      209      266      133      215      192      
11       1350     334      234      80       190      329      78       226      158      227      169      0        178      181      52       57       207      64       118      188      188      215      86       251      30       51       258      229      251      282      176      238      125      223      179      329      189      184      160      196      23       
12       420      482      348      242      347      479      205      52       152      300      16       178      0        240      230      209      74       241      106      38       221      184      247      200      189      223      350      396      347      300      24       193      303      298      323      476      225      282      149      232      201      
13       2120     271      120      248      178      272      259      259      92       59       224      181      240      0        187      135      206      209      136      274      32       106      145      136      210      216      110      236      109      104      220      126      221      57       139      264      28       58       96       30       185      
14       1870     293      212      62       148      286      92       277      189      222      221      52       230      187      0        53       254      22       161      241      202      245      54       282      55       34       244      181      235      292      227      269      73       219      145      288      203      174      192      209      29       
15       1670     282      177      113      140      278      129      250      140      174      197      57       209      135      53       0        219      75       122      227      149      194      38       231      81       80       202      187      194      239      201      218      108      171      124      277      150      129      144      156      52       
16       900      468      323      282      345      467      254      57       114      263      63       207      74       206      254      219      0        271      97       110      179      124      256      133      226      257      316      400      315      244      51       128      324      261      315      461      184      257      109      189      229      
17       1990     300      229      43       156      293      82       290      210      242      233      64       241      209      22       75       271      0        179      249      224      266      72       303      56       24       262      183      253      314      241      290      65       239      159      296      225      194      213      231      42       
18       760      379      242      198      250      376      182      135      58       195      90       118      106      136      161      122      97       179      0        138      121      110      159      142      143      169      244      303      241      210      90       130      228      193      221      372      125      175      57       132      138      
19       640      507      378      243      368      503      200      73       188      334      54       188      38       274      241      227      110      249      138      0        256      222      265      239      194      228      382      414      379      338      62       231      313      331      346      501      261      313      185      267      211      
20       1970     303      151      260      209      304      265      234      68       84       204      188      221      32       202      149      179      224      121      256      0        73       165      104      218      228      136      267      137      95       199      93       244      82       170      296      5        90       72       11       196      
21       1730     377      225      295      279      378      288      182      57       153      168      215      184      106      245      194      124      266      110      222      73       0        220      37       244      263      205      337      208      119      160      24       299      152      241      370      78       164      55       79       230      
22       2050     248      158      116      104      243      146      289      170      171      235      86       247      145      54       38       256      72       159      265      165      220      0        257      103      88       190      149      180      248      239      244      79       168      93       243      165      122      174      170      72       
23       1960     404      251      331      312      406      322      189      93       175      186      251      200      136      282      231      133      303      142      239      104      37       257      0        279      300      226      371      231      121      176      13       335      175      274      397      108      194      90       107      266      
24       1480     348      258      55       202      341      48       239      187      254      182      30       189      210      55       81       226      56       143      194      218      244      103      279      0        34       284      236      276      312      191      267      122      251      196      343      219      210      189      226      31       
25       1810     323      246      32       179      316      59       273      206      254      216      51       223      216      34       80       257      24       169      228      228      263      88       300      34       0        277      207      268      320      224      287      89       251      179      319      229      206      209      235      33       
26       3190     184      46       306      154      188      331      369      202      53       334      258      350      110      244      202      316      262      244      382      136      205      190      226      284      277      0        200      11       130      331      219      245      54       121      177      131      75       206      128      254      
27       3550     127      153      217      58       117      264      437      300      221      384      229      396      236      181      187      400      183      303      414      267      337      149      371      236      207      200      0        189      316      388      359      122      219      97       125      264      181      304      266      209      
28       3160     177      35       296      142      180      323      368      202      55       331      251      347      109      235      194      315      253      241      379      137      208      180      231      276      268      11       189      0        138      329      223      234      56       109      169      132      69       206      129      246      
29       2830     314      169      352      261      318      361      301      152      94       284      282      300      104      292      239      244      314      210      338      95       119      248      121      312      320      130      316      138      0        277      120      323      96       222      307      93       138      154      86       289      
30       440      468      331      246      336      466      212      49       130      280      12       176      24       220      227      201      51       241      90       62       199      160      239      176      191      224      331      388      329      277      0        169      299      278      310      462      204      265      127      210      199      
31       1870     395      242      318      301      396      309      185      80       167      178      238      193      126      269      218      128      290      130      231      93       24       244      13       267      287      219      359      223      120      169      0        323      167      263      388      97       184      78       97       253      
32       2600     245      204      95       109      237      143      349      247      239      293      125      303      221      73       108      324      65       228      313      244      299      79       335      122      89       245      122      234      323      299      323      0        236      127      242      243      188      251      248      102      
33       2690     229      77       281      165      232      300      315      148      3        281      223      298      57       219      171      261      239      193      331      82       152      168      175      251      251      54       219      56       96       278      167      236      0        126      222      77       47       152      73       223      
34       2830     160      77       202      39       156      238      357      208      128      309      179      323      139      145      124      315      159      221      346      170      241      93       274      196      179      121      97       109      222      310      263      127      126      0        154      167      85       213      169      165      
35       4370     7        145      335      140      15       378      508      350      222      461      329      476      264      288      277      461      296      372      501      296      370      243      397      343      319      177      125      169      307      462      388      242      222      154      0        292      207      354      290      313      
36       2010     299      147      261      206      300      267      239      73       79       209      189      225      28       203      150      184      225      125      261      5        78       165      108      219      229      131      264      132      93       204      97       243      77       167      292      0        86       77       7        197      
37       2490     214      66       236      124      214      258      307      143      50       266      184      282      58       174      129      257      194      175      313      90       164      122      194      210      206      75       181      69       138      265      184      188      47       85       207      86       0        148      86       181      
38       1290     361      214      240      247      360      232      162      4        154      133      160      149      96       192      144      109      213      57       185      72       55       174      90       189      209      206      304      206      154      127      78       251      152      213      354      77       148      0        82       176      
39       2080     297      145      268      208      299      274      244      79       75       215      196      232      30       209      156      189      231      132      267      11       79       170      107      226      235      128      266      129      86       210      97       248      73       169      290      7        86       82       0        203      
40       1580     318      227      65       173      312      77       249      173      226      192      23       201      185      29       52       229      42       138      211      196      230      72       266      31       33       254      209      246      289      199      253      102      223      165      313      197      181      176      203      0        
;

