

sets
i        orders          /0*10/
k        routes          /1*10/
p        positions       /0*10/
;

alias(i,j)
alias(i,h)
alias(i,hh)
alias(i,jj)
alias(k,kk)
                            Parameters

rho(i)	Processing time
/
0	0
1	62
2	84
3	98
4	11
5	44
6	36
7	12
8	80
9	69
10	19
/

gamma(i)	Duedate
/
0	0
1	14
2	99
3	45
4	92
5	27
6	93
7	23
8	62
9	45
10	14
/

sigma(i)	Size
/
0	0
1	5
2	8
3	7
4	6
5	3
6	3
7	5
8	5
9	5
10	6
/

epsilon(i)	Priority
/
0	0
1	3
2	5
3	7
4	1
5	7
6	8
7	6
8	9
9	4
10	4
/

psi	Vehicle Capacity
/ 24 /
;

Table kappa(i,j)                 Setup
         0        1        2        3        4        5        6        7        8        9        10       
0        0        353      389      251      331      260      217      487      285      294      332      
1        353      0        220      178      167      131      245      356      376      446      340      
2        389      220      0        141      374      305      402      138      237      315      167      
3        251      178      141      0        284      199      276      260      198      268      174      
4        331      167      374      284      0        89       133      513      470      527      458      
5        260      131      305      199      89       0        114      442      381      437      372      
6        217      245      402      276      133      114      0        534      424      464      435      
7        487      356      138      260      513      442      534      0        255      321      177      
8        285      376      237      198      470      381      424      255      0        78       79       
9        294      446      315      268      527      437      464      321      78       0        152      
10       332      340      167      174      458      372      435      177      79       152      0        
;



Table delta(i,j)                 Distance
         0        1        2        3        4        5        6        7        8        9        10       
0        0        75       40       96       55       26       61       55       24       47       80       
1        75       0        35       21       28       50       82       47       80       70       33       
2        40       35       0        56       18       19       58       38       45       43       50       
3        96       21       56       0        46       72       96       65       100      86       44       
4        55       28       18       46       0        37       53       53       54       41       55       
5        26       50       19       72       37       0        66       32       40       50       54       
6        61       82       58       96       53       66       0        96       39       15       107      
7        55       47       38       65       53       32       96       0        73       81       30       
8        24       80       45       100      54       40       39       73       0        28       94       
9        47       70       43       86       41       50       15       81       28       0        93       
10       80       33       50       44       55       54       107      30       94       93       0        
;

