
sets
i        orders          /0*40/
k        routes          /1*40/
p        positions       /0*40/
;

alias(i,j)
alias(i,h)
alias(i,hh)
alias(i,jj)
alias(k,kk)
                
                    Parameters

rho(i)	Processing time
/
0	0
1	79
2	37
3	20
4	54
5	76
6	70
7	81
8	33
9	1
10	2
11	50
12	57
13	90
14	46
15	2
16	46
17	53
18	94
19	78
20	86
21	23
22	74
23	61
24	40
25	87
26	5
27	69
28	35
29	33
30	62
31	94
32	2
33	13
34	77
35	12
36	84
37	23
38	10
39	56
40	31
/

gamma(i)	Duedate
/
0	0
1	77
2	26
3	44
4	16
5	68
6	75
7	11
8	50
9	77
10	77
11	62
12	72
13	42
14	4
15	63
16	45
17	42
18	34
19	60
20	89
21	90
22	46
23	3
24	74
25	97
26	9
27	40
28	75
29	30
30	84
31	59
32	56
33	10
34	75
35	23
36	11
37	42
38	65
39	69
40	56
/

sigma(i)	Size
/
0	0
1	3
2	6
3	5
4	2
5	3
6	2
7	2
8	2
9	5
10	9
11	8
12	1
13	5
14	1
15	2
16	9
17	5
18	8
19	7
20	5
21	8
22	6
23	8
24	7
25	6
26	7
27	4
28	5
29	1
30	4
31	5
32	4
33	7
34	7
35	1
36	8
37	6
38	8
39	9
40	8
/

epsilon(i)	Priority
/
0	0
1	5
2	3
3	5
4	7
5	1
6	2
7	7
8	1
9	1
10	7
11	5
12	3
13	1
14	7
15	8
16	1
17	2
18	5
19	2
20	3
21	1
22	6
23	9
24	3
25	2
26	9
27	5
28	9
29	1
30	8
31	9
32	5
33	4
34	2
35	1
36	1
37	1
38	7
39	6
40	3
/

psi	Vehicle Capacity
/ 14 /
;

Table kappa(i,j)                 Setup
         0        1        2        3        4        5        6        7        8        9        10       11       12       13       14       15       16       17       18       19       20       21       22       23       24       25       26       27       28       29       30       31       32       33       34       35       36       37       38       39       40       
0        0        96       267      153      256      89       320      251      211      99       54       262      150      322      180      164      241      295      328      45       126      184      72       251      285      187      91       93       229      185      202      274      284      35       211      92       126      166      104      69       184      
1        96       0        181      194      177      153      274      155      122      113      99       211      104      231      91       132      182      228      238      134      126      87       167      223      189      131      115      187      198      237      227      241      251      114      114      170      193      233      168      157      156      
2        267      181      0        371      220      280      166      123      60       290      240      122      138      200      165      153      96       86       212      311      200      123      329      177      79       108      225      360      163      320      275      177      182      292      97       306      310      341      350      309      298      
3        153      194      371      0        253      235      462      303      310      81       208      400      287      339      223      309      374      422      339      122      278      254      175      400      357      321      245      140      376      328      354      421      431      119      285      227      265      298      59       196      120      
4        256      177      220      253      0        329      377      98       182      196      275      320      251      87       88       282      288      304      86       276      296      121      327      358      158      256      291      329      335      413      398      369      377      255      130      343      369      410      270      325      136      
5        89       153      280      235      329      0        283      301      234      188      53       234      142      382      244      138      223      281      390      113      86       233      77       204      319      178      54       125      186      96       121      228      237      117      253      27       40       81       179      48       272      
6        320      274      166      462      377      283      0        286      195      385      271      62       174      366      305      156      93       82       378      365      200      262      355      81       245      143      238      400      96       269      207      59       53       354      247      309      293      307      423      327      424      
7        251      155      123      303      98       301      286      0        97       229      250      233      189      89       80       217      202      209      99       284      246      68       323      278      62       182      253      339      258      371      343      285      292      263      51       322      339      378      301      312      203      
8        211      122      60       310      182      234      195      97       0        229      189      138      101      185      112      125      106      126      197      253      163      69       275      180      87       85       180      304      160      288      252      188      196      234      52       258      268      303      290      257      242      
9        99       113      290      81       196      188      385      229      229      0        148      323      211      277      149      235      295      342      279      91       211      175      150      327      279      242      182      137      303      284      298      347      357      75       206      189      224      263      74       161      90       
10       54       99       240      208      275      53       271      250      189      148      0        216      109      330      191      116      198      255      337      95       73       181      89       199      272      147      36       129      177      143      150      222      232      89       203      71       93       134      158      68       226      
11       262      211      122      400      320      234      62       233      138      323      216      0        113      317      244      99       32       58       329      307      148      202      302      60       200      80       185      345      57       238      181      55       61       295      190      261      250      271      363      276      361      
12       150      104      138      287      251      142      174      189      101      211      109      113      0        278      164      31       90       146      288      195      62       132      199      119      189      38       87       237      94       187      153      137      147      182      137      168      171      203      249      175      260      
13       322      231      200      339      87       382      366      89       185      277      330      317      278      0        141      306      287      286      12       348      333      151      394      365      122      270      337      403      346      457      431      371      378      327      140      401      422      461      351      387      223      
14       180      91       165      223      88       244      305      80       112      149      191      244      164      141      0        195      212      239      147      209      207      43       252      275      133      173      203      263      252      325      309      288      297      187      68       261      284      324      221      246      133      
15       164      132      153      309      282      138      156      217      125      235      116      99       31       306      195      0        84       142      317      209      52       162      203      92       212      45       86       246      67       167      126      112      122      198      166      165      161      189      267      178      289      
16       241      182      96       374      288      223      93       202      106      295      198      32       90       287      212      84       0        58       298      286      136      170      287      81       172      53       171      327      68       240      187      84       90       273      158      250      244      269      339      262      330      
17       295      228      86       422      304      281      82       209      126      342      255      58       146      286      239      142      58       0        298      341      194      196      344      118      164      108      229      383      115      295      239      108      110      326      175      308      302      325      391      319      367      
18       328      238      212      339      86       390      378      99       197      279      337      329      288      12       147      317      298      298      0        353      342      159      399      377      134      281      345      407      357      466      441      383      389      331      150      408      429      469      353      394      222      
19       45       134      311      122      276      113      365      284      253      91       95       307      195      348      209      209      286      341      353      0        169      219      59       295      323      233      131      54       272      206      234      317      327      21       248      106      143      178      65       75       181      
20       126      126      200      278      296      86       200      246      163      211      73       148      62       333      207      52       136      194      342      169      0        183      155      126      251      94       38       199      105      125      101      149      159      161      194      113      110      141      231      128      278      
21       184      87       123      254      121      233      262      68       69       175      181      202      132      151      43       162      170      196      159      219      183      0        255      237      105      135      186      273      214      306      283      248      257      198      31       253      272      311      243      244      174      
22       72       167      329      175      327      77       355      323      275      150      89       302      199      394      252      203      287      344      399      59       155      255      0        278      353      237      117      48       259      157      195      302      311      75       281      58       93       123      116      29       240      
23       251      223      177      400      358      204      81       278      180      327      199      60       119      365      275      92       81       118      377      295      126      237      278      0        253      102      164      324      24       189      127      23       33       286      231      229      212      226      356      250      379      
24       285      189      79       357      158      319      245      62       87       279      272      200      189      122      133      212      172      164      134      323      251      105      353      253      0        169      267      376      237      376      338      255      261      302      75       343      354      390      348      339      263      
25       187      131      108      321      256      178      143      182      85       242      147      80       38       270      173      45       53       108      281      233      94       135      237      102      169      0        124      275      79       212      169      115      124      219      132      205      204      234      285      213      283      
26       91       115      225      245      291      54       238      253      180      182      36       185      87       337      203      86       171      229      345      131      38       186      117      164      267      124      0        161      143      122      118      187      197      126      203      81       87       125      195      91       256      
27       93       187      360      140      329      125      400      339      304      137      129      345      237      403      263      246      327      383      407      54       199      273      48       324      376      275      161      0        304      203      244      348      357      76       302      106      140      166      82       77       225      
28       229      198      163      376      335      186      96       258      160      303      177      57       94       346      252      67       68       115      357      272      105      214      259      24       237      79       143      304      0        181      123      45       55       263      210      212      198      216      333      231      354      
29       185      237      320      328      413      96       269      371      288      284      143      238      187      457      325      167      240      295      466      206      125      306      157      189      376      212      122      203      181      0        63       210      216      213      320      101      63       45       270      132      367      
30       202      227      275      354      398      121      207      343      252      298      150      181      153      431      309      126      187      239      441      234      101      283      195      127      338      169      118      244      123      63       0        148      154      235      291      138      106      105      300      167      374      
31       274      241      177      421      369      228      59       285      188      347      222      55       137      371      288      112      84       108      383      317      149      248      302      23       255      115      187      348      45       210      148      0        10       309      240      253      235      248      378      274      397      
32       284      251      182      431      377      237      53       292      196      357      232      61       147      378      297      122      90       110      389      327      159      257      311      33       261      124      197      357      55       216      154      10       0        318      248      262      243      255      388      283      406      
33       35       114      292      119      255      117      354      263      234      75       89       295      182      327      187      198      273      326      331      21       161      198      75       286      302      219      126      76       263      213      235      309      318      0        227      114      151      188      69       85       165      
34       211      114      97       285      130      253      247      51       52       206      203      190      137      140      68       166      158      175      150      248      194      31       281      231      75       132      203      302      210      320      291      240      248      227      0        275      290      328      274      268      202      
35       92       170      306      227      343      27       309      322      258      189      71       261      168      401      261      165      250      308      408      106      113      253      58       229      343      205      81       106      212      101      138      253      262      114      275      0        37       73       169      31       276      
36       126      193      310      265      369      40       293      339      268      224      93       250      171      422      284      161      244      302      429      143      110      272      93       212      354      204      87       140      198      63       106      235      243      151      290      37       0        40       207      69       310      
37       166      233      341      298      410      81       307      378      303      263      134      271      203      461      324      189      269      325      469      178      141      311      123      226      390      234      125      166      216      45       105      248      255      188      328      73       40       0        239      103      350      
38       104      168      350      59       270      179      423      301      290      74       158      363      249      351      221      267      339      391      353      65       231      243      116      356      348      285      195      82       333      270      300      378      388      69       274      169      207      239      0        138      151      
39       69       157      309      196      325      48       327      312      257      161      68       276      175      387      246      178      262      319      394      75       128      244      29       250      339      213      91       77       231      132      167      274      283      85       268      31       69       103      138      0        249      
40       184      156      298      120      136      272      424      203      242      90       226      361      260      223      133      289      330      367      222      181      278      174      240      379      263      283      256      225      354      367      374      397      406      165      202      276      310      350      151      249      0        
;



Table delta(i,j)                 Distance
         0        1        2        3        4        5        6        7        8        9        10       11       12       13       14       15       16       17       18       19       20       21       22       23       24       25       26       27       28       29       30       31       32       33       34       35       36       37       38       39       40       
0        0        3340     3790     1250     2620     4010     3180     3180     3260     4200     2650     3980     2820     3690     2470     3160     3590     1910     3850     1280     3740     2290     2200     850      2480     2610     1750     3760     730      4310     800      1670     3520     2410     570      1170     1690     3300     4010     3150     700      
1        3340     0        263      210      95       292      138      200      83       86       140      122      102      117      87       24       127      268      176      207      151      145      151      252      246      198      161      246      265      97       261      276      269      174      279      313      188      112      67       216      343      
2        3790     263      0        312      202      29       126      443      341      306      365      177      177      380      254      245      142      194      104      284      413      345      344      306      133      418      295      19       314      306      305      218      34       153      330      279      342      151      284      68       336      
3        1250     210      312      0        150      339      221      217      203      295      150      287      174      248      124      193      254      168      290      31       257      112      104      55       201      164      50       304      65       307      67       155      293      159      74       149      58       225      277      244      151      
4        2620     95       202      150      0        232      82       241      149      177      163      137      27       196      52       71       106      172      148      135      224      144      144      177      154      216      111      188      190      185      184      181      198      80       205      222      155      77       154      142      259      
5        4010     292      29       339      232      0        156      473      370      332      395      201      207      409      284      274      169      213      127      310      443      375      374      331      153      447      324      46       338      331      328      237      49       180      353      297      371      180      310      96       355      
6        3180     138      126      221      82       156      0        318      214      194      242      92       55       254      133      119      45       177      69       199      287      226      227      234      132      297      189      110      245      198      238      194      130      81       262      250      235      30       171      80       298      
7        3180     200      443      217      241      473      318      0        118      235      80       322      265      114      190      207      321      368      371      241      90       112      118      271      378      57       186      428      280      248      283      362      439      310      285      367      159      300      235      383      365      
8        3260     83       341      203      149      370      214      118      0        123      76       205      167      49       110      96       209      309      259      212      74       101      110      255      302      128      154      324      267      137      266      311      342      228      277      335      160      191      119      287      352      
9        4200     86       306      295      177      332      194      235      123      0        199      133      176      123      173      108      164      348      205      294      157      216      224      339      319      252      245      287      352      13       348      358      320      250      365      399      267      164      24       274      430      
10       2650     140      365      150      163      395      242      80       76       199      0        259      188      107      111      141      251      290      300      169      108      38       46       205      298      58       111      351      216      212      217      285      360      229      223      296      96       227      191      304      302      
11       3980     122      177      287      137      201      92       322      205      133      259      0        115      231      172      118      47       270      73       271      267      257      261      312      224      318      245      158      324      130      318      287      196      172      340      340      285      70       113      160      385      
12       2820     102      177      174      27       207      55       265      167      176      188      115      0        211      78       78       80       173      120      156      241      171      172      197      145      242      138      163      209      182      202      184      175      73       225      232      182      50       152      120      272      
13       3690     117      380      248      196      409      254      114      49       123      107      231      211      0        159      135      244      358      292      259      35       140      149      301      349      145      201      363      313      135      312      360      384      275      322      383      200      229      128      331      398      
14       2470     87       254      124      52       284      133      190      110      173      111      172      78       159      0        69       151      199      196      120      182      92       93       165      194      163      76       240      178      184      174      202      248      122      192      232      112      123      154      193      257      
15       3160     24       245      193      71       274      119      207      96       108      141      118      78       135      69       0        114      244      163      188      168      140      144      233      223      199      145      228      245      118      241      252      249      150      260      290      176      95       87       195      322      
16       3590     127      142      254      106      169      45       321      209      164      251      47       80       244      151      114      0        223      49       235      278      242      244      274      176      308      217      123      285      165      278      240      155      126      302      295      261      29       142      114      342      
17       1910     268      194      168      172      213      177      368      309      348      290      270      173      358      199      244      223      0        230      137      380      256      250      135      61       323      182      196      138      356      129      24       164      100      151      85       220      202      325      138      142      
18       3850     176      104      290      148      127      69       371      259      205      300      73       120      292      196      163      49       230      0        268      327      288      290      303      175      357      258      84       313      203      305      250      125      144      330      309      303      73       184      99       361      
19       1280     207      284      31       135      310      199      241      212      294      169      271      156      259      120      188      235      137      268      0        273      131      124      45       170      190      59       277      57       305      54       125      264      132      72       127      84       206      274      216      139      
20       3740     151      413      257      224      443      287      90       74       157      108      267      241      35       182      168      278      380      327      273      0        145      154      312      376      132      213      396      323      169      323      380      416      302      331      399      205      263      163      362      409      
21       2290     145      345      112      144      375      226      112      101      216      38       257      171      140      92       140      242      256      288      131      145      0        8        167      268      73       74       332      178      229      179      250      337      202      185      258      60       215      205      281      264      
22       2200     151      344      104      144      374      227      118      110      224      46       261      172      149      93       144      244      250      290      124      154      8        0        159      264      75       68       332      169      237      171      243      335      200      177      251      51       217      212      280      256      
23       850      252      306      55       177      331      234      271      255      339      205      312      197      301      165      233      274      135      303      45       312      167      159      0        182      218      100      302      12       350      12       117      282      160      28       97       112      245      319      240      97       
24       2480     246      133      201      154      153      132      378      302      319      298      224      145      349      194      223      176      61       175      170      376      268      264      182      0        340      201      134      187      324      178      85       104      73       202      146      245      160      295      78       203      
25       2610     198      418      164      216      447      297      57       128      252      58       318      242      145      163      199      308      323      357      190      132      73       75       218      340      0        140      404      226      266      230      314      410      275      229      314      106      283      247      354      309      
26       1750     161      295      50       111      324      189      186      154      245      111      245      138      201      76       145      217      182      258      59       213      74       68       100      201      140      0        284      112      257      111      175      281      144      123      186      47       188      228      228      197      
27       3760     246      19       304      188      46       110      428      324      287      351      158      163      363      240      228      123      196      84       277      396      332      332      302      134      404      284      0        310      286      301      219      46       145      326      281      332      133      265      62       337      
28       730      265      314      65       190      338      245      280      267      352      216      324      209      313      178      245      285      138      313      57       323      178      169      12       187      226      112      310      0        363      9        118      289      170      16       92       122      257      332      248      86       
29       4310     97       306      307      185      331      198      248      137      13       212      130      182      135      184      118      165      356      203      305      169      229      237      350      324      266      257      286      363      0        359      366      321      256      377      408      280      168      31       276      440      
30       800      261      305      67       184      328      238      283      266      348      217      318      202      312      174      241      278      129      305      54       323      179      171      12       178      230      111      301      9        359      0        109      280      162      25       86       124      250      328      239      86       
31       1670     276      218      155      181      237      194      362      311      358      285      287      184      360      202      252      240      24       250      125      380      250      243      117      85       314      175      219      118      366      109      0        188      115      130      61       210      217      335      161      118      
32       3520     269      34       293      198      49       130      439      342      320      360      196      175      384      248      249      155      164      125      264      416      337      335      282      104      410      281      46       289      321      280      188      0        137      305      249      328      158      297      55       306      
33       2410     174      153      159      80       180      81       310      228      250      229      172      73       275      122      150      126      100      144      132      302      202      200      160      73       275      144      145      170      256      162      115      137      0        187      169      190      102      226      85       217      
34       570      279      330      74       205      353      262      285      277      365      223      340      225      322      192      260      302      151      330      72       331      185      177      28       202      229      123      326      16       377      25       130      305      187      0        96       127      273      346      264      80       
35       1170     313      279      149      222      297      250      367      335      399      296      340      232      383      232      290      295      85       309      127      399      258      251      97       146      314      186      281      92       408      86       61       249      169      96       0        208      270      377      222      58       
36       1690     188      342      58       155      371      235      159      160      267      96       285      182      200      112      176      261      220      303      84       205      60       51       112      245      106      47       332      122      280      124      210      328      190      127      208      0        232      253      275      207      
37       3300     112      151      225      77       180      30       300      191      164      227      70       50       229      123      95       29       202      73       206      263      215      217      245      160      283      188      133      257      168      250      217      158      102      273      270      232      0        141      109      315      
38       4010     67       284      277      154      310      171      235      119      24       191      113      152      128      154      87       142      325      184      274      163      205      212      319      295      247      228      265      332      31       328      335      297      226      346      377      253      141      0        250      409      
39       3150     216      68       244      142      96       80       383      287      274      304      160      120      331      193      195      114      138      99       216      362      281      280      240      78       354      228      62       248      276      239      161      55       85       264      222      275      109      250      0        278      
40       700      343      336      151      259      355      298      365      352      430      302      385      272      398      257      322      342      142      361      139      409      264      256      97       203      309      197      337      86       440      86       118      306      217      80       58       207      315      409      278      0        
;

