

sets
i        orders          /0*40/
k        routes          /1*40/
p        positions       /0*40/
;

alias(i,j)
alias(i,h)
alias(i,hh)
alias(i,jj)
alias(k,kk)
                            Parameters

rho(i)	Processing time
/
0	0
1	33
2	13
3	42
4	18
5	6
6	78
7	91
8	3
9	50
10	21
11	16
12	46
13	30
14	8
15	4
16	59
17	84
18	53
19	49
20	85
21	60
22	36
23	21
24	74
25	14
26	96
27	27
28	69
29	25
30	8
31	84
32	79
33	37
34	19
35	40
36	92
37	59
38	35
39	62
40	62
/

gamma(i)	Duedate
/
0	0
1	42
2	75
3	39
4	57
5	49
6	68
7	89
8	45
9	71
10	8
11	22
12	95
13	68
14	90
15	26
16	19
17	76
18	52
19	39
20	59
21	82
22	54
23	88
24	81
25	25
26	83
27	37
28	59
29	86
30	86
31	47
32	26
33	31
34	32
35	96
36	76
37	41
38	94
39	33
40	32
/

sigma(i)	Size
/
0	0
1	4
2	4
3	2
4	4
5	4
6	8
7	9
8	7
9	5
10	6
11	5
12	2
13	1
14	7
15	6
16	9
17	1
18	9
19	9
20	9
21	6
22	4
23	6
24	1
25	4
26	9
27	5
28	3
29	2
30	6
31	8
32	8
33	6
34	3
35	6
36	4
37	6
38	8
39	7
40	1
/

epsilon(i)	Priority
/
0	0
1	4
2	5
3	1
4	1
5	9
6	8
7	6
8	7
9	5
10	9
11	5
12	3
13	5
14	4
15	5
16	9
17	1
18	4
19	2
20	8
21	8
22	5
23	9
24	4
25	1
26	5
27	7
28	9
29	6
30	6
31	9
32	7
33	6
34	2
35	6
36	5
37	9
38	8
39	1
40	6
/

psi	Vehicle Capacity
/ 23 /
;

Table kappa(i,j)                 Setup
         0        1        2        3        4        5        6        7        8        9        10       11       12       13       14       15       16       17       18       19       20       21       22       23       24       25       26       27       28       29       30       31       32       33       34       35       36       37       38       39       40       
0        0        18       333      258      106      100      163      257      57       12       108      174      380      259      284      163      161      191      114      36       197      68       135      322      303      50       325      341      325      47       269      298      398      165      249      231      32       336      187      376      365      
1        18       0        317      245      90       82       157      239      38       29       109      156      362      246      265      150      162      197      120      49       179      52       141      307      286      32       314      330      306      38       261      283      384      158      239      214      50       319      181      362      347      
2        333      317      0        109      285      239      238      104      288      339      302      175      223      117      175      186      305      367      415      342      166      293      343      76       35       287      154      168      121      323      204      61       134      233      166      106      364      226      239      110      208      
3        258      245      109      0        244      181      133      130      225      261      203      147      298      9        219      96       198      259      358      258      155      237      240      64       75       220      88       107      194      262      102      50       140      128      58       98       286      284      131      117      280      
4        106      90       285      244      0        68       204      189      56       118      184      110      282      248      190      167      233      279      134      140      123      38       224      298      262      69       327      345      243      62       293      268      381      203      259      179      133      235      229      356      268      
5        100      82       239      181      68       0        139      157      49       109      133      74       288      184      189      98       177      230      179      121      98       56       179      239      210      50       261      278      225      84       224      211      320      137      191      133      132      248      163      296      272      
6        163      157      238      133      204      139      0        213      159      160      75       167      381      129      285      65       67       130      277      148      191      178      107      195      203      147      172      185      290      189      106      183      255      5        97       174      182      352      25       239      363      
7        257      239      104      130      189      157      213      0        204      265      256      83       172      140      88       148      277      341      323      274      66       204      303      149      94       207      213      231      77       236      229      117      227      208      183      39       289      153      225      201      154      
8        57       38       288      225      56       49       159      204      0        68       128      121      324      228      227      136      179      223      132      86       142      20       168      285      259      13       301      318      269      36       256      259      365      158      228      182      88       280      184      342      308      
9        12       29       339      261      118      109      160      265      68       0        101      183      392      262      295      165      154      180      119      24       207      81       125      325      308      60       326      340      334      60       267      302      400      162      249      239      25       348      184      379      377      
10       108      109      302      203      184      133      75       256      128      101      0        191      413      200      313      116      53       97       220      81       217      148      47       266      267      115      247      259      333      147      178      252      330      79       172      220      117      376      92       313      395      
11       174      156      175      147      110      74       167      83       121      183      191      0        222      154      122      105      223      283      242      194      26       121      238      193      152      124      235      253      151      153      222      161      276      163      179      68       206      187      186      250      205      
12       380      362      223      298      282      288      381      172      324      392      413      222      0        308      99       315      442      504      404      408      195      314      460      296      239      332      371      387      105      344      399      269      357      376      354      211      411      50       395      333      18       
13       259      246      117      9        248      184      129      140      228      262      200      154      308      0        228      96       193      253      360      257      163      240      236      66       83       222      80       99       204      264      92       57       138      124      49       107      286      293      125      117      290      
14       284      265      175      219      190      189      285      88       227      295      313      122      99       228      0        219      344      405      320      310      96       219      361      234      176      234      301      319      69       250      315      203      308      280      270      123      315      67       300      282      83       
15       163      150      186      96       167      98       65       148      136      165      116      105      315      96       219      0        129      193      267      162      127      150      159      160      152      128      165      182      225      171      126      139      234      61       92       109      190      286      81       213      297      
16       161      162      305      198      233      177      67       277      179      154      53       223      442      193      344      129      0        63       273      133      249      200      50       257      270      166      223      232      355      200      147      249      311      72       155      239      168      410      69       297      424      
17       191      197      367      259      279      230      130      341      223      180      97       283      504      253      405      193      63       0        292      156      309      242      55       316      332      210      274      280      418      235      195      310      363      135      211      302      187      470      128      352      486      
18       114      120      415      358      134      179      277      323      132      119      220      242      404      360      320      267      273      292      0        140      257      123      239      418      389      138      432      449      377      96       381      391      498      278      358      309      106      355      301      475      392      
19       36       49       342      258      140      121      148      274      86       24       81       194      408      257      310      162      133      156      140      0        219      101      101      322      310      76       317      331      346      84       254      301      394      150      240      245      35       365      169      374      392      
20       197      179      166      155      123      98       191      66       142      207      217      26       195      163      96       127      249      309      257      219      0        140      265      194      148      147      244      262      127      172      238      162      277      187      195      64       229      161      209      251      178      
21       68       52       293      237      38       56       178      204      20       81       148      121      314      240      219      150      200      242      123      101      140      0        187      295      266      33       315      332      266      32       273      267      376      177      243      186      97       269      203      353      299      
22       135      141      343      240      224      179      107      303      168      125      47       238      460      236      361      159      50       55       239      101      265      187      0        302      308      155      272      282      380      180      197      290      359      112      201      266      133      424      115      344      443      
23       322      307      76       64       298      239      195      149      285      325      266      193      296      66       234      160      257      316      418      322      194      295      302      0        58       281      77       92       191      322      135      32       83       190      105      130      350      293      189      58       279      
24       303      286      35       75       262      210      203      94       259      308      267      152      239      83       176      152      270      332      389      310      148      266      308      58       0        257      131      147      133      295      173      31       133      197      132      84       333      235      204      107      222      
25       50       32       287      220      69       50       147      207      13       60       115      124      332      222      234      128      166      210      138      76       147      33       155      281      257      0        294      310      274      43       246      255      360      147      220      183      82       289      172      337      316      
26       325      314      154      88       327      261      172      213      301      326      247      235      371      80       301      165      223      274      432      317      244      315      272      77       131      294      0        18       265      337      79       101      89       169      76       184      349      363      157      82       354      
27       341      330      168      107      345      278      185      231      318      340      259      253      387      99       319      182      232      280      449      331      262      332      282      92       147      310      18       0        281      354      85       117      86       181      91       202      364      381      168      85       370      
28       325      306      121      194      243      225      290      77       269      334      333      151      105      204      69       225      355      418      377      346      127      266      380      191      133      274      265      281      0        298      296      164      255      285      251      116      357      106      301      231      88       
29       47       38       323      262      62       84       189      236      36       60       147      153      344      264      250      171      200      235      96       84       172      32       180      322      295      43       337      354      298      0        290      295      402      189      263      217      71       298      213      379      329      
30       269      261      204      102      293      224      106      229      256      267      178      222      399      92       315      126      147      195      381      254      238      273      197      135      173      246      79       85       296      290      0        143      168      104      45       192      289      382      86       159      381      
31       298      283      61       50       268      211      183      117      259      302      252      161      269      57       203      139      249      310      391      301      162      267      290      32       31       255      101      117      164      295      143      0        115      178      105      97       327      263      182      89       252      
32       398      384      134      140      381      320      255      227      365      400      330      276      357      138      308      234      311      363      498      394      277      376      359      83       133      360      89       86       255      402      168      115      0        251      158      212      424      361      243      26       342      
33       165      158      233      128      203      137      5        208      158      162      79       163      376      124      280      61       72       135      278      150      187      177      112      190      197      147      169      181      285      189      104      178      251      0        93       168      184      347      26       234      358      
34       249      239      166      58       259      191      97       183      228      249      172      179      354      49       270      92       155      211      358      240      195      243      201      105      132      220      76       91       251      263      45       105      158      93       0        146      273      336      86       142      336      
35       231      214      106      98       179      133      174      39       182      239      220      68       211      107      123      109      239      302      309      245      64       186      266      130      84       183      184      202      116      217      192      97       212      168      146      0        263      190      185      186      193      
36       32       50       364      286      133      132      182      289      88       25       117      206      411      286      315      190      168      187      106      35       229      97       133      350      333      82       349      364      357      71       289      327      424      184      273      263      0        366      204      403      396      
37       336      319      226      284      235      248      352      153      280      348      376      187      50       293      67       286      410      470      355      365      161      269      424      293      235      289      363      381      106      298      382      263      361      347      336      190      366      0        368      336      43       
38       187      181      239      131      229      163      25       225      184      184      92       186      395      125      300      81       69       128      301      169      209      203      115      189      204      172      157      168      301      213      86       182      243      26       86       185      204      368      0        229      377      
39       376      362      110      117      356      296      239      201      342      379      313      250      333      117      282      213      297      352      475      374      251      353      344      58       107      337      82       85       231      379      159      89       26       234      142      186      403      336      229      0        318      
40       365      347      208      280      268      272      363      154      308      377      395      205      18       290      83       297      424      486      392      392      178      299      443      279      222      316      354      370      88       329      381      252      342      358      336      193      396      43       377      318      0        
;



Table delta(i,j)                 Distance
         0        1        2        3        4        5        6        7        8        9        10       11       12       13       14       15       16       17       18       19       20       21       22       23       24       25       26       27       28       29       30       31       32       33       34       35       36       37       38       39       40       
0        0        1770     4560     4740     2400     2820     5100     4830     3210     4590     5400     1830     810      4350     4800     5040     3900     4920     5400     4470     1110     2460     5370     2910     3720     4200     6930     4230     4110     3330     4530     6060     4890     1020     5640     4350     1020     5070     5400     2670     1830     
1        1770     0        181      124      64       61       126      117      113      136      178      36       87       127      152      115      93       155      174      93       32       95       143      65       66       174      210      154      146      123      168      187      108      38       211      145      80       143      194      32       78       
2        4560     181      0        162      128      149      195      191      79       122      93       148      145      122      103      218      161      106      102      221      150      86       176      147      209      17       171      48       60       65       36       137      223      145      39       82       118      148      52       187      102      
3        4740     124      162      0        78       65       34       32       90       44       95       98       177      40       68       64       30       68       86       82       123      104      21       61       90       169      90       115      103      103      130      77       75       124      170      82       149      27       139      99       112      
4        2400     64       128      78       0        23       95       88       52       75       114      28       99       66       88       103      53       92       111      97       48       43       99       23       81       127      152      94       84       65       109      126      104      48       153      81       72       88       133      59       40       
5        2820     61       149      65       23       0        76       68       70       75       122      33       116      66       94       81       36       97       117      74       58       66       85       4        60       148      148      111      100      84       126      126      81       60       171      92       92       81       148      45       62       
6        5100     126      195      34       95       76       0        8        120      78       129      108      193      74       102      33       42       102      119      59       133      130      33       74       75       201      110      148      136      133      163      106      46       136      204      116      167      58       173      96       134      
7        4830     117      191      32       88       68       8        0        114      76       128      100      185      71       101      31       35       101      119      54       125      123      37       66       68       196      115      145      132      128      160      108      43       128      201      113      159      59       171      87       127      
8        3210     113      79       90       52       70       120      114      0        59       73       77       115      55       56       139      82       60       74       141      89       25       108      67       130      81       133      42       33       14       56       100      144      85       101      38       82       84       81       111      46       
9        4590     136      122      44       75       75       78       76       59       0        53       102      167      9        24       107      58       25       45       121      124      81       54       71       122      130      78       74       62       69       87       50       116      123      126      40       135      26       95       120      97       
10       5400     178      93       95       114      122      129      128      73       53       0        142      187      60       29       159      110      27       10       174      159      98       101      118      173      107      77       53       48       71       58       44       170      156      83       34       154      71       50       167      119      
11       1830     36       148      98       28       33       108      100      77       102      142      0        85       93       116      108      69       120      139      93       25       61       119      36       71       144      179      119      110      88       133      153      105      27       176      109      65       113      158      40       48       
12       810      87       145      177      99       116      193      185      115      167      187      85       0        159      171      193      152      175      189      176      62       89       198      119      151      131      245      143      141      116      150      214      189      58       183      153      33       185      180      116      70       
13       4350     127      122      40       66       66       74       71       55       9        60       93       159      0        31       101      50       32       53       114      115      75       54       62       113      130      86       75       62       66       89       60       110      114      129      42       128      28       99       111      89       
14       4800     152      103      68       88       94       102      101      56       24       29       116      171      31       0        131      81       4        23       145      135      81       76       90       144      114      77       56       45       61       67       43       141      133      103      22       138      46       71       139      100      
15       5040     115      218      64       103      81       33       31       139      107      159      108      193      101      131      0        57       132      150      30       131      144      66       80       53       221      143      173      160      153      188      139      14       135      230      143      172      90       201      83       144      
16       3900     93       161      30       53       36       42       35       82       58       110      69       152      50       81       57       0        83       103      64       94       88       50       33       64       164      119      116      104      96       132      103      63       96       175      88       125      53       147      68       92       
17       4920     155      106      68       92       97       102      101      60       25       27       120      175      32       4        132      83       0        20       147      139      85       75       93       146      117      73       59       49       65       70       39       142      137      104      26       142      45       72       142      104      
18       5400     174      102      86       111      117      119      119      74       45       10       139      189      53       23       150      103      20       0        166      157      99       90       113      167      116      68       60       53       75       67       34       161      154      94       35       156      61       61       162      119      
19       4470     93       221      82       97       74       59       54       141      121      174      93       176      114      145      30       64       147      166      0        114      140      91       75       26       222      169      179      167      156      195      160      17       119      239      153      159      110      212      61       136      
20       1110     32       150      123      48       58       133      125      89       124      159      25       62       115      135      131      94       139      157      114      0        67       144      61       89       143      201      128      122      97       141      174      126      6        182      124      48       136      168      54       48       
21       2460     95       86       104      43       66       130      123      25       81       98       61       89       75       81       144      88       85       99       140      67       0        123      65       125      83       157      61       55       30       73       125      146      63       115      64       56       103      101      100      21       
22       5370     143      176      21       99       85       33       37       108      54       101      119      198      54       76       66       50       75       90       91       144      123      0        82       103      184      78       128      116      120      142      73       79       145      180      94       170      30       148      117      133      
23       2910     65       147      61       23       4        74       66       67       71       118      36       119      62       90       80       33       93       113      75       61       65       82       0        62       147      144      108      97       82       123      122      81       63       168      88       93       77       144      49       63       
24       3720     66       209      90       81       60       75       68       130      122      173      71       151      113      144      53       64       146      167      26       89       125      103      62       0        208      179      170      159      144      186      166      43       94       230      148      136      116      205      35       117      
25       4200     174      17       169      127      148      201      196      81       130      107      144      131      130      114      221      164      117      116      222      143      83       184      147      208      0        185      58       69       67       49       150      226      137      56       92       106      156      69       183      96       
26       6930     210      171      90       152      148      110      115      133      78       77       179      245      86       77       143      119      73       68       169      201      157      78       144      179      185      0        128      120      138      135      34       157      201      157      99       212      67       125      188      174      
27       4230     154      48       115      94       111      148      145      42       74       53       119      143      75       56       173      116      59       60       179      128      61       128      108      170      58       128      0        12       31       15       93       179      124      60       34       111      100      40       153      82       
28       4110     146      60       103      84       100      136      132      33       62       48       110      141      62       45       160      104      49       53       167      122      55       116      97       159      69       120      12       0        25       27       85       167      118      71       23       109      88       48       143      76       
29       3330     123      65       103      65       84       133      128      14       69       71       88       116      66       61       153      96       65       75       156      97       30       120      82       144      67       138      31       25       0        44       104      158      93       88       39       83       94       71       124      51       
30       4530     168      36       130      109      126      163      160      56       87       58       133      150      89       67       188      132      70       67       195      141      73       142      123      186      49       135      15       27       44       0        101      195      136      44       47       119      113      29       168      93       
31       6060     187      137      77       126      126      106      108      100      50       44       153      214      60       43       139      103      39       34       160      174      125      73       122      166      150      34       93       85       104      101      0        151      173      126      65       181      50       93       169      143      
32       4890     108      223      75       104      81       46       43       144      116      170      105      189      110      141      14       63       142      161      17       126      146      79       81       43       226      157      179      167      158      195      151      0        131      238      151      170      102      210      76       144      
33       1020     38       145      124      48       60       136      128      85       123      156      27       58       114      133      135      96       137      154      119      6        63       145      63       94       137      201      124      118      93       136      173      131      0        177      121      42       136      164      60       43       
34       5640     211      39       170      153      171      204      201      101      126      83       176      183      129      103      230      175      104      94       239      182      115      180      168      230      56       157      60       71       88       44       126      238      177      0        87       155      150      32       213      134      
35       4350     145      82       82       81       92       116      113      38       40       34       109      153      42       22       143      88       26       35       153      124      64       94       88       148      92       99       34       23       39       47       65       151      121      87       0        120      65       58       137      84       
36       1020     80       118      149      72       92       167      159      82       135      154      65       33       128      138      172      125      142      156      159      48       56       170      93       136      106      212      111      109      83       119      181      170      42       155      120      0        154      149      102      38       
37       5070     143      148      27       88       81       58       59       84       26       71       113      185      28       46       90       53       45       61       110      136      103      30       77       116      156      67       100      88       94       113      50       102      136      150      65       154      0        118      121      116      
38       5400     194      52       139      133      148      173      171      81       95       50       158      180      99       71       201      147      72       61       212      168      101      148      144      205      69       125      40       48       71       29       93       210      164      32       58       149      118      0        192      122      
39       2670     32       187      99       59       45       96       87       111      120      167      40       116      111      139      83       68       142      162      61       54       100      117      49       35       183      188      153      143      124      168      169      76       60       213      137      102      121      192      0        88       
40       1830     78       102      112      40       62       134      127      46       97       119      48       70       89       100      144      92       104      119      136      48       21       133      63       117      96       174      82       76       51       93       143      144      43       134      84       38       116      122      88       0        
;

