

sets
i        orders          /0*10/
k        routes          /1*10/
p        positions       /0*10/
;

alias(i,j)
alias(i,h)
alias(i,hh)
alias(i,jj)
alias(k,kk)
                            Parameters

rho(i)	Processing time
/
0	0
1	97
2	92
3	88
4	47
5	42
6	47
7	74
8	48
9	43
10	27
/

gamma(i)	Duedate
/
0	0
1	81
2	3
3	33
4	92
5	93
6	34
7	97
8	46
9	73
10	77
/

sigma(i)	Size
/
0	0
1	9
2	5
3	3
4	2
5	8
6	3
7	4
8	5
9	1
10	6
/

epsilon(i)	Priority
/
0	0
1	6
2	2
3	8
4	3
5	5
6	5
7	9
8	4
9	1
10	9
/

psi	Vehicle Capacity
/ 9 /
;

Table kappa(i,j)                 Setup
         0        1        2        3        4        5        6        7        8        9        10       
0        0        170      293      319      357      490      261      441      98       217      372      
1        170      0        216      321      303      430      114      402      205      99       207      
2        293      216      0        152      89       214      138      189      240      310      221      
3        319      321      152      0        107      201      279      135      230      421      373      
4        357      303      89       107      0        133      226      99       286      399      294      
5        490      430      214      201      133      0        339      70       415      522      374      
6        261      114      138      279      226      339      0        325      258      188      119      
7        441      402      189      135      99       70       325      0        359      499      382      
8        98       205      240      230      286      415      258      359      0        282      377      
9        217      99       310      421      399      522      188      499      282      0        237      
10       372      207      221      373      294      374      119      382      377      237      0        
;



Table delta(i,j)                 Distance
         0        1        2        3        4        5        6        7        8        9        10       
0        0        1050     780      1170     1290     1140     150      600      780      630      780      
1        1050     0        11       33       25       6        39       15       29       14       15       
2        780      11       0        36       32       12       29       8        28       6        5        
3        1170     33       36       0        13       39       44       30       13       32       41       
4        1290     25       32       13       0        31       48       29       20       30       37       
5        1140     6        12       39       31       0        41       19       35       17       14       
6        150      39       29       44       48       41       0        24       31       25       28       
7        600      15       8        30       29       19       24       0        20       2        12       
8        780      29       28       13       20       35       31       20       0        22       32       
9        630      14       6        32       30       17       25       2        22       0        9        
10       780      15       5        41       37       14       28       12       32       9        0        
;

