

sets
i        orders          /0*10/
k        routes          /1*10/
p        positions       /0*10/
;

alias(i,j)
alias(i,h)
alias(i,hh)
alias(i,jj)
alias(k,kk)
                            Parameters

rho(i)	Processing time
/
0	0
1	96
2	28
3	58
4	79
5	4
6	38
7	26
8	2
9	53
10	54
/

gamma(i)	Duedate
/
0	0
1	41
2	31
3	78
4	59
5	16
6	55
7	10
8	1
9	58
10	38
/

sigma(i)	Size
/
0	0
1	9
2	9
3	9
4	4
5	8
6	3
7	5
8	4
9	5
10	8
/

epsilon(i)	Priority
/
0	0
1	1
2	2
3	9
4	5
5	9
6	7
7	3
8	5
9	3
10	4
/

psi	Vehicle Capacity
/ 39 /
;

Table kappa(i,j)                 Setup
         0        1        2        3        4        5        6        7        8        9        10       
0        0        65       47       59       37       33       77       32       6        53       66       
1        65       0        33       26       91       35       75       96       60       17       92       
2        47       33       0        13       62       16       93       79       41       36       98       
3        59       26       13       0        75       26       96       92       53       35       105      
4        37       91       62       75       0        56       115      43       36       84       99       
5        33       35       16       26       56       0        80       65       27       29       82       
6        77       75       93       96       115      80       0        88       80       61       34       
7        32       96       79       92       43       65       88       0        38       82       63       
8        6        60       41       53       36       27       80       38       0        50       71       
9        53       17       36       35       84       29       61       82       50       0        75       
10       66       92       98       105      99       82       34       63       71       75       0        
;



Table delta(i,j)                 Distance
         0        1        2        3        4        5        6        7        8        9        10       
0        0        52       232      239      121      33       264      219      212      179      166      
1        52       0        180      187      71       85       223      192      187      129      138      
2        232      180      0        20       119      265      161      210      214      79       170      
3        239      187      20       0        131      272      181      229      234      96       161      
4        121      71       119      131      0        152      159      149      148      58       153      
5        33       85       265      272      152      0        290      238      230      210      191      
6        264      223      161      181      159      290      0        88       98       116      298      
7        219      192      210      229      149      238      88       0        10       138      302      
8        212      187      214      234      148      230      98       10       0        141      301      
9        179      129      79       96       58       210      116      138      141      0        182      
10       166      138      170      161      153      191      298      302      301      182      0        
;

