

sets
i        orders          /0*20/
k        routes          /1*20/
p        positions       /0*20/
;

alias(i,j)
alias(i,h)
alias(i,hh)
alias(i,jj)
alias(k,kk)
                            Parameters

rho(i)	Processing time
/
0	0
1	65
2	76
3	2
4	56
5	46
6	52
7	1
8	71
9	36
10	4
11	85
12	22
13	81
14	71
15	78
16	80
17	26
18	66
19	62
20	70
/

gamma(i)	Duedate
/
0	0
1	37
2	58
3	98
4	58
5	20
6	48
7	45
8	33
9	13
10	80
11	34
12	16
13	77
14	89
15	77
16	1
17	58
18	56
19	87
20	87
/

sigma(i)	Size
/
0	0
1	2
2	3
3	6
4	3
5	1
6	7
7	8
8	1
9	9
10	3
11	5
12	8
13	7
14	5
15	3
16	1
17	9
18	8
19	1
20	9
/

epsilon(i)	Priority
/
0	0
1	3
2	8
3	3
4	2
5	9
6	7
7	9
8	5
9	1
10	1
11	6
12	9
13	4
14	1
15	4
16	3
17	2
18	1
19	2
20	4
/

psi	Vehicle Capacity
/ 44 /
;

Table kappa(i,j)                 Setup
         0        1        2        3        4        5        6        7        8        9        10       11       12       13       14       15       16       17       18       19       20       
0        0        625      442      152      646      299      576      574      277      209      528      172      256      486      267      432      424      231      278      337      473      
1        625      0        317      675      356      389      448      612      902      826      610      478      729      182      367      814      998      532      901      568      309      
2        442      317      0        555      207      142      187      312      687      650      699      270      450      326      203      505      729      260      711      570      30       
3        152      675      555      0        762      416      708      722      304      182      421      294      399      510      357      577      507      378      262      236      585      
4        646      356      207      762      0        348      137      310      878      851      874      475      612      455      408      618      889      443      909      764      177      
5        299      389      142      416      348      0        297      361      550      507      614      127      340      324      90       437      613      143      570      462      173      
6        576      448      187      708      137      297      0        175      782      772      886      414      499      503      378      486      769      353      821      752      170      
7        574      612      312      722      310      361      175      0        725      744      975      443      421      638      451      353      664      344      778      818      309      
8        277      902      687      304      878      550      782      725      0        130      721      431      305      763      538      444      229      434      80       540      717      
9        209      826      650      182      851      507      772      744      130      0        592      380      348      673      475      513      354      418      81       415      680      
10       528      610      699      421      874      614      886      975      721      592      0        555      780      437      523      949      928      672      666      191      720      
11       172      478      270      294      475      127      414      443      431      380      555      0        274      368      111      414      523      116      445      381      301      
12       256      729      450      399      612      340      499      421      305      348      780      274      0        640      377      177      279      197      365      590      475      
13       486      182      326      510      455      324      503      638      763      673      437      368      640      0        263      759      889      454      751      385      335      
14       267      367      203      357      408      90       378      451      538      475      523      111      377      263      0        500      634      193      545      374      232      
15       432      814      505      577      618      437      486      353      444      513      949      414      177      759      500      0        320      307      516      762      523      
16       424      998      729      507      889      613      769      664      229      354      928      523      279      889      634      320      0        472      307      740      755      
17       231      532      260      378      443      143      353      344      434      418      672      116      197      454      193      307      472      0        468      496      288      
18       278      901      711      262      909      570      821      778      80       81       666      445      365      751      545      516      307      468      0        493      742      
19       337      568      570      236      764      462      752      818      540      415      191      381      590      385      374      762      740      496      493      0        595      
20       473      309      30       585      177      173      170      309      717      680      720      301      475      335      232      523      755      288      742      595      0        
;



Table delta(i,j)                 Distance
         0        1        2        3        4        5        6        7        8        9        10       11       12       13       14       15       16       17       18       19       20       
0        0        1680     1890     3030     1110     690      90       1830     2340     360      1500     1530     2460     1830     600      3180     1080     2430     2160     1830     2130     
1        1680     0        47       68       28       73       54       13       99       58       34       87       91       91       76       70       62       76       32       78       44       
2        1890     47       0        39       63       65       64       36       58       56       15       61       46       58       77       45       40       29       26       40       13       
3        3030     68       39       0        93       105      102      55       84       96       51       97       66       91       117      7        79       44       37       72       30       
4        1110     28       63       93       0        59       34       40       102      45       48       83       100      90       56       96       60       91       57       82       65       
5        690      73       65       105      59       0        26       76       61       14       57       31       70       43       16       110      26       75       81       48       76       
6        90       54       64       102      34       26       0        60       81       15       50       55       85       65       22       107      39       83       71       64       72       
7        1830     13       36       55       40       76       60       0        92       62       27       85       83       87       81       56       60       66       18       72       31       
8        2340     99       58       84       102      61       81       92       0        66       65       31       19       19       77       91       43       40       84       20       70       
9        360      58       56       96       45       14       15       62       66       0        45       39       71       49       21       101      24       71       69       49       66       
10       1500     34       15       51       48       57       50       27       65       45       0        60       57       60       66       56       36       43       25       45       21       
11       1530     87       61       97       83       31       55       85       31       39       60       0        45       12       47       103      25       57       84       26       74       
12       2460     91       46       66       100      70       85       83       19       71       57       45       0        34       86       73       46       22       72       22       56       
13       1830     91       58       91       90       43       65       87       19       49       60       12       34       0        59       98       30       49       83       19       71       
14       600      76       77       117      56       16       22       81       77       21       66       47       86       59       0        122      41       90       89       64       87       
15       3180     70       45       7        96       110      107      56       91       101      56       103      73       98       122      0        85       51       38       79       35       
16       1080     62       40       79       60       26       39       60       43       24       36       25       46       30       41       85       0        48       61       25       52       
17       2430     76       29       44       91       75       83       66       40       71       43       57       22       49       90       51       48       0        52       31       37       
18       2160     32       26       37       57       81       71       18       84       69       25       84       72       83       89       38       61       52       0        66       15       
19       1830     78       40       72       82       48       64       72       20       49       45       26       22       19       64       79       25       31       66       0        53       
20       2130     44       13       30       65       76       72       31       70       66       21       74       56       71       87       35       52       37       15       53       0        
;

