

sets
i        orders          /0*20/
k        routes          /1*20/
p        positions       /0*20/
;

alias(i,j)
alias(i,h)
alias(i,hh)
alias(i,jj)
alias(k,kk)
                            Parameters

rho(i)	Processing time
/
0	0
1	14
2	92
3	94
4	22
5	36
6	10
7	69
8	12
9	68
10	75
11	21
12	47
13	3
14	83
15	75
16	62
17	28
18	49
19	43
20	93
/

gamma(i)	Duedate
/
0	0
1	74
2	57
3	12
4	80
5	73
6	86
7	21
8	12
9	82
10	68
11	9
12	69
13	19
14	71
15	12
16	19
17	38
18	81
19	47
20	4
/

sigma(i)	Size
/
0	0
1	3
2	7
3	1
4	2
5	3
6	2
7	1
8	4
9	4
10	6
11	4
12	1
13	6
14	3
15	8
16	1
17	2
18	5
19	9
20	9
/

epsilon(i)	Priority
/
0	0
1	8
2	5
3	6
4	9
5	3
6	5
7	4
8	3
9	1
10	2
11	8
12	8
13	9
14	4
15	5
16	9
17	7
18	1
19	2
20	5
/

psi	Vehicle Capacity
/ 32 /
;

Table kappa(i,j)                 Setup
         0        1        2        3        4        5        6        7        8        9        10       11       12       13       14       15       16       17       18       19       20       
0        0        53       720      826      467      623      277      816      85       99       472      575      528      278      117      382      490      608      305      446      701      
1        53       0        699      844      520      675      307      805      84       87       466      580      547      315      122      435      530      660      354      496      710      
2        720      699      0        579      955      1043     997      191      635      782      297      350      499      992      821      906      744      1184     976      878      407      
3        826      844      579      0        732      727      1034     438      760      924      459      306      297      1003     941      737      468      960      916      648      183      
4        467      520      955      732      0        159      458      959      487      536      658      650      509      409      514      85       265      238      282      85       711      
5        623      675      1043     727      159      0        610      1020     637      695      752      713      562      560      674      245      303      260      432      188      746      
6        277      307      997      1034     458      610      0        1085     361      241      739      822      743      49       196      385      614      479      178      488      937      
7        816      805      191      438      959      1020     1085     0        731      893      346      309      458      1072     927      926      717      1197     1033     876      297      
8        85       84       635      760      487      637      361      731      0        169      389      497      463      359      197      406      463      654      370      452      626      
9        99       87       782      924      536      695      241      893      169      0        554      666      626      259      44       450      585      646      327      526      795      
10       472      466      297      459      658      752      739      346      389      554      0        153      246      726      586      610      459      887      693      582      285      
11       575      580      350      306      650      713      822      309      497      666      153      0        153      801      692      620      410      888      745      566      135      
12       528      547      499      297      509      562      743      458      463      626      246      153      0        715      643      489      259      748      641      424      206      
13       278      315      992      1003     409      560      49       1072     359      259      726      801      715      0        216      338      574      431      128      442      912      
14       117      122      821      941      514      674      196      927      197      44       586      692      643      216      0        429      584      612      291      512      818      
15       382      435      906      737      85       245      385      926      406      450      610      620      489      338      429      0        271      278      214      106      695      
16       490      530      744      468      265      303      614      717      463      585      459      410      259      574      584      271      0        500      468      180      451      
17       608      660      1184     960      238      260      479      1197     654      646      887      888      748      431      612      278      500      0        322      323      949      
18       305      354      976      916      282      432      178      1033     370      327      693      745      641      128      291      214      468      322      0        321      844      
19       446      496      878      648      85       188      488      876      452      526      582      566      424      442      512      106      180      323      321      0        625      
20       701      710      407      183      711      746      937      297      626      795      285      135      206      912      818      695      451      949      844      625      0        
;



Table delta(i,j)                 Distance
         0        1        2        3        4        5        6        7        8        9        10       11       12       13       14       15       16       17       18       19       20       
0        0        420      1260     360      1380     1920     1620     1290     1350     1290     1950     1650     1920     2130     660      660      1350     1650     1620     960      900      
1        420      0        32       26       59       49       49       57       34       28       58       51       49       69       8        31       46       48       68       43       19       
2        1260     32       0        53       68       51       76       81       10       31       25       81       48       42       31       63       78       16       85       74       45       
3        360      26       53       0        41       74       57       31       57       54       76       55       75       79       33       17       42       66       44       21       38       
4        1380     59       68       41       0        108      98       35       77       85       80       96       106      70       67       57       82       72       21       51       76       
5        1920     49       51       74       108      0        52       105      41       22       69       60       5        92       41       71       69       64       118      86       37       
6        1620     49       76       57       98       52       0        79       72       50       102      8        56       117      46       43       23       93       99       55       31       
7        1290     57       81       31       35       105      79       0        87       85       101      74       106      98       65       36       58       91       23       24       68       
8        1350     34       10       57       77       41       72       87       0        24       30       77       38       50       30       65       77       22       92       77       41       
9        1290     28       31       54       85       22       50       85       24       0        54       56       21       74       20       55       60       46       96       69       23       
10       1950     58       25       76       80       69       102      101      30       54       0        107      65       25       57       87       104      10       99       97       70       
11       1650     51       81       55       96       60       8        74       77       56       107      0        64       120      49       40       17       97       96       50       36       
12       1920     49       48       75       106      5        56       106      38       21       65       64       0        88       41       73       72       60       118      88       39       
13       2130     69       42       79       70       92       117      98       50       74       25       120      88       0        71       94       115      28       90       100      85       
14       660      8        31       33       67       41       46       65       30       20       57       49       41       71       0        36       47       48       76       49       14       
15       660      31       63       17       57       71       43       36       65       55       87       40       73       94       36       0        26       77       56       14       34       
16       1350     46       78       42       82       69       23       58       77       60       104      17       72       115      47       26       0        94       80       34       37       
17       1650     48       16       66       72       64       93       91       22       46       10       97       60       28       48       77       94       0        91       87       61       
18       1620     68       85       44       21       118      99       23       92       96       99       96       118      90       76       56       80       91       0        46       83       
19       960      43       74       21       51       86       55       24       77       69       97       50       88       100      49       14       34       87       46       0        49       
20       900      19       45       38       76       37       31       68       41       23       70       36       39       85       14       34       37       61       83       49       0        
;

