

sets
i        orders          /0*10/
k        routes          /1*10/
p        positions       /0*10/
;

alias(i,j)
alias(i,h)
alias(i,hh)
alias(i,jj)
alias(k,kk)
                            Parameters

rho(i)	Processing time
/
0	0
1	58
2	94
3	61
4	2
5	35
6	26
7	86
8	78
9	51
10	63
/

gamma(i)	Duedate
/
0	0
1	3
2	62
3	7
4	24
5	44
6	48
7	8
8	74
9	8
10	87
/

sigma(i)	Size
/
0	0
1	5
2	4
3	1
4	4
5	6
6	7
7	6
8	2
9	2
10	1
/

epsilon(i)	Priority
/
0	0
1	4
2	9
3	8
4	6
5	8
6	7
7	4
8	6
9	8
10	9
/

psi	Vehicle Capacity
/ 100 /
;

Table kappa(i,j)                 Setup
         0        1        2        3        4        5        6        7        8        9        10       
0        0        527      764      409      717      395      963      470      661      467      386      
1        527      0        371      735      209      522      562      582      857      133      781      
2        764      371      0        779      235      880      203      545      776      322      860      
3        409      735      779      0        854      801      936      246      271      615      99       
4        717      209      235      854      0        725      387      655      918      255      916      
5        395      522      880      801      725      0        1079     810      1040     563      781      
6        963      562      203      936      387      1079     0        691      884      525      1024     
7        470      582      545      246      655      810      691      0        275      450      341      
8        661      857      776      271      918      1040     884      275      0        724      352      
9        467      133      322      615      255      563      525      450      724      0        669      
10       386      781      860      99       916      781      1024     341      352      669      0        
;



Table delta(i,j)                 Distance
         0        1        2        3        4        5        6        7        8        9        10       
0        0        220      210      200      230      250      270      180      340      100      90       
1        220      0        43       30       42       9        49       20       50       32       20       
2        210      43       0        24       12       43       15       31       23       11       24       
3        200      30       24       0        16       26       38       11       20       22       13       
4        230      42       12       16       0        41       27       26       12       18       22       
5        250      9        43       26       41       0        53       15       47       34       19       
6        270      49       15       38       27       53       0        43       38       18       34       
7        180      20       31       11       26       15       43       0        31       25       9        
8        340      50       23       20       12       47       38       31       0        30       30       
9        100      32       11       22       18       34       18       25       30       0        16       
10       90       20       24       13       22       19       34       9        30       16       0        
;

