
sets
i        orders          /0*10/
k        routes          /1*10/
p        positions       /0*10/
;

alias(i,j)
alias(i,h)
alias(i,hh)
alias(i,jj)
alias(k,kk)
                
                    Parameters

rho(i)	Processing time
/
0	0
1	67
2	30
3	36
4	16
5	84
6	60
7	44
8	65
9	83
10	32
/

gamma(i)	Duedate
/
0	0
1	40
2	30
3	78
4	62
5	35
6	67
7	18
8	50
9	79
10	25
/

sigma(i)	Size
/
0	0
1	4
2	6
3	9
4	6
5	5
6	1
7	6
8	2
9	6
10	3
/

epsilon(i)	Priority
/
0	0
1	5
2	7
3	6
4	8
5	2
6	4
7	6
8	6
9	3
10	7
/

psi	Vehicle Capacity
/ 20 /
;

Table kappa(i,j)                 Setup
         0        1        2        3        4        5        6        7        8        9        10       
0        0        41       74       96       44       66       31       74       65       34       97       
1        41       0        76       84       3        94       13       97       92       51       121      
2        74       76       0        30       76       54       66       44       50       41       61       
3        96       84       30       0        83       85       78       74       80       66       88       
4        44       3        76       83       0        96       15       99       94       53       123      
5        66       94       54       85       96       0        81       15       4        43       32       
6        31       13       66       78       15       81       0        84       78       37       108      
7        74       97       44       74       99       15       84       0        12       46       24       
8        65       92       50       80       94       4        78       12       0        41       32       
9        34       51       41       66       53       43       37       46       41       0        70       
10       97       121      61       88       123      32       108      24       32       70       0        
;



Table delta(i,j)                 Distance
         0        1        2        3        4        5        6        7        8        9        10       
0        0        800      450      540      1770     2190     870      1700     1540     1140     1500     
1        800      0        106      115      200      178      21       150      210      181      217      
2        450      106      0        89       218      262      120      215      183      135      169      
3        540      115      89       0        128      204      113      145      101      66       102      
4        1770     200      218      128      0        156      185      97       86       121      126      
5        2190     178      262      204      156      0        157      64       231      243      264      
6        870      21       120      113      185      157      0        130      202      178      213      
7        1700     150      215      145      97       64       130      0        167      179      200      
8        1540     210      183      101      86       231      202      167      0        51       40       
9        1140     181      135      66       121      243      178      179      51       0        36       
10       1500     217      169      102      126      264      213      200      40       36       0        
;

