

sets
i        orders          /0*20/
k        routes          /1*20/
p        positions       /0*20/
;

alias(i,j)
alias(i,h)
alias(i,hh)
alias(i,jj)
alias(k,kk)
                            Parameters

rho(i)	Processing time
/
0	0
1	95
2	21
3	20
4	22
5	12
6	38
7	47
8	72
9	88
10	39
11	55
12	21
13	92
14	48
15	86
16	87
17	50
18	53
19	72
20	71
/

gamma(i)	Duedate
/
0	0
1	38
2	23
3	90
4	21
5	9
6	1
7	24
8	58
9	82
10	63
11	16
12	19
13	80
14	22
15	44
16	79
17	80
18	67
19	90
20	49
/

sigma(i)	Size
/
0	0
1	3
2	4
3	7
4	1
5	6
6	2
7	7
8	9
9	6
10	8
11	3
12	7
13	5
14	5
15	1
16	7
17	7
18	9
19	9
20	4
/

epsilon(i)	Priority
/
0	0
1	5
2	5
3	3
4	1
5	7
6	6
7	2
8	8
9	4
10	3
11	4
12	5
13	4
14	8
15	6
16	5
17	2
18	8
19	2
20	2
/

psi	Vehicle Capacity
/ 15 /
;

Table kappa(i,j)                 Setup
         0        1        2        3        4        5        6        7        8        9        10       11       12       13       14       15       16       17       18       19       20       
0        0        86       131      75       45       58       18       19       47       143      101      77       66       41       69       125      63       113      100      74       91       
1        86       0        68       53       93       31       86       71       112      175      69       162      30       88       146      122      140      47       26       160      131      
2        131      68       0        58       111      93       139      124      133      154      136      195      96       109      199      88       193      21       42       201      126      
3        75       53       58       0        54       57       87       73       76       122      115      137      65       52       144      71       138      45       43       143      81       
4        45       93       111      54       0        77       63       58       21       99       133      84       86       5        106      82       101      100      94       93       48       
5        58       31       93       57       77       0        56       41       93       171      59       136      9        72       115      128      109      72       53       131      122      
6        18       86       139      87       63       56       0        15       65       162      88       85       61       59       60       142      54       120      104      77       110      
7        19       71       124      73       58       41       15       0        65       158      81       96       48       53       76       131      70       105      89       90       106      
8        47       112      133      76       21       93       65       65       0        98       145      63       102      24       96       95       92       122      115      75       47       
9        143      175      154      122      99       171      162      158      98       0        229      136      180      104      190      68       187      157      164      158      51       
10       101      69       136      115      133      59       88       81       145      229      0        173      50       128      130      186      125      115      94       162      179      
11       77       162      195      137      84       136      85       96       63       136      173      0        143      85       66       155      67       182      172      23       98       
12       66       30       96       65       86       9        61       48       102      180      50       143      0        81       119      136      113      75       54       138      131      
13       41       88       109      52       5        72       59       53       24       104      128      85       81       0        104      84       99       97       91       93       52       
14       69       146      199      144      106      115      60       76       96       190      130      66       119      104      0        188      6        181      165      44       143      
15       125      122      88       71       82       128      142      131      95       68       186      155      136      84       188      0        183      94       105      170      59       
16       63       140      193      138      101      109      54       70       92       187      125      67       113      99       6        183      0        175      159      46       139      
17       113      47       21       45       100      72       120      105      122      157      115      182      75       97       181      94       175      0        21       185      123      
18       100      26       42       43       94       53       104      89       115      164      94       172      54       91       165      105      159      21       0        173      124      
19       74       160      201      143      93       131      77       90       75       158      162      23       138      93       44       170      46       185      173      0        116      
20       91       131      126      81       48       122      110      106      47       51       179      98       131      52       143      59       139      123      124      116      0        
;



Table delta(i,j)                 Distance
         0        1        2        3        4        5        6        7        8        9        10       11       12       13       14       15       16       17       18       19       20       
0        0        2370     2370     3090     2670     1860     3000     2280     2880     2250     1110     3450     1200     3330     1500     3720     4050     2400     3540     1980     3870     
1        2370     0        100      165      147      100      131      138      43       154      46       147      109      73       36       80       80       160      100      90       181      
2        2370     100      0        177      166      140      30       61       139      126      92       46       117      67       99       175      99       121      182      13       85       
3        3090     165      177      0        20       68       190      144      155      68       120      202      62       214      128      162      236      84       131      165      194      
4        2670     147      166      20       0        48       182      139      135      71       103      195      49       198      110      141      219      87       112      153      192      
5        1860     100      140      68       48       0        162      132      87       90       60       178      39       159      64       97       176      104      73       127      187      
6        3000     131      30       190      182      162      0        54       169      131      119      16       134      92       128      205      123      123      210      41       58       
7        2280     138      61       144      139      132      54       0        167      80       109      61       97       127      121      198      158      69       194      59       54       
8        2880     43       139      155      135      87       169      167      0        163      59       186      110      117      46       36       119      172      59       127      215      
9        2250     154      126      68       71       90       131      80       163      0        109      141      53       179      121      183      206      15       163      117      126      
10       1110     46       92       120      103      60       119      109      59       109      0        136      62       99       13       89       116      116      91       79       159      
11       3450     147      46       202      195      178      16       61       186      141      136      0        148      103      145      221      133      131      227      58       49       
12       1200     109      117      62       49       39       134      97       110      53       62       148      0        151      73       129      174      66       110      104      151      
13       3330     73       67       214      198      159      92       127      117      179      99       103      151      0        98       152      31       178      173      68       150      
14       1500     36       99       128      110      64       128      121      46       121      13       145      73       98       0        78       112      129      83       87       170      
15       3720     80       175      162      141      97       205      198      36       183      89       221      129      152      78       0        151      194      38       163      249      
16       4050     80       99       236      219      176      123      158      119      206      116      133      174      31       112      151      0        207      178      99       181      
17       2400     160      121      84       87       104      123      69       172      15       116      131      66       178      129      194      207      0        177      113      113      
18       3540     100      182      131      112      73       210      194      59       163      91       227      110      173      83       38       178      177      0        170      247      
19       1980     90       13       165      153      127      41       59       127      117      79       58       104      68       87       163      99       113      170      0        92       
20       3870     181      85       194      192      187      58       54       215      126      159      49       151      150      170      249      181      113      247      92       0        
;

