

sets
i        orders          /0*20/
k        routes          /1*20/
p        positions       /0*20/
;

alias(i,j)
alias(i,h)
alias(i,hh)
alias(i,jj)
alias(k,kk)
                            Parameters

rho(i)	Processing time
/
0	0
1	20
2	11
3	76
4	35
5	36
6	5
7	89
8	23
9	25
10	63
11	16
12	22
13	21
14	43
15	61
16	42
17	53
18	14
19	95
20	23
/

gamma(i)	Duedate
/
0	0
1	77
2	24
3	30
4	28
5	47
6	58
7	4
8	1
9	24
10	1
11	11
12	22
13	42
14	86
15	85
16	71
17	11
18	89
19	74
20	45
/

sigma(i)	Size
/
0	0
1	2
2	7
3	7
4	3
5	1
6	2
7	3
8	3
9	4
10	2
11	5
12	8
13	3
14	8
15	7
16	7
17	4
18	7
19	5
20	8
/

epsilon(i)	Priority
/
0	0
1	9
2	5
3	9
4	3
5	2
6	8
7	2
8	8
9	2
10	4
11	9
12	2
13	5
14	8
15	1
16	8
17	9
18	1
19	1
20	5
/

psi	Vehicle Capacity
/ 27 /
;

Table kappa(i,j)                 Setup
         0        1        2        3        4        5        6        7        8        9        10       11       12       13       14       15       16       17       18       19       20       
0        0        229      71       84       61       159      74       99       167      163      146      6        58       183      225      55       179      169      240      162      204      
1        229      0        199      167      220      125      162      154      95       120      83       223      204      63       29       195      56       147      21       70       50       
2        71       199      0        112      21       99       92       46       167      174      120      66       108      170      204      99       161      102      204      129      190      
3        84       167      112      0        119      147      20       101      87       79       93       80       37       110      155      32       111      167      183      113      131      
4        61       220      21       119      0        120      100      67       183      187      139      58       109      188      224      101      179      122      225      149      208      
5        159      125      99       147      120      0        129      59       145      165      79       152      168      129      143      156      113      25       122      70       140      
6        74       162      92       20       100      129      0        81       92       89       83       69       43       110      154      33       108      148      176      102      131      
7        99       154      46       101      67       59       81       0        133      145      78       93       114      131      161      103      119      71       158      84       149      
8        167      95       167      87       183      145      92       133      0        25       65       162      125      32       74       119      44       170      115      78       47       
9        163      120      174      79       187      165      89       145      25       0        86       158      114      57       97       111      69       190      141      101      71       
10       146      83       120      93       139      79       83       78       65       86       0        139      126      54       84       116      41       104      94       20       71       
11       6        223      66       80       58       152      69       93       162      158      139      0        56       177      219      52       173      163      233      155      198      
12       58       204      108      37       109      168      43       114      125      114      126      56       0        148      193      11       149      185      218      145      168      
13       183      63       170      110      188      129      110      131      32       57       54       177      148      0        45       141      15       154      83       58       21       
14       225      29       204      155      224      143      154      161      74       97       84       219      193      45       0        185      46       166      51       78       26       
15       55       195      99       32       101      156      33       103      119      111      116      52       11       141      185      0        140      173      209      135      161      
16       179      56       161      111      179      113      108      119      44       69       41       173      149      15       46       140      0        139      74       43       29       
17       169      147      102      167      122      25       148      71       170      190      104      163      185      154      166      173      139      0        141      95       165      
18       240      21       204      183      225      122      176      158      115      141      94       233      218      83       51       209      74       141      0        78       72       
19       162      70       129      113      149      70       102      84       78       101      20       155      145      58       78       135      43       95       78       0        71       
20       204      50       190      131      208      140      131      149      47       71       71       198      168      21       26       161      29       165      72       71       0        
;



Table delta(i,j)                 Distance
         0        1        2        3        4        5        6        7        8        9        10       11       12       13       14       15       16       17       18       19       20       
0        0        357      339      326      179      168      337      331      508      125      485      534      427      306      240      285      417      389      218      333      178      
1        357      0        120      101      193      188      251      90       413      477      584      308      74       207      181      75       381      391      201      224      357      
2        339      120      0        24       224      195      349      32       524      465      665      428      177      300      106      139      480      483      131      323      397      
3        326      101      24       0        203      176      325      11       500      452      641      408      163      276      102      115      456      459      126      299      377      
4        179      193      224      203      0        44       190      202      378      290      453      365      256      146      169      118      305      293      164      176      173      
5        168      188      195      176      44       0        232      177      421      288      495      398      258      187      127      116      349      338      120      217      205      
6        337      251      349      325      190      232      0        317      189      412      337      207      267      49       339      210      131      140      342      27       211      
7        331      90       32       11       202      177      317      0        492      456      636      397      152      269      111      108      449      453      135      291      375      
8        508      413      524      500      378      421      189      492      0        559      281      183      401      237      527      389      98       140      531      208      349      
9        125      477      465      452      290      288      412      456      559      0        468      619      545      392      364      403      461      424      342      416      209      
10       485      584      665      641      453      495      337      636      281      468      0        456      604      377      622      529      228      200      615      365      312      
11       534      308      428      408      365      398      207      397      183      619      456      0        268      228      467      318      234      275      480      203      419      
12       427      74       177      163      256      258      267      152      401      545      604      268      0        232      254      142      387      406      274      239      408      
13       306      207      300      276      146      187      49       269      237      392      377      228      232      0        290      161      180      184      294      30       204      
14       240      181      106      102      169      127      339      111      527      364      622      467      254      290      0        149      465      458      24       318      329      
15       285      75       139      115      118      116      210      108      389      403      529      318      142      161      149      0        341      344      162      184      284      
16       417      381      480      456      305      349      131      449      98       461      228      234      387      180      465      341      0        44       466      157      252      
17       389      391      483      459      293      338      140      453      140      424      200      275      406      184      458      344      44       0        457      168      218      
18       218      201      131      126      164      120      342      135      531      342      615      480      274      294      24       162      466      457      0        323      317      
19       333      224      323      299      176      217      27       291      208      416      365      203      239      30       318      184      157      168      323      0        221      
20       178      357      397      377      173      205      211      375      349      209      312      419      408      204      329      284      252      218      317      221      0        
;

