

sets
i        orders          /0*20/
k        routes          /1*20/
p        positions       /0*20/
;

alias(i,j)
alias(i,h)
alias(i,hh)
alias(i,jj)
alias(k,kk)
                            Parameters

rho(i)	Processing time
/
0	0
1	56
2	54
3	6
4	3
5	96
6	84
7	87
8	88
9	20
10	59
11	15
12	67
13	29
14	63
15	88
16	22
17	47
18	4
19	82
20	98
/

gamma(i)	Duedate
/
0	0
1	58
2	52
3	46
4	6
5	42
6	9
7	96
8	97
9	60
10	27
11	98
12	24
13	77
14	15
15	79
16	16
17	87
18	99
19	27
20	66
/

sigma(i)	Size
/
0	0
1	1
2	9
3	8
4	2
5	9
6	2
7	5
8	8
9	9
10	2
11	6
12	1
13	5
14	2
15	3
16	9
17	8
18	9
19	4
20	9
/

epsilon(i)	Priority
/
0	0
1	2
2	6
3	3
4	8
5	3
6	3
7	6
8	8
9	2
10	3
11	1
12	2
13	8
14	7
15	6
16	1
17	6
18	5
19	8
20	2
/

psi	Vehicle Capacity
/ 37 /
;

Table kappa(i,j)                 Setup
         0        1        2        3        4        5        6        7        8        9        10       11       12       13       14       15       16       17       18       19       20       
0        0        138      109      160      79       54       44       58       68       119      31       138      65       115      89       148      131      59       125      26       113      
1        138      0        58       57       61       172      175      160      71       28       125      150      112      63       83       11       137      179      61       160      91       
2        109      58       0        112      62       127      136      151      63       66       85       176      62       97       28       60       164      164      101      135      120      
3        160      57       112      0        83       205      203      161      94       49       157      117      155      47       132      63       105      185      38       175      66       
4        79       61       62       83       0        121      120      99       11       39       74       114      77       45       66       72       102      118      53       99       61       
5        54       172      127      205      121      0        21       106      110      159      47       192      66       163      100      179      185      96       173      64       166      
6        44       175      136      203      120      21       0        88       109      159      51       179      77       159      110      183      173      76       168      46       158      
7        58       160      151      161      99       106      88       0        92       134      89       96       121      114      138      171      93       25       123      42       98       
8        68       71       63       94       11       110      109      92       0        50       63       117      68       55       61       81       105      109      63       89       67       
9        119      28       66       49       39       159      159      134      50       0        111      123      106      36       84       40       110      155      36       138      63       
10       31       125      85       157      74       47       51       89       63       111      0        158      33       117      61       133      149      91       126      57       123      
11       138      150      176      117      114      192      179      96       117      123      158      0        180      87       179      161      13       120      89       134      59       
12       65       112      62       155      77       66       77       121      68       106      33       180      0        123      34       118      169      124      130      91       135      
13       115      63       97       47       45       163      159      114      55       36       117      87       123      0        108      74       74       137      9        128      27       
14       89       83       28       132      66       100      110      138      61       84       61       179      34       108      0        87       167      147      114      115      127      
15       148      11       60       63       72       179      183      171      81       40       133      161      118      74       87       0        148      190      72       170      102      
16       131      137      164      105      102      185      173      93       105      110      149      13       169      74       167      148      0        118      77       129      46       
17       59       179      164      185      118      96       76       25       109      155      91       120      124      137      147      190      118      0        146      34       123      
18       125      61       101      38       53       173      168      123      63       36       126      89       130      9        114      72       77       146      0        138      31       
19       26       160      135      175      99       64       46       42       89       138      57       134      91       128      115      170      129      34       138      0        121      
20       113      91       120      66       61       166      158      98       67       63       123      59       135      27       127      102      46       123      31       121      0        
;



Table delta(i,j)                 Distance
         0        1        2        3        4        5        6        7        8        9        10       11       12       13       14       15       16       17       18       19       20       
0        0        363      361      124      265      187      92       184      499      334      532      80       313      380      267      67       531      436      358      418      309      
1        363      0        60       240      207      518      350      384      545      102      353      439      99       493      250      350      502      167      451      84       523      
2        361      60       0        244      162      500      332      352      489      48       295      440      55       444      204      359      443      113      401      56       484      
3        124      240      244      0        189      297      143      220      500      225      459      198      203      399      211      115      507      333      367      301      368      
4        265      207      162      189      0        360      203      197      352      115      271      344      109      287      43       293      333      186      245      208      322      
5        187      518      500      297      360      0        168      174      441      461      585      168      445      313      339      247      509      546      313      554      193      
6        92       350      332      143      203      168      0        93       406      296      458      155      279      289      194      154      440      387      266      388      231      
7        184      384      352      220      197      174      93       0        316      308      411      235      296      196      168      247      359      380      175      403      149      
8        499      545      489      500      352      441      406      316      0        443      315      550      448      128      311      559      107      434      140      511      255      
9        334      102      48       225      115      461      296      308      443      0        270      414      22       395      156      340      401      109      353      94       438      
10       532      353      295      459      271      585      458      411      315      270      0        609      289      355      265      564      220      189      321      282      466      
11       80       439      440      198      344      168      155      235      550      414      609      0        393      425      344      99       593      517      410      497      333      
12       313      99       55       203      109      445      279      296      448      22       289      393      0        394      152      318      411      131      352      109      430      
13       380      493      444      399      287      313      289      196      128      395      355      425      394      0        243      443      205      418      43       478      132      
14       267      250      204      211      43       339      194      168      311      156      265      344      152      243      0        304      299      212      201      246      283      
15       67       350      359      115      293      247      154      247      559      340      564      99       318      443      304      0        584      448      419      415      376      
16       531      502      443      507      333      509      440      359      107      401      220      593      411      205      299      584      0        368      195      454      338      
17       436      167      113      333      186      546      387      380      434      109      189      517      131      418      212      448      368      0        376      93       489      
18       358      451      401      367      245      313      266      175      140      353      321      410      352      43       201      419      195      376      0        435      149      
19       418      84       56       301      208      554      388      403      511      94       282      497      109      478      246      415      454      93       435      0        530      
20       309      523      484      368      322      193      231      149      255      438      466      333      430      132      283      376      338      489      149      530      0        
;

