
sets
i        orders          /0*20/
k        routes          /1*20/
p        positions       /0*20/
;

alias(i,j)
alias(i,h)
alias(i,hh)
alias(i,jj)
alias(k,kk)
                
                    Parameters

rho(i)	Processing time
/
0	0
1	67
2	66
3	86
4	70
5	90
6	68
7	8
8	17
9	40
10	1
11	89
12	60
13	57
14	15
15	94
16	74
17	92
18	82
19	34
20	9
/

gamma(i)	Duedate
/
0	0
1	35
2	13
3	12
4	16
5	20
6	63
7	61
8	47
9	11
10	30
11	43
12	8
13	64
14	93
15	65
16	67
17	66
18	55
19	26
20	52
/

sigma(i)	Size
/
0	0
1	7
2	4
3	9
4	7
5	6
6	8
7	8
8	9
9	5
10	3
11	3
12	8
13	9
14	9
15	4
16	3
17	1
18	1
19	2
20	3
/

epsilon(i)	Priority
/
0	0
1	4
2	5
3	2
4	7
5	1
6	4
7	6
8	3
9	3
10	3
11	3
12	3
13	1
14	1
15	7
16	9
17	6
18	3
19	8
20	7
/

psi	Vehicle Capacity
/ 34 /
;

Table kappa(i,j)                 Setup
         0        1        2        3        4        5        6        7        8        9        10       11       12       13       14       15       16       17       18       19       20       
0        0        217      311      113      288      115      81       296      299      132      97       325      151      247      166      357      296      182      377      69       191      
1        217      0        297      330      439      142      230      110      369      348      298      370      187      190      139      389      386      118      335      177      178      
2        311      297      0        366      275      217      239      248      129      363      299      99       163      107      177      102      162      185      68       344      135      
3        113      330      366      0        243      214      136      403      311      25       67       348      227      329      259      382      296      280      434      171      271      
4        288      439      275      243      0        298      223      456      153      222      199      196      256      317      307      223      119      332      332      356      282      
5        115      142      217      214      298      0        91       191      247      225      166      260      60       135      51       287      257      67       277      127      84       
6        81       230      239      136      223      91       0        280      218      142      78       245      91       193      128      277      216      151      306      139      135      
7        296      110      248      403      456      191      280      0        351      416      357      339      205      149      155      350      376      130      265      273      173      
8        299      369      129      311      153      247      218      351      0        300      246      44       188      202      230      75       34       250      179      352      191      
9        132      348      363      25       222      225      142      416      300      0        66       339      232      334      269      373      282      291      432      194      276      
10       97       298      299      67       199      166      78       357      246      66       0        282      167      268      206      316      233      229      367      167      211      
11       325      370      99       348      196      260      245      339      44       339      282      0        200      190      235      33       76       251      139      374      193      
12       151      187      163      227      256      60       91       205      188      232      167      200      0        101      51       227      201      77       226      181      44       
13       247      190      107      329      317      135      193      149      202      334      268      190      101      0        85       204      228      84       150      262      57       
14       166      139      177      259      307      51       128      155      230      269      206      235      51       85       0        258      247      25       231      176      43       
15       357      389      102      382      223      287      277      350      75       373      316      33       227      204      258      0        105      272      125      404      215      
16       296      386      162      296      119      257      216      376      34       282      233      76       201      228      247      105      0        268      213      354      210      
17       182      118      185      280      332      67       151      130      250      291      229      251      77       84       25       272      268      0        234      183      59       
18       377      335      68       434      332      277      306      265      179      432      367      139      226      150      231      125      213      234      0        404      192      
19       69       177      344      171      356      127      139      273      352      194      167      374      181      262      176      404      354      183      404      0        211      
20       191      178      135      271      282      84       135      173      191      276      211      193      44       57       43       215      210      59       192      211      0        
;



Table delta(i,j)                 Distance
         0        1        2        3        4        5        6        7        8        9        10       11       12       13       14       15       16       17       18       19       20       
0        0        615      418      481      624      603      461      544      315      566      341      601      142      643      491      420      419      345      356      140      598      
1        615      0        547      541      51       44       214      99       406      286      539      146      561      289      313      413      476      314      272      475      298      
2        418      547      0        66       587      567      335      543      552      311      77       632      509      377      246      134      71       496      450      362      723      
3        481      541      66       0        584      565      335      549      593      282      141      638      564      339      229      136      82       528      478      415      741      
4        624      51       587      584      0        22       252      83       392      336      574      99       559      340      359      454      517      305      272      486      253      
5        603      44       567      565      22       0        232      66       376      321      553      102      540      329      340      434      497      288      252      465      254      
6        461      214      335      335      252      232      0        215      366      147      325      304      452      207      122      201      265      272      212      326      420      
7        544      99       543      549      83       66       215      0        310      330      521      89       476      353      334      414      476      222      189      407      220      
8        315      406      552      593      392      376      366      310      0        512      492      332      196      572      466      471      511      97       156      226      289      
9        566      286      311      282      336      321      147      330      512      0        337      414      582      78       78       189      243      420      359      442      548      
10       341      539      77       141      574      553      325      521      492      337      0        607      435      409      262      147      103      445      405      291      685      
11       601      146      632      638      99       102      304      89       332      414      607      0        516      429      422      503      565      260      246      469      153      
12       142      561      509      564      559      540      452      476      196      582      435      516      0        654      516      474      491      256      289      152      485      
13       643      289      377      339      340      329      207      353      572      78       409      429      654      0        156      263      311      476      416      517      573      
14       491      313      246      229      359      340      122      334      466      78       262      422      516      156      0        116      175      380      320      372      542      
15       420      413      134      136      454      434      201      414      471      189      147      503      474      263      116      0        63       399      346      322      604      
16       419      476      71       82       517      497      265      476      511      243      103      565      491      311      175      63       0        446      396      340      662      
17       345      314      496      528      305      288      272      222      97       420      445      260      256      476      380      399      446      0        61       223      261      
18       356      272      450      478      272      252      212      189      156      359      405      246      289      416      320      346      396      61       0        222      283      
19       140      475      362      415      486      465      326      407      226      442      291      469      152      517      372      322      340      223      222      0        485      
20       598      298      723      741      253      254      420      220      289      548      685      153      485      573      542      604      662      261      283      485      0        
;

