
sets
i        orders          /0*20/
k        routes          /1*20/
p        positions       /0*20/
;

alias(i,j)
alias(i,h)
alias(i,hh)
alias(i,jj)
alias(k,kk)
                
                    Parameters

rho(i)	Processing time
/
0	0
1	80
2	62
3	37
4	20
5	30
6	71
7	10
8	80
9	38
10	66
11	57
12	27
13	33
14	24
15	12
16	19
17	30
18	27
19	27
20	48
/

gamma(i)	Duedate
/
0	0
1	5
2	17
3	43
4	20
5	13
6	18
7	99
8	54
9	67
10	70
11	72
12	15
13	60
14	52
15	51
16	52
17	44
18	52
19	81
20	69
/

sigma(i)	Size
/
0	0
1	5
2	1
3	3
4	8
5	8
6	5
7	6
8	1
9	1
10	9
11	5
12	1
13	9
14	5
15	7
16	4
17	1
18	1
19	2
20	6
/

epsilon(i)	Priority
/
0	0
1	5
2	8
3	2
4	6
5	1
6	4
7	9
8	8
9	3
10	4
11	4
12	2
13	5
14	9
15	9
16	6
17	5
18	3
19	2
20	4
/

psi	Vehicle Capacity
/ 19 /
;

Table kappa(i,j)                 Setup
         0        1        2        3        4        5        6        7        8        9        10       11       12       13       14       15       16       17       18       19       20       
0        0        181      289      212      97       270      310      196      121      186      352      111      42       184      33       214      165      321      307      90       208      
1        181      0        178      125      253      135      195      303      60       31       178      166      218      263      214      48       267      172      128      236      299      
2        289      178      0        77       310      291      353      462      210      207      147      199      331      242      312      134      426      306      158      291      463      
3        212      125      77       0        237      256      318      387      141      157      182      125      254      187      234      96       351      284      166      217      390      
4        97       253      310      237      0        361      405      263      199      267      406      111      99       121      72       274      239      410      370      19       282      
5        270      135      291      256      361      0        62       306      166      107      219      294      296      393      303      162      276      53       163      347      290      
6        310      195      353      318      405      62       0        308      219      165      271      348      330      448      342      224      284      67       218      393      288      
7        196      303      462      387      263      306      308      0        254      287      478      306      168      375      198      350      36       356      422      268      27       
8        121      60       210      141      199      166      219      254      0        67       237      129      158      229      154      100      218      213      188      184      253      
9        186      31       207      157      267      107      165      287      67       0        191      189      221      287      220      74       252      148      136      251      280      
10       352      178      147      182      406      219      271      478      237      191      0        298      392      369      382      138      443      208      58       387      471      
11       111      166      199      125      111      294      348      306      129      189      298      0        147      100      121      174      274      337      268      92       317      
12       42       218      331      254      99       296      330      168      158      221      392      147      0        207      30       254      141      348      346      100      185      
13       184      263      242      187      121      393      448      375      229      287      369      100      207      0        177      262      347      435      349      110      391      
14       33       214      312      234      72       303      342      198      154      220      382      121      30       177      0        244      171      355      339      71       215      
15       214      48       134      96       274      162      224      350      100      74       138      174      254      262      244      0        314      187      96       256      346      
16       165      267      426      351      239      276      284      36       218      252      443      274      141      347      171      314      0        327      388      241      44       
17       321      172      306      284      410      53       67       356      213      148      208      337      348      435      355      187      327      0        159      396      338      
18       307      128      158      166      370      163      218      422      188      136      58       268      346      349      339      96       388      159      0        352      414      
19       90       236      291      217      19       347      393      268      184      251      387      92       100      110      71       256      241      396      352      0        285      
20       208      299      463      390      282      290      288      27       253      280      471      317      185      391      215      346      44       338      414      285      0        
;



Table delta(i,j)                 Distance
         0        1        2        3        4        5        6        7        8        9        10       11       12       13       14       15       16       17       18       19       20       
0        0        65       542      483      413      529      464      160      161      661      490      552      654      423      432      592      173      577      114      602      319      
1        65       0        560      443      388      508      445      137      142      619      428      563      618      358      382      610      180      576      116      577      256      
2        542      560      0        470      348      330      299      444      433      564      704      55       509      766      541      50       380      171      443      378      637      
3        483      443      470      0        130      167      171      326      328      177      265      429      177      388      110      498      358      347      384      191      300      
4        413      388      348      130      0        120      71       254      252      282      358      313      254      446      194      382      260      253      302      189      330      
5        529      508      330      167      120      0        68       372      369      235      431      282      185      543      270      350      368      185      416      75       438      
6        464      445      299      171      71       68       0        309      305      284      421      258      242      516      256      327      300      185      350      144      401      
7        160      137      444      326      254      372      309      0        11       503      383      440      494      368      288      492      79       442      61       443      239      
8        161      142      433      328      252      369      305      11       0        506      392      431      495      379      294      482      68       435      56       441      250      
9        661      619      564      177      282      235      284      503      506      0        348      514      65       502      252      579      532      407      561      193      447      
10       490      428      704      265      358      431      421      383      392      348      0        672      391      161      165      740      454      606      441      453      175      
11       552      563      55       429      313      282      258      440      431      514      672      0        457      744      508      68       383      115      447      325      618      
12       654      618      509      177      254      185      242      494      495      65       391      457      0        539      273      521      513      348      549      132      470      
13       423      358      766      388      446      543      516      368      379      502      161      744      539      0        278      808      447      698      412      580      132      
14       432      382      541      110      194      270      256      288      294      252      165      508      273      278      0        576      342      440      350      301      197      
15       592      610      50       498      382      350      327      492      482      579      740      68       521      808      576      0        430      174      493      389      680      
16       173      180      380      358      260      368      300      79       68       532      454      383      513      447      342      430      0        403      63       443      318      
17       577      576      171      347      253      185      185      442      435      407      606      115      348      698      440      174      403      0        464      215      580      
18       114      116      443      384      302      416      350      61       56       561      441      447      549      412      350      493      63       464      0        489      288      
19       602      577      378      191      189      75       144      443      441      193      453      325      132      580      301      389      443      215      489      0        485      
20       319      256      637      300      330      438      401      239      250      447      175      618      470      132      197      680      318      580      288      485      0        
;

