

sets
i        orders          /0*40/
k        routes          /1*40/
p        positions       /0*40/
;

alias(i,j)
alias(i,h)
alias(i,hh)
alias(i,jj)
alias(k,kk)
                            Parameters

rho(i)	Processing time
/
0	0
1	10
2	69
3	74
4	66
5	45
6	41
7	55
8	42
9	43
10	28
11	72
12	83
13	51
14	78
15	61
16	94
17	80
18	63
19	87
20	80
21	93
22	84
23	45
24	77
25	33
26	28
27	17
28	15
29	75
30	79
31	2
32	84
33	90
34	62
35	19
36	46
37	30
38	34
39	88
40	10
/

gamma(i)	Duedate
/
0	0
1	30
2	49
3	1
4	12
5	77
6	26
7	47
8	10
9	22
10	47
11	24
12	24
13	16
14	30
15	98
16	15
17	47
18	16
19	96
20	41
21	19
22	60
23	29
24	80
25	4
26	48
27	91
28	1
29	15
30	3
31	91
32	39
33	26
34	14
35	53
36	21
37	22
38	4
39	62
40	88
/

sigma(i)	Size
/
0	0
1	8
2	6
3	3
4	6
5	6
6	4
7	2
8	7
9	5
10	7
11	2
12	1
13	2
14	6
15	7
16	3
17	5
18	7
19	2
20	9
21	8
22	5
23	3
24	1
25	5
26	6
27	6
28	2
29	8
30	6
31	9
32	5
33	3
34	3
35	7
36	7
37	9
38	8
39	6
40	8
/

epsilon(i)	Priority
/
0	0
1	4
2	4
3	3
4	2
5	3
6	1
7	9
8	7
9	3
10	7
11	1
12	8
13	5
14	1
15	5
16	6
17	4
18	1
19	9
20	4
21	9
22	3
23	2
24	2
25	8
26	9
27	7
28	7
29	1
30	5
31	2
32	7
33	8
34	3
35	2
36	6
37	4
38	8
39	4
40	4
/

psi	Vehicle Capacity
/ 69 /
;

Table kappa(i,j)                 Setup
         0        1        2        3        4        5        6        7        8        9        10       11       12       13       14       15       16       17       18       19       20       21       22       23       24       25       26       27       28       29       30       31       32       33       34       35       36       37       38       39       40       
0        0        1243     1302     471      845      1307     1086     987      1125     1489     315      871      497      1163     795      1088     646      1175     1539     687      1413     1445     1365     359      381      1337     770      492      453      375      841      1260     1260     1226     1337     314      810      940      148      987      714      
1        1243     0        772      1574     1411     1080     1628     1845     165      1493     1558     1984     1213     115      840      240      943      1728     1455     1590     1848     268      1633     1594     862      1907     1637     1534     1512     1437     992      843      22       216      293      1383     1916     1083     1356     263      1662     
2        1302     772      0        1757     960      336      1086     1429     864      750      1572     1729     973      678      520      580      1384     1167     696      1272     1208     672      960      1642     1012     1320     1965     1329     1327     1636     559      101      763      556      524      1258     1666     559      1449     812      1949     
3        471      1574     1757     0        1275     1778     1494     1297     1431     1951     371      1017     950      1517     1261     1466     726      1571     2006     1033     1818     1809     1803     296      767      1713     370      812      775      136      1312     1723     1594     1605     1724     692      977      1410     326      1311     281      
4        845      1411     960      1275     0        750      259      470      1388     726      942      808      358      1297     573      1175     1358     361      806      362      576      1475     529      1030     878      544      1610     523      546      1210     436      868      1417     1265     1319     585      754      400      963      1254     1545     
5        1307     1080     336      1778     750      0        813      1198     1148     417      1531     1556     881      976      532      863      1537     880      375      1100     888      1005     633      1611     1098     1017     2037     1207     1216     1672     468      243      1073     870      854      1183     1499     394      1454     1069     2003     
6        1086     1628     1086     1494     259      813      0        419      1619     645      1143     856      613      1513     789      1388     1617     104      745      490      326      1664     363      1231     1137     289      1842     699      730      1441     635      986      1631     1465     1505     803      817      557      1194     1490     1770     
7        987      1845     1429     1297     470      1198     419      0        1801     1065     926      459      655      1734     1024     1615     1608     417      1165     305      637      1932     772      1006     1176     471      1665     501      541      1280     901      1336     1853     1716     1779     673      435      870      1050     1660     1578     
8        1125     165      864      1431     1388     1148     1619     1801     0        1550     1439     1904     1154     196      832      286      781      1721     1523     1531     1861     433      1661     1469     748      1904     1478     1455     1430     1294     990      922      188      336      439      1294     1836     1094     1230     144      1506     
9        1489     1493     750      1951     726      417      645      1065     1550     0        1648     1494     1001     1385     824      1269     1845     666      106      1079     568      1422     319      1734     1372     740      2254     1248     1269     1865     694      660      1487     1285     1271     1285     1449     573      1627     1459     2204     
10       315      1558     1572     371      942      1531     1143     926      1439     1648     0        671      657      1478     1053     1401     886      1214     1714     669      1463     1758     1470     87       696      1349     741      449      414      376      1064     1519     1575     1538     1647     363      623      1144     226      1302     652      
11       871      1984     1729     1017     808      1556     856      459      1904     1494     671      0        791      1883     1248     1777     1515     872      1588     458      1097     2123     1219     726      1183     927      1383     450      474      1046     1170     1646     1996     1898     1983     614      67       1182     867      1759     1284     
12       497      1213     973      950      358      881      613      655      1154     1001     657      791      0        1106     465      994      1007     710      1060     377      934      1335     868      740      539      887      1267     359      354      871      424      903      1223     1111     1193     301      724      489      628      1011     1209     
13       1163     115      678      1517     1297     976      1513     1734     196      1385     1478     1883     1106     0        726      125      920      1613     1351     1482     1733     292      1519     1519     783      1792     1604     1433     1412     1380     877      742      119      141      252      1287     1815     968      1283     222      1622     
14       795      840      520      1261     573      532      789      1024     832      824      1053     1248     465      726      0        602      1024     890      838      806      1033     907      852      1124     568      1072     1506     824      818      1148     160      467      845      693      755      739      1183     275      943      708      1475     
15       1088     240      580      1466     1175     863      1388     1615     286      1269     1401     1777     994      125      602      0        916      1487     1238     1368     1608     358      1396     1447     713      1667     1581     1329     1310     1331     752      635      243      139      258      1190     1709     843      1215     245      1591     
16       646      943      1384     726      1358     1537     1617     1608     781      1845     886      1515     1007     920      1024     916      0        1717     1862     1303     1930     1204     1817     875      487      1895     699      1129     1091     600      1152     1390     965      1041     1163     945      1455     1276     661      697      737      
17       1175     1728     1167     1571     361      880      104      417      1721     666      1214     872      710      1613     890      1487     1717     0        770      549      249      1758     358      1301     1239     185      1923     765      799      1523     735      1067     1731     1562     1599     884      840      652      1278     1593     1849     
18       1539     1455     696      2006     806      375      745      1165     1523     106      1714     1588     1060     1351     838      1238     1862     770      0        1165     674      1367     426      1799     1398     846      2299     1325     1343     1915     722      613      1447     1243     1220     1351     1541     606      1680     1440     2253     
19       687      1590     1272     1033     362      1100     490      305      1531     1079     669      458      377      1482     806      1368     1303     549      1165     0        798      1702     842      754      877      680      1395     220      258      1000     715      1188     1599     1480     1556     373      399      723      762      1388     1314     
20       1413     1848     1208     1818     576      888      326      637      1861     568      1463     1097     934      1733     1033     1608     1930     249      674      798      0        1844     259      1549     1446     191      2168     1014     1048     1767     873      1108     1848     1665     1685     1128     1071     767      1521     1741     2095     
21       1445     268      672      1809     1475     1005     1664     1932     433      1422     1758     2123     1335     292      907      358      1204     1758     1367     1702     1844     0        1609     1803     1067     1929     1894     1678     1661     1672     1039     762      246      226      159      1545     2056     1106     1569     510      1914     
22       1365     1633     960      1803     529      633      363      772      1661     319      1470     1219     868      1519     852      1396     1817     358      426      842      259      1609     0        1558     1330     421      2134     1038     1066     1735     695      860      1631     1441     1452     1114     1181     577      1489     1550     2071     
23       359      1594     1642     296      1030     1611     1231     1006     1469     1734     87       726      740      1519     1124     1447     875      1301     1799     754      1549     1803     1558     0        735      1434     666      535      501      324      1143     1592     1612     1585     1696     449      683      1225     240      1335     574      
24       381      862      1012     767      878      1098     1137     1176     748      1372     696      1183     539      783      568      713      487      1239     1398     877      1446     1067     1330     735      0        1420     954      746      715      636      677      993      879      852      967      569      1117     799      501      608      936      
25       1337     1907     1320     1713     544      1017     289      471      1904     740      1349     927      887      1792     1072     1667     1895     185      846      680      191      1929     421      1434     1420     0        2072     901      938      1675     916      1219     1909     1737     1770     1036     907      827      1432     1777     1994     
26       770      1637     1965     370      1610     2037     1842     1665     1478     2254     741      1383     1267     1604     1506     1581     699      1923     2299     1395     2168     1894     2134     666      954      2072     0        1175     1137     400      1585     1946     1659     1714     1837     1039     1346     1694     647      1384     106      
27       492      1534     1329     812      523      1207     699      501      1455     1248     449      450      359      1433     824      1329     1129     765      1325     220      1014     1678     1038     535      746      901      1175     0        40       783      773      1255     1546     1452     1541     184      382      814      549      1310     1093     
28       453      1512     1327     775      546      1216     730      541      1430     1269     414      474      354      1412     818      1310     1091     799      1343     258      1048     1661     1066     501      715      938      1137     40       0        744      774      1256     1525     1435     1526     148      406      822      509      1285     1056     
29       375      1437     1636     136      1210     1672     1441     1280     1294     1865     376      1046     871      1380     1148     1331     600      1523     1915     1000     1767     1672     1735     324      636      1675     400      783      744      0        1210     1605     1457     1470     1589     639      999      1313     246      1174     339      
30       841      992      559      1312     436      468      635      901      990      694      1064     1170     424      877      160      752      1152     735      722      715      873      1039     695      1143     677      916      1585     773      774      1210     0        482      995      833      883      723      1107     124      987      868      1544     
31       1260     843      101      1723     868      243      986      1336     922      660      1519     1646     903      742      467      635      1390     1067     613      1188     1108     762      860      1592     993      1219     1946     1255     1256     1605     482      0        835      630      610      1195     1585     469      1409     856      1924     
32       1260     22       763      1594     1417     1073     1631     1853     188      1487     1575     1996     1223     119      845      243      965      1731     1447     1599     1848     246      1631     1612     879      1909     1659     1546     1525     1457     995      835      0        206      276      1397     1928     1084     1374     283      1683     
33       1226     216      556      1605     1265     870      1465     1716     336      1285     1538     1898     1111     141      693      139      1041     1562     1243     1480     1665     226      1441     1585     852      1737     1714     1452     1435     1470     833      630      206      0        122      1319     1830     910      1354     349      1727     
34       1337     293      524      1724     1319     854      1505     1779     439      1271     1647     1983     1193     252      755      258      1163     1599     1220     1556     1685     159      1452     1696     967      1770     1837     1541     1526     1589     883      610      276      122      0        1415     1916     947      1467     469      1849     
35       314      1383     1258     692      585      1183     803      673      1294     1285     363      614      301      1287     739      1190     945      884      1351     373      1128     1545     1114     449      569      1036     1039     184      148      639      723      1195     1397     1319     1415     0        547      790      395      1150     966      
36       810      1916     1666     977      754      1499     817      435      1836     1449     623      67       724      1815     1183     1709     1455     840      1541     399      1071     2056     1181     683      1117     907      1346     382      406      999      1107     1585     1928     1830     1916     547      0        1122     812      1691     1248     
37       940      1083     559      1410     400      394      557      870      1094     573      1144     1182     489      968      275      843      1276     652      606      723      767      1106     577      1225     799      827      1694     814      822      1313     124      469      1084     910      947      790      1122     0        1084     977      1650     
38       148      1356     1449     326      963      1454     1194     1050     1230     1627     226      867      628      1283     943      1215     661      1278     1680     762      1521     1569     1489     240      501      1432     647      549      509      246      987      1409     1374     1354     1467     395      812      1084     0        1096     582      
39       987      263      812      1311     1254     1069     1490     1660     144      1459     1302     1759     1011     222      708      245      697      1593     1440     1388     1741     510      1550     1335     608      1777     1384     1310     1285     1174     868      856      283      349      469      1150     1691     977      1096     0        1404     
40       714      1662     1949     281      1545     2003     1770     1578     1506     2204     652      1284     1209     1622     1475     1591     737      1849     2253     1314     2095     1914     2071     574      936      1994     106      1093     1056     339      1544     1924     1683     1727     1849     966      1248     1650     582      1404     0        
;



Table delta(i,j)                 Distance
         0        1        2        3        4        5        6        7        8        9        10       11       12       13       14       15       16       17       18       19       20       21       22       23       24       25       26       27       28       29       30       31       32       33       34       35       36       37       38       39       40       
0        0        1410     570      3000     1110     3480     510      4320     2010     3150     3030     3000     3780     3030     1950     3690     2400     840      1590     3750     3420     780      3750     1650     1260     420      2100     2130     2400     330      3720     1710     4800     2730     2160     2310     4620     4050     2130     1980     1290     
1        1410     0        27       112      58       161      57       169      101      138      143      135      161      124      20       168      117      69       26       169      122      22       169      94       8        56       108      59       118      35       171      33       206      134      41       124      201      179      31       103      44       
2        570      27       0        100      43       135      33       155      81       119      119      112      141      108      46       141      94       45       39       142      113      8        144      71       24       29       84       64       93       8        144      41       179      108      58       97       174      154      54       81       38       
3        3000     112      100      0        137      175      115      237      160      195      173      64       211      29       129      126      66       123      136      120      15       97       185      145      116      89       65       164      69       100      148      83       161      93       153      121      177      196      143      156      139      
4        1110     58       43       137      0        110      24       112      43       79       88       132      102      137      69       141      111      25       45       145      151      50       117      39       50       49       102      44       110      38       135      83       175      115      59       88       161      126      67       45       20       
5        3480     161      135      175      110      0        103      101      73       68       26       126      62       157      176      83       112      92       155      92       191      143      9        71       154      113      111      150      110      127      55       172      95       91       170      54       65       20       177      67       131      
6        510      57       33       115      24       103      0        126      50       88       86       108      109      114      73       121      87       12       55       124      130      41       111      39       51       26       78       65       86       25       118      73       157      93       73       71       147      122      76       49       37       
7        4320     169      155      237      112      101      126      0        77       42       80       207      39       228      175      181      188      116      149      189      253      163      99       91       161      151      183      124      186      149      155      196      196      176      153      134      165      97       167      81       125      
8        2010     101      81       160      43       73       50       77       0        38       49       136      60       152      112      126      116      39       88       132      175      89       79       14       93       73       109      77       114      74       111      122      153      110      99       72       133      86       109      7        62       
9        3150     138      119      195      79       68       88       42       38       0        43       165      24       186      147      141      145      77       122      149      211      127      69       51       129      111      140      103      143      113      119      160      161      134      130      92       133      72       142      40       96       
10       3030     143      119      173      88       26       86       80       49       43       0        132      43       158      157      100      115      74       134      108      189      127      30       50       135      100      112      126      113      111      76       158      117      99       147      57       91       38       156      43       109      
11       3000     135      112      64       132      126      108      207      136      165      132      0        175      37       155      62       21       109      151      56       77       113      134      122      135      86       30       171      22       107      88       119      97       35       171      75       114      145      166      130      143      
12       3780     161      141      211      102      62       109      39       60       24       43       175      0        199      171      143      157      98       146      151      227      149      60       70       152      130      152      127      155      134      117      182      157      142      154      100      126      59       166      60       120      
13       3030     124      108      29       137      157      114      228      152      186      158      37       199      0        143      99       44       119      146      93       40       106      165      138      127      88       46       171      47       105      124      101      133      69       164      103      151      176      156      148      144      
14       1950     20       46       129      69       176      73       175      112      147      157      155      171      143      0        188      138      84       25       189      138      42       184      107      23       76       128      55       138      54       190      46       225      154      30       143      219      194      14       115      51       
15       3690     168      141      126      141      83       121      181      126      141      100      62       143      99       188      0        62       116      176      9        139      145      89       115      165      111      68       186      60       133      31       162      38       36       194      54       52       97       195      119      159      
16       2400     117      94       66       111      112      87       188      116      145      115      21       157      44       138      62       0        88       132      58       81       95       121      101      117      66       9        151      2        88       82       105      100      27       151      59       111      132      148      110      122      
17       840      69       45       123      25       92       12       116      39       77       74       109      98       119      84       116      88       0        64       120      138      53       100      27       62       34       79       69       87       37       111      85       150      91       81       64       138      110      86       37       43       
18       1590     26       39       136      45       155      55       149      88       122      134      151      146      146      25       176      132      64       0        178      147      40       163      84       19       66       122      32       132      44       174      60       212      145      19       127      203      172      21       91       26       
19       3750     169      142      120      145      92       124      189      132      149      108      56       151      93       189      9        58       120      178      0        133      146      98       120      166      112      66       189      57       135      40       161      41       34       197      60       60       107      196      125      162      
20       3420     122      113      15       151      191      130      253      175      211      189      77       227      40       138      139      81       138      147      133      0        109      200      161      127      103      80       177      83       114      163      92       173      107      163      137      190      211      152      171      152      
21       780      22       8        97       50       143      41       163      89       127      127      113      149      106      42       145      95       53       40       146      109      0        151      79       22       34       85       68       95       16       149      33       183      112      58       103      179      162      52       89       44       
22       3750     169      144      185      117      9        111      99       79       69       30       134      60       165      184      89       121      100      163      98       200      151      0        78       162      122      120      156      118      135      60       181      97       99       177      63       66       11       184      73       138      
23       1650     94       71       145      39       71       39       91       14       51       50       122      70       138      107      115      101      27       84       120      161      79       78       0        86       60       94       79       99       64       102      112      144      97       98       60       126      87       106      10       59       
24       1260     8        24       116      50       154      51       161      93       129      135      135      152      127      23       165      117      62       19       166      127      22       162      86       0        53       107      51       117      31       167      40       203      132      37       120      196      172      30       95       35       
25       420      56       29       89       49       113      26       151      73       111      100      86       130      88       76       111      66       34       66       112      103      34       122      60       53       0        56       85       66       22       115      59       149      79       85       69       145      133      83       71       57       
26       2100     108      84       65       102      111      78       183      109      140      112      30       152      46       128      68       9        79       122      66       80       85       120      94       107      56       0        141      10       78       86       96       107      32       142      57       115      131      138      103      113      
27       2130     59       64       164      44       150      65       124      77       103      126      171      127      171      55       186      151      69       32       189      177      68       156      79       51       85       141      0        150      66       179      92       219      159      28       133      205      164      44       82       28       
28       2400     118      93       69       110      110      86       186      114      143      113      22       155      47       138      60       2        87       132      57       83       95       118      99       117      66       10       150      0        88       80       106      98       25       151      56       109      129      148      108      122      
29       330      35       8        100      38       127      25       149      74       113      111      107      134      105      54       133      88       37       44       135      114      16       135      64       31       22       78       66       88       0        135      48       171      101      63       88       165      146      61       74       39       
30       3720     171      144      148      135      55       118      155      111      119      76       88       117      124      190      31       82       111      174      40       163      149      60       102      167      115      86       179      80       135      0        172      42       55       192      47       30       67       195      104      154      
31       1710     33       41       83       83       172      73       196      122      160      158      119      182      101      46       162      105      85       60       161      92       33       181      112      40       59       96       92       106      48       172      0        201      127      73       127      202      192      60       122      74       
32       4800     206      179      161      175      95       157      196      153      161      117      97       157      133      225      38       100      150      212      41       173      183      97       144      203      149      107      219      98       171      42       201      0        75       230      86       35       102      231      146      193      
33       2730     134      108      93       115      91       93       176      110      134      99       35       142      69       154      36       27       91       145      34       107      112      99       97       132      79       32       159      25       101      55       127      75       0        164      42       84       110      162      104      131      
34       2160     41       58       153      59       170      73       153      99       130      147      171      154      164      30       194      151      81       19       197      163      58       177      98       37       85       142      28       151      63       192      73       230      164      0        145      220      185      16       104      39       
35       2310     124      97       121      88       54       71       134      72       92       57       75       100      103      143      54       59       64       127      60       137      103      63       60       120      69       57       133      56       88       47       127      86       42       145      0        76       74       147      65       107      
36       4620     201      174      177      161      65       147      165      133      133      91       114      126      151      219      52       111      138      203      60       190      179      66       126      196      145      115      205      109      165      30       202      35       84       220      76       0        69       224      126      181      
37       4050     179      154      196      126      20       122      97       86       72       38       145      59       176      194      97       132      110      172      107      211      162      11       87       172      133      131      164      129      146      67       192      102      110      185      74       69       0        193      81       147      
38       2130     31       54       143      67       177      76       167      109      142      156      166      166      156      14       195      148      86       21       196      152      52       184      106      30       83       138      44       148      61       195      60       231      162      16       147      224      193      0        113      47       
39       1980     103      81       156      45       67       49       81       7        40       43       130      60       148      115      119      110      37       91       125      171      89       73       10       95       71       103      82       108      74       104      122      146      104      104      65       126      81       113      0        65       
40       1290     44       38       139      20       131      37       125      62       96       109      143      120      144      51       159      122      43       26       162      152      44       138      59       35       57       113      28       122      39       154      74       193      131      39       107      181      147      47       65       0        
;

