

sets
i        orders          /0*20/
k        routes          /1*20/
p        positions       /0*20/
;

alias(i,j)
alias(i,h)
alias(i,hh)
alias(i,jj)
alias(k,kk)
                            Parameters

rho(i)	Processing time
/
0	0
1	28
2	4
3	65
4	14
5	50
6	57
7	2
8	65
9	6
10	56
11	38
12	52
13	40
14	67
15	30
16	33
17	63
18	27
19	11
20	48
/

gamma(i)	Duedate
/
0	0
1	95
2	47
3	66
4	13
5	59
6	46
7	67
8	39
9	59
10	99
11	91
12	11
13	71
14	73
15	97
16	16
17	80
18	81
19	57
20	4
/

sigma(i)	Size
/
0	0
1	7
2	4
3	3
4	1
5	9
6	7
7	6
8	8
9	1
10	2
11	8
12	6
13	9
14	4
15	8
16	3
17	8
18	2
19	4
20	4
/

epsilon(i)	Priority
/
0	0
1	2
2	8
3	7
4	2
5	3
6	9
7	3
8	3
9	9
10	4
11	3
12	6
13	9
14	1
15	3
16	5
17	7
18	4
19	8
20	6
/

psi	Vehicle Capacity
/ 49 /
;

Table kappa(i,j)                 Setup
         0        1        2        3        4        5        6        7        8        9        10       11       12       13       14       15       16       17       18       19       20       
0        0        604      188      88       528      573      550      268      280      460      349      489      740      454      408      396      489      158      312      448      455      
1        604      0        425      667      1112     687      791      464      636      271      405      165      171      152      539      1000     980      754      371      877      154      
2        188      425      0        266      715      592      615      244      359      277      287      302      573      273      405      579      647      330      226      581      272      
3        88       667      266      0        450      536      493      276      232      543      364      564      793      521      389      342      401      147      342      366      523      
4        528      1112     715      450      0        759      634      674      530      987      758      1014     1225     970      709      218      277      422      761      391      972      
5        573      687      592      536      759      0        148      347      305      774      328      713      695      628      187      795      502      683      393      374      636      
6        550      791      615      493      634      148      0        383      270      837      398      791      821      710      253      699      365      630      454      242      717      
7        268      464      244      276      674      347      383      0        171      455      88       422      554      349      161      612      515      415      93       414      354      
8        280      636      359      232      530      305      270      171      0        610      240      588      718      519      183      512      345      378      264      242      524      
9        460      271      277      543      987      774      837      455      610      0        446      108      442      175      593      835      921      582      384      845      166      
10       349      405      287      364      758      328      398      88       240      446      0        393      477      312      147      700      585      500      65       474      319      
11       489      165      302      564      1014     713      791      422      588      108      393      0        336      85       540      880      918      628      338      830      76       
12       740      171      573      793      1225     695      821      554      718      442      477      336      0        310      584      1133     1062     896      464      948      315      
13       454      152      273      521      970      628      710      349      519      175      312      85       310      0        458      850      856      603      260      761      9        
14       408      539      405      389      709      187      253      161      183      593      147      540      584      458      0        694      494      537      209      371      465      
15       396      1000     579      342      218      795      699      612      512      835      700      880      1133     850      694      0        405      252      684      475      850      
16       489      980      647      401      277      502      365      515      345      921      585      918      1062     856      494      405      0        467      609      129      860      
17       158      754      330      147      422      683      630      415      378      582      500      628      896      603      537      252      467      0        469      469      602      
18       312      371      226      342      761      393      454      93       264      384      65       338      464      260      209      684      609      469      0        506      267      
19       448      877      581      366      391      374      242      414      242      845      474      830      948      761      371      475      129      469      506      0        767      
20       455      154      272      523      972      636      717      354      524      166      319      76       315      9        465      850      860      602      267      767      0        
;



Table delta(i,j)                 Distance
         0        1        2        3        4        5        6        7        8        9        10       11       12       13       14       15       16       17       18       19       20       
0        0        3660     2610     3870     3890     2890     5310     3630     3680     2310     2690     2950     5620     3390     3310     3610     3750     3900     2350     5350     4560     
1        3660     0        342      143      366      122      192      210      274      478      220      80       251      372      323      68       141      88       406      181      151      
2        2610     342      0        449      132      220      534      473      150      172      123      267      413      78       510      290      250      302      82       441      487      
3        3870     143      449      0        497      241      159      81       410      555      337      188      376      493      212      211      283      231      498      279      76       
4        3890     366      132      497      0        256      546      539      94       283      168      309      348      62       601      301      236      298      199      408      517      
5        2890     122      220      241      256      0        314      285      172      361      99       52       273      254      364      79       91       103      285      253      269      
6        5310     192      534      159      546      314      0        230      452      668      412      271      312      560      360      247      310      247      598      198      83       
7        3630     210      473      81       539      285      230      0        458      556      372      234      454      527      132      273      344      298      510      360      149      
8        3680     274      150      410      94       172      452      458      0        322      105      224      269      123      531      208      142      204      232      318      425      
9        2310     478      172      555      283      361      668      556      322      0        279      398      584      221      553      439      412      457      90       603      608      
10       2690     220      123      337      168      99       412      372      105      279      0        150      313      156      433      167      134      180      195      324      368      
11       2950     80       267      188      309      52       271      234      224      398      150      0        283      306      321      70       120      102      328      240      219      
12       5620     251      413      376      348      273      312      454      269      584      313      283      0        392      573      213      187      181      495      114      340      
13       3390     372      78       493      62       254      560      527      123      221      156      306      392      0        576      312      256      315      137      440      522      
14       3310     323      510      212      601      364      360      132      531      553      433      321      573      576      0        376      440      405      528      487      281      
15       3610     68       290      211      301      79       247      273      208      439      167      70       213      312      376      0        73       32       361      175      217      
16       3750     141      250      283      236      91       310      344      142      412      134      120      187      256      440      73       0        62       328      191      288      
17       3900     88       302      231      298      103      247      298      204      457      180      102      181      315      405      32       62       0        376      149      228      
18       2350     406      82       498      199      285      598      510      232      90       195      328      495      137      528      361      328      376      0        519      544      
19       5350     181      441      279      408      253      198      360      318      603      324      240      114      440      487      175      191      149      519      0        232      
20       4560     151      487      76       517      269      83       149      425      608      368      219      340      522      281      217      288      228      544      232      0        
;

