

sets
i        orders          /0*40/
k        routes          /1*40/
p        positions       /0*40/
;

alias(i,j)
alias(i,h)
alias(i,hh)
alias(i,jj)
alias(k,kk)
                            Parameters

rho(i)	Processing time
/
0	0
1	52
2	25
3	49
4	51
5	93
6	88
7	87
8	22
9	63
10	71
11	13
12	94
13	13
14	12
15	90
16	87
17	87
18	52
19	16
20	50
21	94
22	9
23	95
24	90
25	70
26	65
27	17
28	64
29	54
30	29
31	86
32	55
33	53
34	18
35	96
36	57
37	54
38	59
39	67
40	98
/

gamma(i)	Duedate
/
0	0
1	71
2	53
3	96
4	70
5	95
6	3
7	68
8	5
9	53
10	54
11	45
12	74
13	50
14	91
15	18
16	32
17	50
18	68
19	77
20	35
21	84
22	75
23	76
24	44
25	11
26	54
27	60
28	99
29	77
30	4
31	79
32	95
33	5
34	65
35	33
36	28
37	50
38	7
39	48
40	27
/

sigma(i)	Size
/
0	0
1	8
2	7
3	8
4	3
5	7
6	7
7	7
8	7
9	9
10	4
11	2
12	6
13	2
14	3
15	2
16	9
17	7
18	5
19	7
20	5
21	1
22	9
23	2
24	2
25	6
26	2
27	5
28	2
29	9
30	3
31	8
32	8
33	6
34	3
35	4
36	5
37	1
38	1
39	5
40	7
/

epsilon(i)	Priority
/
0	0
1	6
2	9
3	7
4	6
5	3
6	9
7	1
8	8
9	2
10	9
11	5
12	5
13	6
14	9
15	8
16	8
17	2
18	4
19	3
20	8
21	9
22	9
23	6
24	8
25	1
26	7
27	6
28	8
29	8
30	6
31	6
32	3
33	5
34	4
35	2
36	8
37	7
38	2
39	6
40	2
/

psi	Vehicle Capacity
/ 163 /
;

Table kappa(i,j)                 Setup
         0        1        2        3        4        5        6        7        8        9        10       11       12       13       14       15       16       17       18       19       20       21       22       23       24       25       26       27       28       29       30       31       32       33       34       35       36       37       38       39       40       
0        0        2472     1499     931      3076     1597     2747     3567     3588     3261     2139     71       2340     945      629      2640     2762     2386     2702     876      559      3721     1300     619      2831     630      3330     1921     930      3033     1015     3029     886      3422     1809     1101     858      3232     1670     4068     3940     
1        2472     0        1852     1774     3020     2071     349      1721     1190     1302     459      2507     3866     2774     2280     1070     3031     207      529      1608     2367     2941     2316     2400     659      2482     940      1414     1608     563      2078     1217     2961     1619     916      3279     2624     761      802      3117     2482     
2        1499     1852     0        1652     1693     2452     2202     2256     3025     2048     1394     1569     2014     1151     1843     2608     1486     1668     1773     1008     1016     2227     510      1919     2462     1049     2785     582      1401     2354     509      1796     1411     2112     1810     1711     1037     2524     1322     2569     2484     
3        931      1774     1652     0        3344     820      1984     3198     2779     2828     1570     927      3116     1715     512      1730     3125     1751     2137     643      1214     3769     1742     631      1996     1342     2526     1801     265      2303     1371     2633     1751     3061     954      2009     1582     2500     1025     4071     3744     
4        3076     3020     1693     3344     0        4137     3336     2268     3979     2374     2621     3147     2056     2348     3514     4011     424      2813     2658     2701     2522     993      1778     3578     3678     2487     3797     1712     3090     3332     2079     2192     2601     2184     3348     2779     2331     3431     2826     1353     1865     
5        1597     2071     2452     820      4137     0        2156     3705     2795     3303     2039     1565     3897     2485     980      1551     3934     2128     2544     1450     1998     4490     2563     1036     2025     2118     2572     2522     1053     2493     2191     3148     2477     3580     1158     2695     2363     2671     1529     4769     4348     
6        2747     349      2202     1984     3336     2156     0        1844     859      1430     808      2777     4214     3103     2497     901      3365     547      728      1901     2682     3195     2662     2616     362      2800     602      1759     1850     337      2415     1403     3281     1763     1055     3598     2952     523      1088     3344     2651     
7        3567     1721     2256     3198     2268     3705     1844     0        2081     419      1667     3626     3948     3407     3633     2742     2519     1602     1194     2747     3211     1660     2740     3745     2188     3274     2002     1695     2958     1628     2734     565      3666     146      2562     3967     3292     1609     2201     1668     843      
8        3588     1190     3025     2779     3979     2795     859      2081     0        1742     1637     3614     5040     3961     3289     1274     4069     1358     1339     2755     3541     3659     3501     3406     789      3659     258      2537     2674     678      3268     1838     4140     2058     1825     4457     3810     548      1943     3731     2923     
9        3261     1302     2048     2828     2374     3303     1430     419      1742     0        1274     3317     3874     3193     3280     2325     2563     1188     776      2416     2948     1921     2552     3395     1779     3023     1635     1468     2597     1233     2495     252      3442     335      2154     3752     3067     1237     1816     1991     1227     
10       2139     459      1394     1570     2621     2039     808      1667     1637     1274     0        2183     3408     2348     2046     1394     2603     280      574      1263     1968     2647     1863     2164     1096     2075     1393     967      1357     980      1641     1108     2548     1541     916      2869     2200     1165     546      2864     2330     
11       71       2507     1569     927      3147     1565     2777     3626     3614     3317     2183     0        2391     1002     589      2648     2833     2426     2748     921      629      3792     1371     568      2853     696      3356     1986     947      3067     1086     3085     930      3480     1825     1129     921      3266     1705     4138     4005     
12       2340     3866     2014     3116     2056     3897     4214     3948     5040     3874     3408     2391     0        1412     2965     4529     1640     3683     3763     2624     1903     3046     1564     2959     4460     1779     4800     2530     2964     4367     1877     3630     1469     3823     3674     1385     1536     4533     3257     3409     3810     
13       945      2774     1151     1715     2348     2485     3103     3407     3961     3193     2348     1002     1412     0        1558     3246     1978     2627     2830     1296     503      3145     687      1562     3284     373      3706     1725     1588     3325     717      2941     272      3263     2377     560      152      3513     2045     3514     3580     
14       629      2280     1843     512      3514     980      2497     3633     3289     3280     2046     589      2965     1558     0        2207     3242     2245     2619     917      1109     4048     1788     120      2505     1212     3038     2122     689      2814     1443     3072     1515     3492     1464     1717     1455     3011     1511     4372     4123     
15       2640     1070     2608     1730     4011     1551     901      2742     1274     2325     1394     2648     4529     3246     2207     0        3965     1255     1584     1950     2761     4006     2975     2314     597      2892     1082     2320     1719     1180     2653     2275     3361     2655     868      3655     3095     1302     1288     4188     3536     
16       2762     3031     1486     3125     424      3934     3365     2519     4069     2563     2603     2833     1640     1978     3242     3965     0        2824     2730     2485     2203     1406     1465     3297     3690     2153     3868     1646     2881     3402     1799     2354     2221     2418     3242     2381     1977     3522     2727     1771     2218     
17       2386     207      1668     1751     2813     2128     547      1602     1358     1188     280      2426     3683     2627     2245     1255     2824     0        416      1511     2240     2751     2143     2365     867      2349     1116     1212     1561     699      1922     1072     2824     1490     971      3145     2479     885      736      2938     2332     
18       2702     529      1773     2137     2658     2544     728      1194     1339     776      574      2748     3763     2830     2619     1584     2730     416      0        1827     2490     2466     2276     2738     1091     2589     1141     1233     1930     674      2113     691      3049     1090     1388     3369     2688     796      1112     2617     1955     
19       876      1608     1008     643      2701     1450     1901     2747     2755     2416     1263     921      2624     1296     917      1950     2485     1511     1827     0        815      3152     1146     1019     2029     944      2496     1206     397      2171     778      2194     1420     2603     1081     1726     1145     2369     813      3467     3206     
20       559      2367     1016     1214     2522     1998     2682     3211     3541     2948     1968     629      1903     503      1109     2761     2203     2240     2490     815      0        3204     744      1135     2835     132      3283     1519     1086     2928     507      2703     606      3065     1894     917      367      3121     1602     3558     3498     
21       3721     2941     2227     3769     993      4490     3195     1660     3659     1921     2647     3792     3046     3145     4048     4006     1406     2751     2466     3152     3204     0        2494     4133     3557     3201     3529     1971     3504     3090     2709     1831     3414     1633     3516     3635     3094     3135     3016     375      1000     
22       1300     2316     510      1742     1778     2563     2662     2740     3501     2552     1863     1371     1564     687      1788     2975     1465     2143     2276     1146     744      2494     0        1836     2897     714      3255     1091     1531     2838     372      2299     958      2598     2133     1236     607      3013     1696     2857     2893     
23       619      2400     1919     631      3578     1036     2616     3745     3406     3395     2164     568      2959     1562     120      2314     3297     2365     2738     1019     1135     4133     1836     0        2621     1229     3155     2219     807      2933     1501     3185     1498     3604     1581     1681     1468     3131     1630     4461     4226     
24       2831     659      2462     1996     3678     2025     362      2188     789      1779     1096     2853     4460     3284     2505     597      3690     867      1091     2029     2835     3557     2897     2621     0        2960     549      2063     1907     587      2621     1764     3441     2114     1042     3752     3131     706      1238     3706     3004     
25       630      2482     1049     1342     2487     2118     2800     3274     3659     3023     2075     696      1779     373      1212     2892     2153     2349     2589     944      132      3201     714      1229     2960     0        3402     1579     1217     3041     544      2776     481      3128     2024     798      245      3233     1724     3560     3532     
26       3330     940      2785     2526     3797     2572     602      2002     258      1635     1393     3356     4800     3706     3038     1082     3868     1116     1141     2496     3283     3529     3255     3155     549      3402     0        2310     2418     466      3016     1698     3884     1962     1574     4200     3555     397      1685     3624     2845     
27       1921     1414     582      1801     1712     2522     1759     1695     2537     1468     967      1986     2530     1725     2122     2320     1646     1212     1233     1206     1519     1971     1091     2219     2063     1579     2310     0        1536     1859     1039     1216     1978     1550     1638     2285     1603     2013     1116     2270     2022     
28       930      1608     1401     265      3090     1053     1850     2958     2674     2597     1357     947      2964     1588     689      1719     2881     1561     1930     397      1086     3504     1531     807      1907     1217     2418     1536     0        2155     1160     2394     1663     2819     879      1945     1445     2354     824      3806     3487     
29       3033     563      2354     2303     3332     2493     337      1628     678      1233     980      3067     4367     3325     2814     1180     3402     699      674      2171     2928     3090     2838     2933     587      3041     466      1859     2155     0        2621     1261     3518     1567     1386     3838     3176     199      1362     3204     2459     
30       1015     2078     509      1371     2079     2191     2415     2734     3268     2495     1641     1086     1877     717      1443     2653     1799     1922     2113     778      507      2709     372      1501     2621     544      3016     1039     1160     2621     0        2245     950      2589     1797     1265     578      2806     1393     3059     2993     
31       3029     1217     1796     2633     2192     3148     1403     565      1838     252      1108     3085     3630     2941     3072     2275     2354     1072     691      2194     2703     1831     2299     3185     1764     2776     1698     1216     2394     1261     2245     0        3191     432      2014     3500     2817     1305     1637     1946     1265     
32       886      2961     1411     1751     2601     2477     3281     3666     4140     3442     2548     930      1469     272      1515     3361     2221     2824     3049     1420     606      3414     958      1498     3441     481      3884     1978     1663     3518     950      3191     0        3522     2495     320      375      3709     2206     3783     3851     
33       3422     1619     2112     3061     2184     3580     1763     146      2058     335      1541     3480     3823     3263     3492     2655     2418     1490     1090     2603     3065     1633     2598     3604     2114     3128     1962     1550     2819     1567     2589     432      3522     0        2443     3823     3147     1565     2069     1673     892      
34       1809     916      1810     954      3348     1158     1055     2562     1825     2154     916      1825     3674     2377     1464     868      3242     971      1388     1081     1894     3516     2133     1581     1042     2024     1574     1638     879      1386     1797     2014     2495     2443     0        2793     2226     1578     521      3756     3247     
35       1101     3279     1711     2009     2779     2695     3598     3967     4457     3752     2869     1129     1385     560      1717     3655     2381     3145     3369     1726     917      3635     1236     1681     3752     798      4200     2285     1945     3838     1265     3500     320      3823     2793     0        687      4029     2520     4009     4121     
36       858      2624     1037     1582     2331     2363     2952     3292     3810     3067     2200     921      1536     152      1455     3095     1977     2479     2688     1145     367      3094     607      1468     3131     245      3555     1603     1445     3176     578      2817     375      3147     2226     687      0        3364     1892     3460     3492     
37       3232     761      2524     2500     3431     2671     523      1609     548      1237     1165     3266     4533     3513     3011     1302     3522     885      796      2369     3121     3135     3013     3131     706      3233     397      2013     2354     199      2806     1305     3709     1565     1578     4029     3364     0        1561     3227     2450     
38       1670     802      1322     1025     2826     1529     1088     2201     1943     1816     546      1705     3257     2045     1511     1288     2727     736      1112     813      1602     3016     1696     1630     1238     1724     1685     1116     824      1362     1393     1637     2206     2069     521      2520     1892     1561     0        3271     2818     
39       4068     3117     2569     4071     1353     4769     3344     1668     3731     1991     2864     4138     3409     3514     4372     4188     1771     2938     2617     3467     3558     375      2857     4461     3706     3560     3624     2270     3806     3204     3059     1946     3783     1673     3756     4009     3460     3227     3271     0        883      
40       3940     2482     2484     3744     1865     4348     2651     843      2923     1227     2330     4005     3810     3580     4123     3536     2218     2332     1955     3206     3498     1000     2893     4226     3004     3532     2845     2022     3487     2459     2993     1265     3851     892      3247     4121     3492     2450     2818     883      0        
;



Table delta(i,j)                 Distance
         0        1        2        3        4        5        6        7        8        9        10       11       12       13       14       15       16       17       18       19       20       21       22       23       24       25       26       27       28       29       30       31       32       33       34       35       36       37       38       39       40       
0        0        420      1050     1040     1340     1820     1000     1560     1580     1340     1560     1360     1410     940      1330     340      1650     1140     390      1500     120      1250     1650     130      1400     1360     310      480      970      1410     310      800      770      1550     1070     1690     1070     1060     690      920      1760     
1        420      0        93       128      97       166      97       131      170      115      162      168      169      122      146      74       140      82       27       115      55       146      153      55       101      93       31       25       129      115      49       117      77       151      100      172      66       65       32       100      174      
2        1050     93       0        93       80       77       20       60       94       33       80       140      130      98       78       135      68       55       119      84       107      96       60       105      95       118      75       68       111      50       76       120      32       58       11       84       90       91       72       43       82       
3        1040     128      93       0        169      148      73       150      67       123      75       47       41       13       45       112      157      143      140      177      95       23       127      93       183      197      97       110      23       144      80       47       69       99       84       94       166      166      130      50       110      
4        1340     97       80       169      0        107      99       60       173      67       156      217      209      171      158      168      66       25       122      18       143      175      106      142      16       47       105      86       182      48       119      184      100      124      91       155      38       40       65       120      145      
5        1820     166      77       148      107      0        86       47       108      51       89       189      173      157      110      213      43       97       193      97       185      138      21       183      122      154      152      142      170      60       153      186      107      51       77       75       139      140      139      106      57       
6        1000     97       20       73       99       86       0        78       78       50       67       120      110      79       59       128      85       74       120      105      100      75       67       98       114      135      73       72       91       70       70       103      22       54       11       74       106      106      82       23       77       
7        1560     131      60       150      60       47       78       0        131      27       113      196      184      157      124      189      8        54       158      50       161      148      49       159      75       107      124      110      170      16       131      180      92       75       67       106      94       95       101      101      92       
8        1580     170      94       67       173      108      78       131      0        109      19       90       72       81       25       175      135      149      189      173      153      46       89       150      189      212      141      146      90       132      129      115      93       58       83       35       184      185      159      70       55       
9        1340     115      33       123      67       51       50       27       109      0        91       169      157      129      99       166      35       50       142      64       138      122      41       136      83       112      103      92       142      23       107      153      65       57       39       88       91       92       87       74       78       
10       1560     162      80       75       156      89       67       113      19       91       0        105      88       88       30       176      116      134      183      156      152      57       70       149      173      198      135      137      99       115      125      122      84       39       69       18       171      171      149      64       38       
11       1360     168      140      47       217      189      120      196      90       169      105      0        19       47       79       134      203      191      175      224      125      50       168      123      230      243      137      153      39       191      119      58       117      138      131      124      212      212      175      97       143      
12       1410     169      130      41       209      173      110      184      72       157      88       19       0        47       62       143      190      183      179      215      130      35       152      129      223      239      138      151      44       179      120      68       110      122      120      106      207      207      172      88       126      
13       940      122      98       13       171      157      79       157      81       129      88       47       47       0        58       100      164      145      132      180      85       36       136      83       184      196      91       105      13       149      73       34       71       110      90       107      164      164      128      55       123      
14       1330     146      78       45       158      110      59       124      25       99       30       79       62       58       0        149      129      133      164      161      127      29       90       125      173      195      116      122      69       122      103      92       70       59       66       48       165      166      137      46       66       
15       340      74       135      112      168      213      128      189      175      166      176      134      143      100      149      0        198      148      60       184      28       135      195      30       174      167      65       82       99       174      59       76       105      181      136      191      140      139      103      115      201      
16       1650     140      68       157      66       43       85       8        135      35       116      203      190      164      129      198      0        62       167      54       170      154      49       168      79       113      133      119      177      24       140      188      100      77       74       107      101      102      109      109      92       
17       1140     82       55       143      25       97       74       54       149      50       134      191      183      145      133      148      62       0        108      37       122      149      91       121      40       64       84       66       157      38       96       159      74       105      67       134      41       42       50       94       127      
18       390      27       119      140      122      193      120      158      189      142      183      175      179      132      164      60       167      108      0        140      51       160      179      52       124      111      48       50       136      142      61       120      99       175      124      194      87       86       58       119      198      
19       1500     115      84       177      18       97       105      50       173      64       156      224      215      180      161      184      54       37       140      0        159      180      99       158      26       60       121      102      192      42       133      196      109      121      95       152      57       59       83       127      140      
20       120      55       107      95       143      185      100      161      153      138      152      125      130      85       127      28       170      122      51       159      0        117      167      2        150      147      38       57       87       147      31       68       78       154      108      166      118      117      79       89       174      
21       1250     146      96       23       175      138      75       148      46       122      57       50       35       36       29       135      154      149      160      180      117      0        118      115      190      207      114      125      43       144      99       69       78       88       85       76       176      177      144      55       95       
22       1650     153      60       127      106      21       67       49       89       41       70       168      152      136      90       195      49       91       179      99       167      118      0        165      121      153      136      128      149      58       136      166      89       31       58       59       133      134      127      86       43       
23       130      55       105      93       142      183      98       159      150      136      149      123      129      83       125      30       168      121      52       158      2        115      165      0        149      147      37       56       85       145      29       67       76       152      106      164      118      117      78       87       172      
24       1400     101      95       183      16       122      114      75       189      83       173      230      223      184      173      174      79       40       124      26       150      190      121      149      0        33       113      93       195      63       128      195      113      141      107      171      36       37       71       135      161      
25       1360     93       118      197      47       154      135      107      212      112      198      243      239      196      195      167      113      64       111      60       147      207      153      147      33       0        114      95       206      95       132      202      129      169      129      198      31       32       71       152      191      
26       310      31       75       97       105      152      73       124      141      103      135      137      138      91       116      65       133      84       48       121      38       114      136      37       113      114      0        19       98       110      18       89       51       128      79       146      83       83       43       71       151      
27       480      25       68       110      86       142      72       110      146      92       137      153      151      105      122      82       119      66       50       102      57       125      128      56       93       95       19       0        114      95       36       107      53       125      74       146      63       63       24       76       148      
28       970      129      111      23       182      170      91       170      90       142      99       39       44       13       69       99       177      157      136      192      87       43       149      85       195      206      98       114      0        162      80       26       83       123      102      118      174      174      137      68       134      
29       1410     115      50       144      48       60       70       16       132      23       115      191      179      149      122      174      24       38       142      42       147      144      58       145      63       95       110      95       162      0        117      170      81       79       60       110      78       80       84       94       98       
30       310      49       76       80       119      153      70       131      129      107      125      119      120      73       103      59       140      96       61       133      31       99       136      29       128      132      18       36       80       117      0        70       47       124      77       138      100      100      61       61       145      
31       800      117      120      47       184      186      103      180      115      153      122      58       68       34       92       76       188      159      120      196      68       69       166      67       195      202      89       107      26       170      70       0        88       142      114      140      170      170      131      80       156      
32       770      77       32       69       100      107      22       92       93       65       84       117      110      71       70       105      100      74       99       109      78       78       89       76       113      129      51       53       83       81       47       88       0        77       30       94       98       98       67       24       99       
33       1550     151      58       99       124      51       54       75       58       57       39       138      122      110      59       181      77       105      175      121      154      88       31       152      141      169      128      125      123      79       124      142      77       0        50       30       145      146      130      66       23       
34       1070     100      11       84       91       77       11       67       83       39       69       131      120      90       66       136      74       67       124      95       108      85       58       106      107      129      79       74       102      60       77       114      30       50       0        74       101      102      81       34       74       
35       1690     172      84       94       155      75       74       106      35       88       18       124      106      107      48       191      107      134      194      152      166      76       59       164      171      198      146      146      118      110      138      140      94       30       74       0        173      174      155      77       20       
36       1070     66       90       166      38       139      106      94       184      91       171      212      207      164      165      140      101      41       87       57       118      176      133      118      36       31       83       63       174      78       100      170      98       145      101      173      0        1        39       121      168      
37       1060     65       91       166      40       140      106      95       185      92       171      212      207      164      166      139      102      42       86       59       117      177      134      117      37       32       83       63       174      80       100      170      98       146      102      174      1        0        39       122      169      
38       690      32       72       130      65       139      82       101      159      87       149      175      172      128      137      103      109      50       58       83       79       144      127      78       71       71       43       24       137      84       61       131      67       130      81       155      39       39       0        91       154      
39       920      100      43       50       120      106      23       101      70       74       64       97       88       55       46       115      109      94       119      127      89       55       86       87       135      152      71       76       68       94       61       80       24       66       34       77       121      122      91       0        85       
40       1760     174      82       110      145      57       77       92       55       78       38       143      126      123      66       201      92       127      198      140      174      95       43       172      161      191      151      148      134      98       145      156      99       23       74       20       168      169      154      85       0        
;

