

sets
i        orders          /0*40/
k        routes          /1*40/
p        positions       /0*40/
;

alias(i,j)
alias(i,h)
alias(i,hh)
alias(i,jj)
alias(k,kk)
                            Parameters

rho(i)	Processing time
/
0	0
1	33
2	27
3	42
4	38
5	49
6	67
7	63
8	8
9	13
10	48
11	79
12	52
13	96
14	1
15	6
16	81
17	29
18	41
19	29
20	14
21	14
22	6
23	53
24	9
25	24
26	86
27	15
28	20
29	3
30	25
31	26
32	19
33	68
34	10
35	2
36	91
37	71
38	10
39	2
40	90
/

gamma(i)	Duedate
/
0	0
1	57
2	57
3	21
4	60
5	28
6	25
7	65
8	5
9	52
10	56
11	53
12	92
13	85
14	10
15	1
16	65
17	9
18	44
19	71
20	27
21	22
22	37
23	53
24	72
25	54
26	5
27	56
28	93
29	62
30	6
31	57
32	80
33	83
34	73
35	60
36	98
37	96
38	57
39	49
40	86
/

sigma(i)	Size
/
0	0
1	7
2	8
3	9
4	3
5	6
6	3
7	5
8	1
9	5
10	9
11	1
12	6
13	1
14	8
15	1
16	4
17	7
18	8
19	6
20	3
21	5
22	8
23	4
24	5
25	5
26	3
27	2
28	9
29	7
30	3
31	4
32	3
33	5
34	6
35	6
36	8
37	6
38	6
39	4
40	5
/

epsilon(i)	Priority
/
0	0
1	8
2	5
3	7
4	6
5	1
6	3
7	7
8	6
9	1
10	1
11	8
12	3
13	7
14	6
15	1
16	1
17	1
18	8
19	9
20	5
21	2
22	5
23	9
24	9
25	6
26	5
27	4
28	9
29	7
30	6
31	8
32	2
33	2
34	9
35	7
36	7
37	2
38	6
39	7
40	2
/

psi	Vehicle Capacity
/ 129 /
;

Table kappa(i,j)                 Setup
         0        1        2        3        4        5        6        7        8        9        10       11       12       13       14       15       16       17       18       19       20       21       22       23       24       25       26       27       28       29       30       31       32       33       34       35       36       37       38       39       40       
0        0        3459     2270     822      2952     1975     2971     1259     2043     2256     2611     1127     2364     751      2746     1396     2652     2493     509      1449     800      1143     1809     3831     2359     2454     2453     1186     2121     1724     1234     3167     1356     2600     724      1757     1701     579      794      2287     2871     
1        3459     0        2751     4079     603      2399     2589     2243     1972     2094     1728     3075     1111     3724     2628     2473     2905     1007     3585     2767     2805     4600     1650     519      1916     3055     2678     4345     2483     2706     2522     1096     4814     3174     3940     1702     1847     2906     3926     2082     1598     
2        2270     2751     0        2305     2162     480      4020     2070     2849     3152     3199     1166     1914     1906     3883     2638     394      2322     2733     2952     1552     3041     1897     3268     3112     334      3698     3453     3315     551      1176     3238     3313     4085     2995     1874     1431     2128     2110     3171     1268     
3        822      4079     2305     0        3525     2170     3793     1998     2845     3070     3408     1194     2968     409      3568     2211     2633     3169     1190     2270     1273     742      2469     4495     3165     2382     3273     1480     2943     1835     1611     3918     1014     3399     1170     2415     2240     1358     196      3101     3214     
4        2952     603      2162     3525     0        1797     2624     1796     1762     1960     1699     2485     595      3158     2608     2130     2339     709      3132     2459     2255     4081     1179     1110     1807     2473     2587     3915     2320     2102     1943     1302     4307     3083     3487     1226     1285     2424     3365     1957     1084     
5        1975     2399     480      2170     1797     0        3539     1607     2369     2671     2722     976      1475     1760     3403     2177     842      1872     2399     2501     1199     2876     1417     2906     2631     810      3221     3157     2840     360      778      2793     3143     3615     2690     1394     951      1742     1977     2690     1090     
6        2971     2589     4020     3793     2624     3539     0        2064     1173     870      930      3484     2343     3650     240      1619     4362     1972     2699     1526     2911     3900     2129     2516     917      4346     546      3110     851      3614     3015     1515     3986     794      2939     2147     2589     2490     3751     849      3517     
7        1259     2243     2070     1998     1796     1607     2064     0        930      1213     1454     1424     1203     1734     1887     570      2449     1250     1343     905      870      2398     616      2583     1250     2374     1661     2119     1275     1595     963      1921     2593     2018     1699     573      783      682      1891     1240     2057     
8        2043     1972     2849     2845     1762     2369     1173     930      0        303      568      2350     1316     2628     1036     672      3198     1054     1932     849      1800     3118     975      2139     324      3174     895      2571     566      2441     1854     1235     3267     1363     2252     986      1422     1487     2764     324      2463     
9        2256     2094     3152     3070     1960     2671     870      1213     303      0        454      2637     1566     2877     738      860      3499     1256     2088     927      2077     3291     1271     2191     186      3477     633      2664     394      2744     2151     1216     3422     1124     2387     1285     1723     1721     3001     31       2729     
10       2611     1728     3199     3408     1699     2722     930      1454     568      454      0        2844     1426     3178     914      1237     3517     1043     2494     1365     2320     3685     1309     1767     280      3532     953      3104     831      2851     2314     771      3830     1446     2807     1340     1778     2050     3322     429      2596     
11       1127     3075     1166     1194     2485     976      3484     1424     2350     2637     2844     0        1992     784      3298     1900     1535     2291     1618     2135     587      1905     1630     3540     2665     1327     3051     2298     2669     650      572      3160     2174     3341     1848     1582     1254     1147     1001     2664     2031     
12       2364     1111     1914     2968     595      1475     2343     1203     1316     1566     1426     1992     0        2615     2277     1574     2176     417      2537     1916     1694     3499     586      1549     1448     2246     2198     3321     1882     1718     1427     1324     3720     2678     2892     631      744      1830     2816     1571     1174     
13       751      3724     1906     409      3158     1760     3650     1734     2628     2877     3178     784      2615     0        3435     2036     2244     2844     1232     2155     931      1135     2146     4155     2952     2001     3152     1715     2799     1426     1224     3634     1407     3335     1326     2093     1877     1161     218      2907     2807     
14       2746     2628     3883     3568     2608     3403     240      1887     1036     738      914      3298     2277     3435     0        1414     4234     1930     2464     1298     2719     3662     2009     2602     829      4206     306      2870     637      3459     2847     1588     3746     612      2700     2022     2458     2278     3530     724      3449     
15       1396     2473     2638     2211     2130     2177     1619     570      672      860      1237     1900     1574     2036     1414     0        3018     1473     1260     353      1315     2447     1034     2721     973      2938     1152     1924     776      2151     1506     1886     2594     1462     1584     1010     1329     874      2149     891      2570     
16       2652     2905     394      2633     2339     842      4362     2449     3198     3499     3517     1535     2176     2244     4234     3018     0        2592     3121     3338     1945     3374     2232     3424     3448     280      4060     3831     3680     942      1569     3495     3647     4457     3376     2214     1776     2522     2439     3517     1334     
17       2493     1007     2322     3169     709      1872     1972     1250     1054     1256     1043     2291     417      2844     1930     1473     2592     0        2585     1783     1913     3637     700      1338     1112     2655     1887     3339     1611     2090     1718     920      3840     2381     2938     753      1045     1926     3033     1255     1559     
18       509      3585     2733     1190     3132     2399     2699     1343     1932     2088     2494     1618     2537     1232     2464     1260     3121     2585     0        1188     1200     1208     1953     3905     2223     2938     2160     800      1874     2183     1628     3136     1336     2228     355      1906     1963     732      1225     2119     3207     
19       1449     2767     2952     2270     2459     2501     1526     905      849      927      1365     2135     1916     2155     1298     353      3338     1783     1188     0        1549     2396     1386     2977     1085     3243     1003     1739     687      2448     1797     2082     2510     1209     1466     1363     1678     1023     2238     957      2924     
20       800      2805     1552     1273     2255     1199     2911     870      1800     2077     2320     587      1694     931      2719     1315     1945     1913     1200     1549     0        1851     1215     3227     2121     1789     2467     1966     2087     1003     435      2717     2095     2754     1498     1162     970      589      1124     2105     2073     
21       1143     4600     3041     742      4081     2876     3900     2398     3118     3291     3685     1905     3499     1135     3662     2447     3374     3637     1208     2396     1851     0        2952     4975     3419     3124     3356     1037     3082     2554     2246     4288     272      3373     974      2899     2810     1716     935      3323     3886     
22       1809     1650     1897     2469     1179     1417     2129     616      975      1271     1309     1630     586      2146     2009     1034     2232     700      1953     1386     1215     2952     0        2031     1215     2228     1861     2735     1500     1545     1064     1529     3163     2303     2309     53       469      1257     2333     1287     1551     
23       3831     519      3268     4495     1110     2906     2516     2583     2139     2191     1767     3540     1549     4155     2602     2721     3424     1338     3905     2977     3227     4975     2031     0        2005     3573     2709     4635     2584     3204     2977     1015     5176     3189     4255     2084     2293     3262     4351     2173     2113     
24       2359     1916     3112     3165     1807     2631     917      1250     324      186      280      2665     1448     2952     829      973      3448     1112     2223     1085     2121     3419     1215     2005     0        3441     781      2824     579      2727     2157     1032     3559     1279     2532     1237     1680     1808     3087     168      2619     
25       2454     3055     334      2382     2473     810      4346     2374     3174     3477     3532     1327     2246     2001     4206     2938     280      2655     2938     3243     1789     3124     2228     3573     3441     0        4015     3624     3631     798      1449     3571     3397     4392     3175     2204     1761     2376     2190     3497     1524     
26       2453     2678     3698     3273     2587     3221     546      1661     895      633      953      3051     2198     3152     306      1152     4060     1887     2160     1003     2467     3356     1861     2709     781      4015     0        2567     386      3251     2625     1697     3440     498      2393     1867     2290     2001     3240     632      3355     
27       1186     4345     3453     1480     3915     3157     3110     2119     2571     2664     3104     2298     3321     1715     2870     1924     3831     3339     800      1739     1966     1037     2735     4635     2824     3624     2567     0        2371     2910     2401     3804     984      2481     468      2689     2763     1532     1608     2694     4003     
28       2121     2483     3315     2943     2320     2840     851      1275     566      394      831      2669     1882     2799     637      776      3680     1611     1874     687      2087     3082     1500     2584     579      3631     386      2371     0        2865     2238     1601     3188     804      2141     1501     1915     1640     2899     411      3020     
29       1724     2706     551      1835     2102     360      3614     1595     2441     2744     2851     650      1718     1426     3459     2151     942      2090     2183     2448     1003     2554     1545     3204     2727     798      3251     2910     2865     0        651      3006     2824     3611     2449     1511     1082     1584     1640     2766     1451     
30       1234     2522     1176     1611     1943     778      3015     963      1854     2151     2314     572      1427     1224     2847     1506     1569     1718     1628     1797     435      2246     1064     2977     2157     1449     2625     2401     2238     651      0        2591     2499     2968     1933     1018     685      964      1438     2176     1649     
31       3167     1096     3238     3918     1302     2793     1515     1921     1235     1216     771      3160     1324     3634     1588     1886     3495     920      3136     2082     2717     4288     1529     1015     1032     3571     1697     3804     1601     3006     2591     0        4459     2173     3469     1577     1942     2588     3804     1194     2358     
32       1356     4814     3313     1014     4307     3143     3986     2593     3267     3422     3830     2174     3720     1407     3746     2594     3647     3840     1336     2510     2095     272      3163     5176     3559     3397     3440     984      3188     2824     2499     4459     0        3418     1048     3112     3045     1914     1208     3454     4144     
33       2600     3174     4085     3399     3083     3615     794      2018     1363     1124     1446     3341     2678     3335     612      1462     4457     2381     2228     1209     2754     3373     2303     3189     1279     4392     498      2481     804      3611     2968     2173     3418     0        2398     2302     2708     2230     3395     1126     3824     
34       724      3940     2995     1170     3487     2690     2939     1699     2252     2387     2807     1848     2892     1326     2700     1584     3376     2938     355      1466     1498     974      2309     4255     2532     3175     2393     468      2141     2449     1933     3469     1048     2398     0        2261     2308     1078     1259     2418     3538     
35       1757     1702     1874     2415     1226     1394     2147     573      986      1285     1340     1582     631      2093     2022     1010     2214     753      1906     1363     1162     2899     53       2084     1237     2204     1867     2689     1501     1511     1018     1577     3112     2302     2261     0        443      1206     2280     1302     1566     
36       1701     1847     1431     2240     1285     951      2589     783      1422     1723     1778     1254     744      1877     2458     1329     1776     1045     1963     1678     970      2810     469      2293     1680     1761     2290     2763     1915     1082     685      1942     3045     2708     2308     443      0        1231     2081     1742     1283     
37       579      2906     2128     1358     2424     1742     2490     682      1487     1721     2050     1147     1830     1161     2278     874      2522     1926     732      1023     589      1716     1257     3262     1808     2376     2001     1532     1640     1584     964      2588     1914     2230     1078     1206     1231     0        1280     1751     2481     
38       794      3926     2110     196      3365     1977     3751     1891     2764     3001     3322     1001     2816     218      3530     2149     2439     3033     1225     2238     1124     935      2333     4351     3087     2190     3240     1608     2899     1640     1438     3804     1208     3395     1259     2280     2081     1280     0        3032     3026     
39       2287     2082     3171     3101     1957     2690     849      1240     324      31       429      2664     1571     2907     724      891      3517     1255     2119     957      2105     3323     1287     2173     168      3497     632      2694     411      2766     2176     1194     3454     1126     2418     1302     1742     1751     3032     0        2737     
40       2871     1598     1268     3214     1084     1090     3517     2057     2463     2729     2596     2031     1174     2807     3449     2570     1334     1559     3207     2924     2073     3886     1551     2113     2619     1524     3355     4003     3020     1451     1649     2358     4144     3824     3538     1566     1283     2481     3026     2737     0        
;



Table delta(i,j)                 Distance
         0        1        2        3        4        5        6        7        8        9        10       11       12       13       14       15       16       17       18       19       20       21       22       23       24       25       26       27       28       29       30       31       32       33       34       35       36       37       38       39       40       
0        0        1050     740      570      1300     1790     1870     150      230      710      1940     910      780      890      780      780      1300     770      770      1030     1860     280      1190     1760     1410     1660     1670     1210     1650     500      700      980      490      1260     1190     1190     510      1060     1150     690      1610     
1        1050     0        150      85       29       73       90       103      120      145      98       91       120      115      115      83       98       78       159      113      81       131      124      71       66       91       87       47       114      93       80       67       101      60       54       15       111      128      92       58       57       
2        740      150      0        130      166      215      240      61       51       5        247      81       151      58       48       77       119      81       10       76       229      54       193      216      154      173      229      141      155      124      75       105      123      189      135      165      38       180      106      135      196      
3        570      85       130      0        115      155      146      69       81       127      152      123      36       132      124      109      153      106      135      141      155      84       64       150      144      170      119      122      182      10       101      116      18       78       124      94       101      56       140      28       141      
4        1300     29       166      115      0        49       85       127      143      161      92       96       149      122      125      92       90       87       175      116      64       154      152      50       46       67       95       35       96       123      91       68       131      79       43       26       127      157      88       88       30       
5        1790     73       215      155      49       0        59       176      192      210      64       142      185      170      173      140      128      135      225      161      23       203      177      8        76       83       88       78       120      164      141      114      172      95       86       61       177      187      130      127      19       
6        1870     90       240      146      85       59       0        189      206      235      7        179      168      205      206      173      175      168      249      200      38       215      146      51       127      140      38       121      176      157      171      152      164      69       129      75       201      160      173      121      70       
7        150      103      61       69       127      176      189      0        16       58       196      78       93       74       63       65       117      65       66       89       185      27       132      174      133      157      173      113      153      63       57       87       62       132      111      118      36       120      103      76       158      
8        230      120      51       81       143      192      206      16       0        48       213      86       100      77       65       74       126      75       54       93       201      13       142      191      146      170      188      127      163      73       67       99       72       147      124      135      37       129      112      91       173      
9        710      145      5        127      161      210      235      58       48       0        243      76       149      54       43       72       114      76       15       72       224      53       190      211      150      168      224      136      151      121      70       100      120      185      130      160      34       177      101      131      191      
10       1940     98       247      152      92       64       7        196      213      243      0        186      173      212      213      180      182      175      256      207      41       222      150      56       133      145      41       127      182      163      178      159      170      74       136      82       209      164      180      128      76       
11       910      91       81       123      96       142      179      78       86       76       186      0        157      27       34       14       40       17       92       22       159      99       184      145      74       91       179      64       77       123      22       27       127      147      57       105      52       179      26       110      122      
12       780      120      151      36       149      185      168      93       100      149      173      157      0        163      154      143      189      140      154      174      183      99       45       180      180      207      136      158      218      34       134      152      30       99       161      126      128      29       176      62       173      
13       890      115      58       132      122      170      205      74       77       54       212      27       163      0        12       31       61       37       68       18       186      88       195      172      101      117      202      91       97       129      36       55       132      167      84       130      40       188      48       124      150      
14       780      115      48       124      125      173      206      63       65       43       213      34       154      12       0        33       71       38       58       30       189      76       188      175      108      125      200      96       108      121      34       60       123      164      90       130      28       179      58       119      154      
15       780      83       77       109      92       140      173      65       74       72       180      14       143      31       33       0        52       5        87       33       156      87       171      142      77       98       170      64       88       109      8        28       113      136      58       98       43       165      37       97       120      
16       1300     98       119      153      90       128      175      117      126      114      182      40       189      61       71       52       0        52       129      44       148      139      211      132      51       58       184      55       37       155      60       37       160      159      47       109      92       208      14       135      109      
17       770      78       81       106      87       135      168      65       75       76       175      17       140      37       38       5        52       0        91       38       151      88       167      137      74       95       165      59       88       106      8        24       110      131      54       93       46       162      38       93       116      
18       770      159      10       135      175      225      249      66       54       15       256      92       154      68       58       87       129      91       0        86       238      55       196      225      165      183      236      151      165      128      85       115      126      196      145      174      48       183      116      142      206      
19       1030     113      76       141      116      161      200      89       93       72       207      22       174      18       30       33       44       38       86       0        179      105      204      164      89       102      201      82       79       140      41       47       143      169      75       127      56       198      33       131      141      
20       1860     81       229      155      64       23       38       185      201      224      41       159      183      186      189      156      148      151      238      179      0        212      169      16       97       106      71       96       143      165      155      132      173      87       104      66       190      180      149      127      38       
21       280      131      54       84       154      203      215      27       13       53       222      99       99       88       76       87       139      88       55       105      212      0        142      202      159      183      196      140      176      75       80       112      72       154      137      145      48       128      124      97       185      
22       1190     124      193      64       152      177      146      132      142      190      150      184      45       195      188      171      211      167      196      204      169      142      0        170      191      216      109      170      235      69       163      173      70       82       174      125      165      19       199      75       169      
23       1760     71       216      150      50       8        51       174      191      211      56       145      180      172      175      142      132      137      225      164      16       202      170      0        81       90       80       81       127      159      142      117      167      88       89       57       177      180      133      122      22       
24       1410     66       154      144      46       76       127      133      146      150      133      74       180      101      108      77       51       74       165      89       97       159      191      81       0        26       141      21       50       149      81       49       156      124      22       71       120      193      55       119      58       
25       1660     91       173      170      67       83       140      157      170      168      145      91       207      117      125      98       58       95       183      102      106      183      216      90       26       0        159      48       38       176      103      71       183      147      47       94       141      219      68       146      69       
26       1670     87       229      119      95       88       38       173      188      224      41       179      136      202      200      170      184      165      236      201      71       196      109      80       141      159      0        129      191      130      166      154      137      41       137      75       191      124      179      99       92       
27       1210     47       141      122      35       78       121      113      127      136      127      64       158      91       96       64       55       59       151      82       96       140      170      81       21       48       129      0        66       127      66       36       134      107      8        55       104      171      53       98       58       
28       1650     114      155      182      96       120      176      153      163      151      182      77       218      97       108      88       37       88       165      79       143      176      235      127      50       38       191      66       0        185      96       68       191      174      61       121      129      235      51       161      106      
29       500      93       124      10       123      164      157      63       73       121      163      123      34       129      121      109      155      106      128      140      165      75       69       159      149      176      130      127      185      0        100      118      8        89       129      103      97       58       142      37       150      
30       700      80       75       101      91       141      171      57       67       70       178      22       134      36       34       8        60       8        85       41       155      80       163      142      81       103      166      66       96       100      0        32       104      131      61       95       38       157      45       90       121      
31       980      67       105      116      68       114      152      87       99       100      159      27       152      55       60       28       37       24       115      47       132      112      173      117      49       71       154      36       68       118      32       0        123      125      30       80       71       170      26       97       95       
32       490      101      123      18       131      172      164      62       72       120      170      127      30       132      123      113      160      110      126      143      173      72       70       167      156      183      137      134      191      8        104      123      0        96       135      111      98       57       147      45       158      
33       1260     60       189      78       79       95       69       132      147      185      74       147      99       167      164      136      159      131      196      169      87       154      82       88       124      147      41       107      174      89       131      125      96       0        114      53       152      93       151      57       90       
34       1190     54       135      124      43       86       129      111      124      130      136      57       161      84       90       58       47       54       145      75       104      137      174      89       22       47       137      8        61       129      61       30       135      114      0        62       99       175      44       101      66       
35       1190     15       165      94       26       61       75       118      135      160      82       105      126      130      130      98       109      93       174      127      66       145      125      57       71       94       75       55       121      103      95       80       111      53       62       0        126      132      104      66       47       
36       510      111      38       101      127      177      201      36       37       34       209      52       128      40       28       43       92       46       48       56       190      48       165      177      120      141      191      104      129      97       38       71       98       152      99       126      0        155      78       101      158      
37       1060     128      180      56       157      187      160      120      129      177      164      179      29       188      179      165      208      162      183      198      180      128      19       180      193      219      124      171      235      58       157      170      57       93       175      132      155      0        196      74       177      
38       1150     92       106      140      88       130      173      103      112      101      180      26       176      48       58       37       14       38       116      33       149      124      199      133      55       68       179      53       51       142      45       26       147      151      44       104      78       196      0        124      110      
39       690      58       135      28       88       127      121      76       91       131      128      110      62       124      119      97       135      93       142      131      127      97       75       122      119      146      99       98       161      37       90       97       45       57       101      66       101      74       124      0        113      
40       1610     57       196      141      30       19       70       158      173      191      76       122      173      150      154      120      109      116      206      141      38       185      169      22       58       69       92       58       106      150      121      95       158      90       66       47       158      177      110      113      0        
;

