

sets
i        orders          /0*20/
k        routes          /1*20/
p        positions       /0*20/
;

alias(i,j)
alias(i,h)
alias(i,hh)
alias(i,jj)
alias(k,kk)
                            Parameters

rho(i)	Processing time
/
0	0
1	81
2	48
3	68
4	30
5	4
6	30
7	54
8	47
9	39
10	44
11	91
12	42
13	74
14	64
15	22
16	22
17	34
18	16
19	63
20	81
/

gamma(i)	Duedate
/
0	0
1	20
2	16
3	93
4	77
5	40
6	55
7	27
8	16
9	74
10	63
11	75
12	12
13	36
14	83
15	26
16	11
17	63
18	30
19	98
20	48
/

sigma(i)	Size
/
0	0
1	1
2	1
3	3
4	3
5	5
6	4
7	4
8	8
9	8
10	8
11	5
12	1
13	8
14	2
15	6
16	7
17	6
18	5
19	2
20	2
/

epsilon(i)	Priority
/
0	0
1	1
2	1
3	1
4	3
5	2
6	9
7	7
8	4
9	2
10	8
11	6
12	1
13	3
14	5
15	9
16	1
17	5
18	4
19	6
20	6
/

psi	Vehicle Capacity
/ 56 /
;

Table kappa(i,j)                 Setup
         0        1        2        3        4        5        6        7        8        9        10       11       12       13       14       15       16       17       18       19       20       
0        0        1088     1372     1907     361      1674     915      1952     1790     1922     1472     812      1691     1584     2404     1003     1496     795      2383     1854     300      
1        1088     0        689      2144     755      596      539      1224     1654     2300     555      1543     1406     499      1906     1423     1691     735      2067     959      796      
2        1372     689      0        1637     1019     724      456      596      1034     1849     302      1441     757      722      1221     1159     1223     621      1383     513      1162     
3        1907     2144     1637     0        1804     2361     1608     1701     715      291      1939     1183     986      2354     1429     904      458      1450     1101     1979     1972     
4        361      755      1019     1804     0        1326     564      1607     1562     1874     1110     883      1420     1240     2106     924      1361     487      2126     1495     181      
5        1674     596      724      2361     1326     0        928      974      1740     2570     422      2019     1452     107      1722     1811     1942     1153     1985     601      1388     
6        915      539      456      1608     564      928      0        1043     1169     1761     602      1091     959      873      1582     904      1153     225      1659     949      716      
7        1952     1224     596      1701     1607     974      1043     0        989      1966     680      1883     717      1036     748      1534     1395     1169     1040     383      1756     
8        1790     1654     1034     715      1562     1740     1169     989      0        992      1324     1316     292      1752     805      923      521      1097     619      1291     1743     
9        1922     2300     1849     291      1874     2570     1761     1966     992      0        2151     1141     1249     2553     1720     950      627      1579     1389     2226     2031     
10       1472     555      302      1939     1110     422      602      680      1324     2151     0        1674     1039     429      1399     1427     1523     814      1616     410      1220     
11       812      1543     1441     1183     883      2019     1091     1883     1316     1141     1674     0        1350     1958     2080     394      864      866      1933     1949     993      
12       1691     1406     757      986      1420     1452     959      717      292      1249     1039     1350     0        1468     738      960      694      935      707      1001     1598     
13       1584     499      722      2354     1240     107      873      1036     1752     2553     429      1958     1468     0        1781     1768     1926     1098     2028     675      1294     
14       2404     1906     1221     1429     2106     1722     1582     748      805      1720     1399     2080     738      1781     0        1687     1326     1620     398      1129     2278     
15       1003     1423     1159     904      924      1811     904      1534     923      950      1427     394      960      1768     1687     0        507      689      1541     1646     1082     
16       1496     1691     1223     458      1361     1942     1153     1395     521      627      1523     864      694      1926     1326     507      0        992      1103     1618     1533     
17       795      735      621      1450     487      1153     225      1169     1097     1579     814      866      935      1098     1620     689      992      0        1642     1132     664      
18       2383     2067     1383     1101     2126     1985     1659     1040     619      1389     1616     1933     707      2028     398      1541     1103     1642     0        1420     2305     
19       1854     959      513      1979     1495     601      949      383      1291     2226     410      1949     1001     675      1129     1646     1618     1132     1420     0        1617     
20       300      796      1162     1972     181      1388     716      1756     1743     2031     1220     993      1598     1294     2278     1082     1533     664      2305     1617     0        
;



Table delta(i,j)                 Distance
         0        1        2        3        4        5        6        7        8        9        10       11       12       13       14       15       16       17       18       19       20       
0        0        140      72       83       99       103      113      164      88       167      188      27       175      116      206      186      84       176      110      149      174      
1        140      0        106      119      153      137      46       73       54       101      73       152      64       36       98       54       147      41       58       29       38       
2        72       106      0        124      152      149      63       160      55       176      130      98       162      71       197      160      139      130      111      101      144      
3        83       119      124      0        34       25       122      103      95       94       188      70       121      118      144      144      28       160      63       142      138      
4        99       153      152      34       0        19       156      127      129      112      223      78       148      153      166      174      14       194      95       177      170      
5        103      137      149      25       19       0        145      109      119      93       209      86       129      141      147      156      25       178      79       163      153      
6        113      46       63       122      156      145      0        113      28       136      75       132      108      9        143      99       147      67       78       38       83       
7        164      73       160      103      127      109      113      0        105      31       138      164      22       104      42       54       129      99       53       102      59       
8        88       54       55       95       129      119      28       105      0        124      102      106      106      28       141      106      119      87       60       60       91       
9        167      101      176      94       112      93       136      31       124      0        169      162      52       128      55       85       116      130      64       130      90       
10       188      73       130      188      223      209      75       138      102      169      0        208      122      74       149      95       216      40       131      45       82       
11       27       152      98       70       78       86       132      164      106      162      208      0        178      134      207      194      64       191      113      166      184      
12       175      64       162      121      148      129      108      22       106      52       122      178      0        99       34       33       148      82       65       90       41       
13       116      36       71       118      153      141      9        104      28       128      74       134      99       0        133      90       144      61       71       33       74       
14       206      98       197      144      166      147      143      42       141      55       149      207      34       133      0        54       169      109      95       122      68       
15       186      54       160      144      174      156      99       54       106      85       95       194      33       90       54       0        172      55       82       71       16       
16       84       147      139      28       14       25       147      129      119      116      216      64       148      144      169      172      0        188      91       170      167      
17       176      41       130      160      194      178      67       99       87       130      40       191      82       61       109      55       188      0        99       28       42       
18       110      58       111      63       95       79       78       53       60       64       131      113      65       71       95       82       91       99       0        86       75       
19       149      29       101      142      177      163      38       102      60       130      45       166      90       33       122      71       170      28       86       0        55       
20       174      38       144      138      170      153      83       59       91       90       82       184      41       74       68       16       167      42       75       55       0        
;

