

sets
i        orders          /0*20/
k        routes          /1*20/
p        positions       /0*20/
;

alias(i,j)
alias(i,h)
alias(i,hh)
alias(i,jj)
alias(k,kk)
                            Parameters

rho(i)	Processing time
/
0	0
1	12
2	80
3	38
4	2
5	15
6	79
7	40
8	89
9	8
10	98
11	78
12	19
13	75
14	2
15	41
16	96
17	36
18	23
19	74
20	90
/

gamma(i)	Duedate
/
0	0
1	62
2	51
3	87
4	95
5	42
6	69
7	49
8	71
9	43
10	75
11	43
12	19
13	83
14	61
15	46
16	37
17	97
18	73
19	22
20	59
/

sigma(i)	Size
/
0	0
1	2
2	9
3	3
4	6
5	2
6	8
7	8
8	8
9	8
10	6
11	1
12	7
13	6
14	8
15	1
16	4
17	1
18	4
19	8
20	6
/

epsilon(i)	Priority
/
0	0
1	4
2	8
3	2
4	2
5	1
6	9
7	8
8	1
9	3
10	3
11	9
12	9
13	5
14	9
15	3
16	5
17	1
18	3
19	1
20	8
/

psi	Vehicle Capacity
/ 45 /
;

Table kappa(i,j)                 Setup
         0        1        2        3        4        5        6        7        8        9        10       11       12       13       14       15       16       17       18       19       20       
0        0        713      842      1683     1422     1235     44       374      402      851      239      1326     1487     1485     924      213      1886     1708     1497     1552     1363     
1        713      0        744      2200     2076     1933     699      740      371      1533     888      1694     1654     2195     1602     863      2505     1954     1692     2136     2057     
2        842      744      0        1636     1713     1703     870      1140     857      1622     1079     1047     918      2009     1351     1055     2050     1232     963      1654     2079     
3        1683     2200     1636     0        660      1005     1724     2022     2043     1667     1742     632      1056     1209     961      1740     551      861      989      293      1715     
4        1422     2076     1713     660      0        368      1455     1686     1822     1116     1391     1005     1476     551      506      1399     496      1396     1423     367      1066     
5        1235     1933     1703     1005     368      0        1261     1439     1636     769      1151     1215     1663     313      353      1164     837      1646     1621     720      710      
6        44       699      870      1724     1455     1261     0        331      375      849      220      1370     1529     1505     955      194      1922     1751     1540     1591     1365     
7        374      740      1140     2022     1686     1439     331      0        373      855      294      1698     1857     1639     1179     288      2170     2082     1869     1865     1379     
8        402      371      857      2043     1822     1636     375      373      0        1172     531      1617     1682     1877     1327     508      2281     1947     1707     1935     1698     
9        851      1533     1622     1667     1116     769      849      855      1172     0        645      1630     1977     859      709      670      1603     2081     1959     1419     526      
10       239      888      1079     1742     1391     1151     220      294      531      645      0        1462     1674     1366     884      26       1876     1870     1678     1575     1169     
11       1326     1694     1047     632      1005     1215     1370     1698     1617     1630     1462     0        472      1506     979      1452     1141     452      417      763      1863     
12       1487     1654     918      1056     1476     1663     1529     1857     1682     1977     1674     472      0        1963     1391     1658     1593     331      69       1228     2276     
13       1485     2195     2009     1209     551      313      1505     1639     1877     859      1366     1506     1963     0        658      1383     899      1924     1918     916      586      
14       924      1602     1351     961      506      353      955      1179     1327     709      884      979      1391     658      0        892      994      1429     1357     732      887      
15       213      863      1055     1740     1399     1164     194      288      508      670      26       1452     1658     1383     892      0        1882     1856     1662     1577     1193     
16       1886     2505     2050     551      496      837      1922     2170     2281     1603     1876     1141     1593     899      994      1882     0        1412     1528     397      1478     
17       1708     1954     1232     861      1396     1646     1751     2082     1947     2081     1870     452      331      1924     1429     1856     1412     0        273      1091     2311     
18       1497     1692     963      989      1423     1621     1540     1869     1707     1959     1678     417      69       1918     1357     1662     1528     273      0        1167     2244     
19       1552     2136     1654     293      367      720      1591     1865     1935     1419     1575     763      1228     916      732      1577     397      1091     1167     0        1429     
20       1363     2057     2079     1715     1066     710      1365     1379     1698     526      1169     1863     2276     586      887      1193     1478     2311     2244     1429     0        
;



Table delta(i,j)                 Distance
         0        1        2        3        4        5        6        7        8        9        10       11       12       13       14       15       16       17       18       19       20       
0        0        50       44       100      201      90       161      204      210      61       171      40       120      24       201      27       111      136      135      131      70       
1        50       0        86       140      191      139      200      190      233      48       182      66       170      67       227      23       97       110      149      177      89       
2        44       86       0        55       183      57       117      189      169      70       139      28       88       20       159      64       105      139      102      91       43       
3        100      140      55       0        179      47       61       189      124      111      115      74       65       75       112      119      126      163      83       47       64       
4        201      191      183      179      0        222      193      15       142      145      79       164      244      187      150      190      94       91       97       221      139      
5        90       139      57       47       222      0        92       231      169      127      162      85       31       73       155      116      157      192      128      45       91       
6        161      200      117      61       193      92       0        206      88       167      115      134      88       137      73       180      169      205      100      53       117      
7        204      190      189      189      15       231      206      0        157      146      93       168      254      191      165      191      94       86       109      232      145      
8        210      233      169      124      142      169      88       157      0        188      69       172      173      186      15       219      164      192      87       139      144      
9        61       48       70       111      145      127      167      146      188      0        134      41       158      59       184      45       51       75       102      156      50       
10       171      182      139      115      79       162      115      93       69       134      0        131      178      150      74       172      99       124      37       150      101      
11       40       66       28       74       164      85       134      168      172      41       131      0        116      23       165      47       79       111      94       116      29       
12       120      170      88       65       244      31       88       254      173      158      178      116      0        104      158      147      185      221      148      35       119      
13       24       67       20       75       187      73       137      191      186      59       150      23       104      0        177      44       102      132      113      110      50       
14       201      227      159      112      150      155      73       165      15       184      74       165      158      177      0        212      164      194      85       124      138      
15       27       23       64       119      190      116      180      191      219      45       172      47       147      44       212      0        97       117      137      155      74       
16       111      97       105      126      94       157      169      94       164      51       99       79       185      102      164      97       0        37       78       173      65       
17       136      110      139      163      91       192      205      86       192      75       124      111      221      132      194      117      37       0        111      211      102      
18       135      149      102      83       97       128      100      109      87       102      37       94       148      113      85       137      78       111      0        123      65       
19       131      177      91       47       221      45       53       232      139      156      150      116      35       110      124      155      173      211      123      0        110      
20       70       89       43       64       139      91       117      145      144      50       101      29       119      50       138      74       65       102      65       110      0        
;

