

sets
i        orders          /0*20/
k        routes          /1*20/
p        positions       /0*20/
;

alias(i,j)
alias(i,h)
alias(i,hh)
alias(i,jj)
alias(k,kk)
                            Parameters

rho(i)	Processing time
/
0	0
1	64
2	51
3	75
4	33
5	15
6	14
7	30
8	77
9	89
10	73
11	85
12	61
13	71
14	89
15	20
16	22
17	87
18	15
19	27
20	24
/

gamma(i)	Duedate
/
0	0
1	15
2	99
3	15
4	7
5	81
6	39
7	75
8	17
9	87
10	27
11	75
12	14
13	86
14	72
15	73
16	96
17	71
18	83
19	45
20	29
/

sigma(i)	Size
/
0	0
1	3
2	6
3	1
4	4
5	2
6	7
7	4
8	1
9	3
10	3
11	1
12	7
13	6
14	2
15	7
16	5
17	9
18	4
19	8
20	7
/

epsilon(i)	Priority
/
0	0
1	3
2	1
3	8
4	8
5	6
6	9
7	3
8	1
9	3
10	2
11	9
12	5
13	8
14	4
15	1
16	5
17	3
18	3
19	7
20	2
/

psi	Vehicle Capacity
/ 159 /
;

Table kappa(i,j)                 Setup
         0        1        2        3        4        5        6        7        8        9        10       11       12       13       14       15       16       17       18       19       20       
0        0        1276     1420     822      1359     1309     1063     1524     1117     1016     542      1281     782      1228     1238     1362     637      474      1387     979      836      
1        1276     0        1683     2071     1804     2253     294      1230     2156     2052     1539     1087     1601     2162     272      1394     828      1747     146      2089     1585     
2        1420     1683     0        1564     233      1033     1729     667      1134     1087     1000     638      2202     974      1431     327      1754     1543     1669     1231     675      
3        822      2071     1564     0        1390     856      1880     1962     612      573      651      1749     1227     820      1987     1678     1447     371      2168     428      903      
4        1359     1804     233      1390     0        802      1816     886      917      880      882      819      2139     747      1567     534      1769     1412     1807     1029     547      
5        1309     2253     1033     856      802      0        2163     1637     244      312      788      1503     1970     91       2074     1287     1907     1081     2302     431      671      
6        1063     294      1729     1880     1816     2163     0        1375     2039     1933     1407     1193     1312     2073     477      1474     546      1537     440      1950     1512     
7        1524     1230     667      1962     886      1637     1375     0        1680     1607     1316     244      2239     1564     957      354      1603     1819     1170     1727     1088     
8        1117     2156     1134     612      917      244      2039     1680     0        105      633      1516     1742     215      2000     1344     1736     847      2219     187      623      
9        1016     2052     1087     573      880      312      1933     1607     105      0        527      1435     1658     254      1899     1277     1632     769      2116     155      535      
10       542      1539     1000     651      882      788      1407     1316     633      527      0        1099     1286     702      1407     1052     1119     542      1613     550      335      
11       1281     1087     638      1749     819      1503     1193     244      1516     1435     1099     0        1996     1423     821      318      1374     1587     1052     1543     903      
12       782      1601     2202     1227     2139     1970     1312     2239     1742     1658     1286     1996     0        1902     1691     2123     775      899      1744     1568     1606     
13       1228     2162     974      820      747      91       2073     1564     215      254      702      1423     1902     0        1984     1216     1821     1020     2212     392      581      
14       1238     272      1431     1987     1567     2074     477      957      2000     1899     1407     821      1691     1984     0        1133     922      1693     240      1953     1402     
15       1362     1394     327      1678     534      1287     1474     354      1344     1277     1052     318      2123     1216     1133     0        1581     1583     1367     1406     780      
16       637      828      1754     1447     1769     1907     546      1603     1736     1632     1119     1374     775      1821     922      1581     0        1081     970      1610     1333     
17       474      1747     1543     371      1412     1081     1537     1819     847      769      542      1587     899      1020     1693     1583     1081     0        1855     669      871      
18       1387     146      1669     2168     1807     2302     440      1170     2219     2116     1613     1052     1744     2212     240      1367     970      1855     0        2163     1631     
19       979      2089     1231     428      1029     431      1950     1727     187      155      550      1543     1568     392      1953     1406     1610     669      2163     0        641      
20       836      1585     675      903      547      671      1512     1088     623      535      335      903      1606     581      1402     780      1333     871      1631     641      0        
;



Table delta(i,j)                 Distance
         0        1        2        3        4        5        6        7        8        9        10       11       12       13       14       15       16       17       18       19       20       
0        0        250      400      620      590      270      290      690      360      670      310      360      510      440      510      400      160      20       590      670      270      
1        250      0        45       82       82       38       50       59       58       85       6        48       74       68       52       60       41       23       83       86       27       
2        400      45       0        48       89       67       64       104      69       102      48       12       81       50       90       33       48       41       82       50       65       
3        620      82       48       0        74       82       67       130      66       94       87       37       70       27       109      22       55       64       60       5        89       
4        590      82       89       74       0        49       32       92       24       21       88       78       8        47       65       63       44       61       15       79       64       
5        270      38       67       82       49       0        19       50       27       47       43       62       42       57       26       61       26       26       55       87       15       
6        290      50       64       67       32       19       0        69       8        38       55       56       24       41       43       49       16       29       36       73       34       
7        690      59       104      130      92       50       69       0        75       80       59       104      86       107      26       108      75       67       102      135      41       
8        360      58       69       66       24       27       8        75       0        32       64       60       16       39       49       50       21       37       28       72       42       
9        670      85       102      94       21       47       38       80       32       0        90       93       24       67       54       80       54       67       37       99       62       
10       310      6        48       87       88       43       55       59       64       90       0        52       80       73       55       65       47       29       89       91       31       
11       360      48       12       37       78       62       56       104      60       93       52       0        72       38       88       21       40       37       70       40       63       
12       510      74       81       70       8        42       24       86       16       24       80       72       0        43       59       57       36       53       16       75       57       
13       440      68       50       27       47       57       41       107      39       67       73       38       43       0        84       17       32       46       35       32       67       
14       510      52       90       109      65       26       43       26       49       54       55       88       59       84       0        88       53       50       75       114      26       
15       400      60       33       22       63       61       49       108      50       80       65       21       57       17       88       0        34       42       52       26       67       
16       160      41       48       55       44       26       16       75       21       54       47       40       36       32       53       34       0        18       42       60       35       
17       20       23       41       64       61       26       29       67       37       67       29       37       53       46       50       42       18       0        60       69       25       
18       590      83       82       60       15       55       36       102      28       37       89       70       16       35       75       52       42       60       0        65       70       
19       670      86       50       5        79       87       73       135      72       99       91       40       75       32       114      26       60       69       65       0        94       
20       270      27       65       89       64       15       34       41       42       62       31       63       57       67       26       67       35       25       70       94       0        
;

