
sets
i        orders          /0*10/
k        routes          /1*10/
p        positions       /0*10/
;

alias(i,j)
alias(i,h)
alias(i,hh)
alias(i,jj)
alias(k,kk)
                
                    Parameters

rho(i)	Processing time
/
0	0
1	29
2	47
3	18
4	99
5	50
6	8
7	45
8	76
9	97
10	64
/

gamma(i)	Duedate
/
0	0
1	78
2	87
3	6
4	46
5	43
6	50
7	73
8	83
9	30
10	80
/

sigma(i)	Size
/
0	0
1	7
2	1
3	1
4	6
5	6
6	3
7	8
8	9
9	4
10	6
/

epsilon(i)	Priority
/
0	0
1	1
2	5
3	5
4	3
5	9
6	8
7	6
8	4
9	3
10	3
/

psi	Vehicle Capacity
/ 37 /
;

Table kappa(i,j)                 Setup
         0        1        2        3        4        5        6        7        8        9        10       
0        0        76       103      65       101      82       173      65       136      123      187      
1        76       0        26       77       37       155      161      56       65       48       201      
2        103      26       0        96       31       182      164      73       44       22       211      
3        65       77       96       0        74       106      108      22       107      106      129      
4        101      37       31       74       0        172      133      53       35       32       181      
5        82       155      182      106      172      0        190      122      207      199      174      
6        173      161      164      108      133      190      0        115      142      159      66       
7        65       56       73       22       53       122      115      0        87       84       146      
8        136      65       44       107      35       207      142      87       0        24       198      
9        123      48       22       106      32       199      159      84       24       0        211      
10       187      201      211      129      181      174      66       146      198      211      0        
;



Table delta(i,j)                 Distance
         0        1        2        3        4        5        6        7        8        9        10       
0        0        1290     3990     3480     2970     1770     1470     3390     4500     2670     4200     
1        1290     0        168      149      142      83       26       154      184      125      121      
2        3990     168      0        20       77       164      182      43       18       146      181      
3        3480     149      20       0        76       152      164      46       35       140      162      
4        2970     142      77       76       0        103      146      34       93       72       207      
5        1770     83       164      152      103      0        68       131      182      50       198      
6        1470     26       182      164      146      68       0        162      199      115      147      
7        3390     154      43       46       34       131      162      0        59       105      197      
8        4500     184      18       35       93       182      199      59       0        163      189      
9        2670     125      146      140      72       50       115      105      163      0        227      
10       4200     121      181      162      207      198      147      197      189      227      0        
;

