

sets
i        orders          /0*40/
k        routes          /1*40/
p        positions       /0*40/
;

alias(i,j)
alias(i,h)
alias(i,hh)
alias(i,jj)
alias(k,kk)
                            Parameters

rho(i)	Processing time
/
0	0
1	46
2	84
3	93
4	70
5	16
6	65
7	60
8	9
9	46
10	25
11	43
12	12
13	9
14	82
15	68
16	21
17	11
18	21
19	98
20	66
21	29
22	85
23	90
24	97
25	82
26	87
27	45
28	71
29	96
30	78
31	16
32	94
33	24
34	82
35	30
36	96
37	24
38	6
39	15
40	7
/

gamma(i)	Duedate
/
0	0
1	53
2	32
3	76
4	94
5	82
6	8
7	85
8	18
9	84
10	39
11	4
12	24
13	45
14	34
15	52
16	99
17	23
18	71
19	88
20	53
21	88
22	39
23	4
24	59
25	58
26	58
27	76
28	23
29	96
30	4
31	25
32	61
33	42
34	51
35	6
36	81
37	26
38	41
39	31
40	69
/

sigma(i)	Size
/
0	0
1	5
2	3
3	5
4	9
5	5
6	5
7	4
8	4
9	9
10	6
11	9
12	9
13	4
14	3
15	6
16	9
17	8
18	9
19	2
20	5
21	3
22	7
23	1
24	2
25	8
26	1
27	1
28	3
29	7
30	7
31	2
32	6
33	5
34	9
35	4
36	6
37	2
38	3
39	7
40	9
/

epsilon(i)	Priority
/
0	0
1	9
2	5
3	6
4	3
5	7
6	7
7	7
8	4
9	3
10	7
11	3
12	7
13	3
14	9
15	6
16	3
17	4
18	4
19	8
20	2
21	1
22	2
23	1
24	3
25	8
26	1
27	4
28	5
29	9
30	4
31	2
32	8
33	9
34	6
35	5
36	2
37	7
38	6
39	1
40	2
/

psi	Vehicle Capacity
/ 15 /
;

Table kappa(i,j)                 Setup
         0        1        2        3        4        5        6        7        8        9        10       11       12       13       14       15       16       17       18       19       20       21       22       23       24       25       26       27       28       29       30       31       32       33       34       35       36       37       38       39       40       
0        0        1089     303      1157     1403     1620     801      1215     744      61       1112     1266     523      1067     1075     1723     965      1624     1413     1059     1537     1548     202      1557     684      855      1207     787      1175     292      929      1912     1456     400      1387     555      1265     1538     686      1103     411      
1        1089     0        1039     139      1357     1107     1587     250      446      1028     1071     701      1466     570      1250     1473     949      1159     499      1019     1914     2000     1096     733      458      308      283      1205     972      799      201      1540     381      1265     1784     576      1234     2018     1695     1550     678      
2        303      1039     0        1072     1639     1772     1103     1217     807      286      1330     1382     815      1174     1330     1934     1173     1787     1263     1273     1831     1847     497      1625     733      754      1221     1062     1365     324      923      2105     1371     228      1680     463      1496     1839     946      1395     447      
3        1157     139      1072     0        1496     1228     1702     354      569      1096     1210     830      1564     707      1387     1605     1087     1283     361      1157     2051     2136     1185     825      570      318      395      1334     1111     865      329      1665     301      1294     1920     617      1373     2152     1787     1683     754      
4        1403     1357     1639     1496     0        606      1063     1196     1040     1383     322      725      1254     789      352      364      482      546      1852     383      708      839      1218     1011     1099     1464     1151     664      384      1338     1198     596      1624     1801     647      1424     144      877      1450     626      1258     
5        1620     1107     1772     1228     606      0        1548     876      994      1579     622      423      1654     620      834      453      703      73       1540     642      1313     1445     1481     497      1070     1328     834      1077     483      1447     1025     439      1248     1977     1253     1417     606      1484     1882     1188     1329     
6        801      1587     1103     1702     1063     1548     0        1594     1142     831      926      1373     320      1251     730      1427     877      1516     2031     913      843      810      627      1730     1132     1472     1566     481      1076     980      1387     1658     1964     1136     710      1232     979      788      413      484      1018     
7        1215     250      1217     354      1196     876      1594     0        486      1156     941      492      1522     419      1147     1267     847      932      673      896      1807     1906     1182     483      533      539      44       1165     816      940      294      1314     430      1446     1688     762      1086     1928     1760     1481     808      
8        744      446      807      569      1040     994      1142     486      0        688      723      583      1041     376      856      1246     574      1021     919      663      1509     1584     696      822      76       430      471      766      678      494      245      1375     822      1029     1371     424      901      1597     1277     1122     362      
9        61       1028     286      1096     1383     1579     831      1156     688      0        1085     1219     565      1017     1061     1695     935      1585     1353     1031     1545     1562     212      1504     626      795      1149     782      1141     230      869      1880     1395     418      1394     496      1243     1554     739      1109     350      
10       1112     1071     1330     1210     322      622      926      941      723      1085     0        530      1046     522      237      611      160      593      1571     61       869      976      938      874      779      1151     898      457      163      1022     898      808      1371     1502     759      1101     179      1003     1267     606      938      
11       1266     701      1382     830      725      423      1373     492      583      1219     530      0        1402     208      765      775      505      465      1166     506      1388     1501     1156     357      660      905      448      896      374      1060     602      843      908      1596     1287     1001     636      1531     1641     1130     934      
12       523      1466     815      1564     1254     1654     320      1522     1041     565      1046     1402     0        1242     902      1613     951      1634     1866     1015     1151     1127     392      1745     1010     1298     1502     596      1171     755      1276     1835     1847     823      1011     1025     1144     1107     241      756      827      
13       1067     570      1174     707      789      620      1251     419      376      1017     522      208      1242     0        732      919      435      652      1062     478      1388     1489     969      505      452      726      377      789      405      853      431      1019     848      1390     1271     797      671      1513     1484     1076     726      
14       1075     1250     1330     1387     352      834      730      1147     856      1061     237      765      902      732      0        712      302      794      1749     260      664      758      882      1111     897      1284     1107     312      400      1049     1063     937      1573     1475     540      1182     249      781      1103     369      992      
15       1723     1473     1934     1605     364      453      1427     1267     1246     1695     611      775      1613     919      712      0        761      380      1940     664      966      1104     1548     946      1316     1642     1222     1019     577      1619     1350     235      1669     2112     947      1660     472      1149     1813     980      1523     
16       965      949      1173     1087     482      703      877      847      574      935      160      505      951      435      302      761      0        688      1449     100      966      1059     800      862      626      1004     807      396      222      863      766      947      1271     1351     842      942      337      1081     1182     641      777      
17       1624     1159     1787     1283     546      73       1516     932      1021     1585     593      465      1634     652      794      380      688      0        1600     618      1250     1383     1477     568      1096     1369     889      1050     466      1462     1067     382      1312     1988     1194     1445     558      1423     1859     1141     1348     
18       1413     499      1263     361      1852     1540     2031     673      919      1353     1571     1166     1866     1062     1749     1940     1449     1600     0        1518     2412     2495     1476     1089     908      567      718      1685     1467     1128     687      1980     328      1465     2280     857      1731     2511     2077     2040     1039     
19       1059     1019     1273     1157     383      642      913      896      663      1031     61       506      1015     478      260      664      100      618      1518     0        910      1012     890      857      718      1092     855      436      162      963      842      855      1325     1448     795      1040     240      1038     1240     623      878      
20       1537     1914     1831     2051     708      1313     843      1807     1509     1545     869      1388     1151     1388     664      966      966      1250     2412     910      0        139      1336     1706     1542     1931     1766     795      1014     1606     1725     1186     2235     1920     151      1790     755      185      1244     436      1582     
21       1548     2000     1847     2136     839      1445     810      1906     1584     1562     976      1501     1127     1489     758      1104     1059     1383     2495     1012     139      0        1350     1827     1611     1999     1865     843      1126     1642     1807     1325     2331     1921     217      1840     875      48       1195     473      1628     
22       202      1096     497      1185     1218     1481     627      1182     696      212      938      1156     392      969      882      1548     800      1477     1476     890      1336     1350     0        1471     651      908      1167     588      1018     364      914      1745     1474     598      1185     632      1084     1341     603      901      437      
23       1557     733      1625     825      1011     497      1730     483      822      1504     874      357      1745     505      1111     946      862      568      1089     857      1706     1827     1471     0        893      1014     454      1253     712      1317     732      923      776      1849     1617     1196     951      1860     1986     1480     1184     
24       684      458      733      570      1099     1070     1132     533      76       626      779      660      1010     452      897      1316     626      1096     908      718      1542     1611     651      893      0        389      523      782      743      424      265      1448     839      956      1401     349      958      1623     1242     1144     291      
25       855      308      754      318      1464     1328     1472     539      430      795      1151     905      1298     726      1284     1642     1004     1369     567      1092     1931     1999     908      1014     389      0        561      1164     1091     565      302      1743     617      976      1790     304      1327     2009     1510     1530     471      
26       1207     283      1221     395      1151     834      1566     44       471      1149     898      448      1502     377      1107     1222     807      889      718      855      1766     1865     1167     454      523      561      0        1132     772      937      299      1271     473      1449     1647     770      1042     1888     1740     1443     804      
27       787      1205     1062     1334     664      1077     481      1165     766      782      457      896      596      789      312      1019     396      1050     1685     436      795      843      588      1253     782      1164     1132     0        598      814      1005     1238     1565     1187     646      997      548      849      810      369      787      
28       1175     972      1365     1111     384      483      1076     816      678      1141     163      374      1171     405      400      577      222      466      1467     162      1014     1126     1018     712      743      1091     772      598      0        1046     816      740      1246     1553     912      1084     270      1156     1399     769      946      
29       292      799      324      865      1338     1447     980      940      494      230      1022     1060     755      853      1049     1619     863      1462     1128     963      1606     1642     364      1317     424      565      937      814      1046     0        648      1785     1164     537      1456     272      1193     1640     952      1172     133      
30       929      201      923      329      1198     1025     1387     294      245      869      898      602      1276     431      1063     1350     766      1067     687      842      1725     1807     914      732      265      302      299      1005     816      648      0        1442     577      1151     1592     471      1067     1824     1508     1353     519      
31       1912     1540     2105     1665     596      439      1658     1314     1375     1880     808      843      1835     1019     937      235      947      382      1980     855      1186     1325     1745     923      1448     1743     1271     1238     740      1785     1442     0        1687     2293     1177     1797     691      1371     2040     1215     1679     
32       1456     381      1371     301      1624     1248     1964     430      822      1395     1371     908      1847     848      1573     1669     1271     1312     328      1325     2235     2331     1474     776      839      617      473      1565     1246     1164     577      1687     0        1591     2113     918      1516     2352     2075     1896     1050     
33       400      1265     228      1294     1801     1977     1136     1446     1029     418      1502     1596     823      1390     1475     2112     1351     1988     1465     1448     1920     1921     598      1849     956      976      1449     1187     1553     537      1151     2293     1591     0        1771     690      1661     1907     897      1490     666      
34       1387     1784     1680     1920     647      1253     710      1688     1371     1394     759      1287     1011     1271     540      947      842      1194     2280     795      151      217      1185     1617     1401     1790     1647     646      912      1456     1592     1177     2113     1771     0        1642     668      243      1118     285      1433     
35       555      576      463      617      1424     1417     1232     762      424      496      1101     1001     1025     797      1182     1660     942      1445     857      1040     1790     1840     632      1196     349      304      770      997      1084     272      471      1797     918      690      1642     0        1280     1844     1225     1366     216      
36       1265     1234     1496     1373     144      606      979      1086     901      1243     179      636      1144     671      249      472      337      558      1731     240      755      875      1084     951      958      1327     1042     548      270      1193     1067     691      1516     1661     668      1280     0        909      1350     582      1114     
37       1538     2018     1839     2152     877      1484     788      1928     1597     1554     1003     1531     1107     1513     781      1149     1081     1423     2511     1038     185      48       1341     1860     1623     2009     1888     849      1156     1640     1824     1371     2352     1907     243      1844     909      0        1166     479      1631     
38       686      1695     946      1787     1450     1882     413      1760     1277     739      1267     1641     241      1484     1103     1813     1182     1859     2077     1240     1244     1195     603      1986     1242     1510     1740     810      1399     952      1508     2040     2075     897      1118     1225     1350     1166     0        897      1039     
39       1103     1550     1395     1683     626      1188     484      1481     1122     1109     606      1130     756      1076     369      980      641      1141     2040     623      436      473      901      1480     1144     1530     1443     369      769      1172     1353     1215     1896     1490     285      1366     582      479      897      0        1155     
40       411      678      447      754      1258     1329     1018     808      362      350      938      934      827      726      992      1523     777      1348     1039     878      1582     1628     437      1184     291      471      804      787      946      133      519      1679     1050     666      1433     216      1114     1631     1039     1155     0        
;



Table delta(i,j)                 Distance
         0        1        2        3        4        5        6        7        8        9        10       11       12       13       14       15       16       17       18       19       20       21       22       23       24       25       26       27       28       29       30       31       32       33       34       35       36       37       38       39       40       
0        0        4430     10340    7040     6710     2940     9080     12460    2470     3960     12930    4690     7650     9420     7860     7380     8030     3600     5360     3210     6840     12230    12950    12020    13210    9220     2610     9870     6660     4110     12390    5350     12550    3970     7180     6070     11300    10320    11660    3470     7620     
1        4430     0        654      282      602      235      594      823      395      66       850      516      557      724      555      473      367      373      125      260      241      781      855      761      881      694      241      544      348      37       839      243      842      368      331      164      697      693      726      297      694      
2        10340    654      0        609      1187     742      944      768      1048     720      547      1155     1053     1161     1031     363      533      745      660      722      511      583      646      396      661      1128     773      377      820      668      882      808      827      1011     324      550      282      958      370      712      1262     
3        7040     282      609      0        587      516      376      544      583      311      616      603      444      567      423      596      114      642      169      536      114      529      597      562      623      534      524      345      211      319      557      237      560      479      367      147      533      445      532      568      656      
4        6710     602      1187     587      0        736      442      934      424      551      1137     214      216      330      254      1074     689      889      539      778      675      1025     1073     1123     1095     326      714      919      379      614      853      383      908      288      897      643      1114     563      1098     825      96       
5        2940     235      742      516      736      0        818      1052     389      232      1047     587      746      922      753      449      591      155      359      42       457      992      1067     940      1093     895      34       736      566      198      1073     444      1073     455      432      384      858      924      904      89       832      
6        9080     594      944      376      442      818      0        498      701      586      737      588      226      228      187      972      415      965      471      849      490      619      654      760      674      198      814      597      252      626      411      382      467      543      741      513      785      130      744      890      457      
7        12460    823      768      544      934      1052     498      0        1098     855      311      1048     720      700      682      979      461      1162     712      1066     596      206      191      415      202      677      1063     412      624      860      142      733      66       963      752      667      503      403      422      1091     955      
8        2470     395      1048     583      424      389      701      1098     0        330      1199     225      533      705      558      819      695      520      432      431      603      1111     1178     1132     1203     688      358      910      481      379      1068     365      1096     161      723      533      1080     830      1098     474      515      
9        3960     66       720      311      551      232      586      855      330      0        901      453      525      697      528      530      407      382      142      265      291      827      899      818      925      668      228      599      334      63       861      214      869      306      397      215      757      694      783      308      644      
10       12930    850      547      616      1137     1047     737      311      1199     901      0        1205     937      960      901      842      503      1122     771      1049     610      119      125      150      128      932      1068     311      775      883      453      849      376      1092     657      687      265      675      179      1062     1177     
11       4690     516      1155     603      214      587      588      1048     225      453      1205     0        379      530      413      981      716      731      497      630      661      1103     1161     1165     1185     520      560      948      432      515      990      366      1033     147      841      608      1134     718      1135     676      297      
12       7650     557      1053     444      216      746      226      720      533      525      937      379      0        179      38       1002     528      901      457      784      550      822      866      938      887      157      732      747      237      580      637      313      692      372      795      540      942      349      916      829      240      
13       9420     724      1161     567      330      922      228      700      705      697      960      530      179      0        169      1151     628      1076     615      959      680      841      870      989      888      33       910      823      383      750      589      483      658      546      932      685      1013     297      972      1004     298      
14       7860     555      1031     423      254      753      187      682      558      528      901      413      38       169      0        993      502      907      450      790      532      786      829      905      850      142      741      718      223      581      598      314      653      397      780      528      912      310      884      834      277      
15       7380     473      363      596      1074     449      972      979      819      530      842      981      1002     1151     993      0        585      405      547      417      482      838      912      700      934      1119     483      572      769      467      1058     700      1025     834      239      466      589      1032     666      392      1164     
16       8030     367      533      114      689      591      415      461      695      407      503      716      528      628      502      585      0        702      270      605      135      420      492      448      517      594      604      233      309      403      498      351      487      593      346      207      425      451      419      631      752      
17       3600     373      745      642      889      155      965      1162     520      382      1122     731      901      1076     907      405      702      0        498      117      567      1080     1157     1002     1181     1049     174      814      716      339      1196     596      1189     605      472      500      908      1066     965      75       985      
18       5360     125      660      169      539      359      471      712      432      142      771      497      457      615      450      547      270      498      0        385      171      691      762      699      787      583      363      478      232      161      719      155      727      356      358      111      651      568      666      423      623      
19       3210     260      722      536      778      42       849      1066     431      265      1049     630      784      959      790      417      605      117      385      0        470      998      1074     938      1099     931      73       738      599      224      1093     479      1090     498      421      399      852      952      901      46       874      
20       6840     241      511      114      675      457      490      596      603      291      610      661      550      680      532      482      135      567      171      470      0        540      614      530      640      647      472      309      313      275      632      300      622      525      252      77       479      553      496      495      751      
21       12230    781      583      529      1025     992      619      206      1111     827      119      1103     822      841      786      838      420      1080     691      998      540      0        76       210      101      813      1009     272      671      816      345      754      272      996      631      617      307      555      221      1016     1063     
22       12950    855      646      597      1073     1067     654      191      1178     899      125      1161     866      870      829      912      492      1157     762      1074     614      76       0        257      25       844      1084     348      729      890      334      818      255      1058     707      691      365      577      277      1092     1106     
23       12020    761      396      562      1123     940      760      415      1132     818      150      1165     938      989      905      700      448      1002     699      938      530      210      257      0        269      958      964      221      748      791      550      800      480      1041     530      603      115      722      37       946      1175     
24       13210    881      661      623      1095     1093     674      202      1203     925      128      1185     887      888      850      934      517      1181     787      1099     640      101      25       269      0        863      1110     371      753      916      343      843      264      1083     730      717      380      594      292      1117     1127     
25       9220     694      1128     534      326      895      198      677      688      668      932      520      157      33       142      1119     594      1049     583      931      647      813      844      958      863      0        883      791      352      720      570      454      636      528      899      652      981      275      941      976      304      
26       2610     241      773      524      714      34       814      1063     358      228      1068     560      732      910      741      483      604      174      363      73       472      1009     1084     964      1110     883      0        757      561      204      1080     435      1083     431      461      397      883      922      927      116      810      
27       9870     544      377      345      919      736      597      412      910      599      311      948      747      823      718      572      233      814      478      738      309      272      348      221      371      791      757      0        540      576      511      582      464      821      359      384      195      591      188      752      978      
28       6660     348      820      211      379      566      252      624      481      334      775      432      237      383      223      769      309      716      232      599      313      671      729      748      753      352      561      540      0        378      586      131      617      339      558      304      734      368      721      641      445      
29       4110     37       668      319      614      198      626      860      379      63       883      515      580      750      581      467      403      339      161      224      275      816      890      791      916      720      204      576      378      0        876      267      879      368      344      198      724      727      756      263      707      
30       12390    839      882      557      853      1073     411      142      1068     861      453      990      637      589      598      1058     498      1196     719      1093     632      345      334      550      343      570      1080     511      586      876      0        708      79       922      822      695      630      296      554      1123     862      
31       5350     243      808      237      383      444      382      733      365      214      849      366      313      483      314      700      351      596      155      479      300      754      818      800      843      454      435      582      131      267      708      0        733      243      513      260      768      500      770      522      467      
32       12550    842      827      560      908      1073     467      66       1096     869      376      1033     692      658      653      1025     487      1189     727      1090     622      272      255      480      264      636      1083     464      617      879      79       733      0        956      794      691      567      361      487      1118     922      
33       3970     368      1011     479      288      455      543      963      161      306      1092     147      372      546      397      834      593      605      356      498      525      996      1058     1041     1083     528      431      821      339      368      922      243      956      0        695      467      1003     673      1009     544      383      
34       7180     331      324      367      897      432      741      752      723      397      657      841      795      932      780      239      346      472      358      421      252      631      707      530      730      899      461      359      558      344      822      513      794      695      0        256      435      795      493      422      980      
35       6070     164      550      147      643      384      513      667      533      215      687      608      540      685      528      466      207      500      111      399      77       617      691      603      717      652      397      384      304      198      695      260      691      467      256      0        547      590      568      427      724      
36       11300    697      282      533      1114     858      785      503      1080     757      265      1134     942      1013     912      589      425      908      651      852      479      307      365      115      380      981      883      195      734      724      630      768      567      1003     435      547      0        765      88       856      1173     
37       10320    693      958      445      563      924      130      403      830      694      675      718      349      297      310      1032     451      1066     568      952      553      555      577      722      594      275      922      591      368      727      296      500      361      673      795      590      765      0        712      991      567      
38       11660    726      370      532      1098     904      744      422      1098     783      179      1135     916      972      884      666      419      965      666      901      496      221      277      37       292      941      927      188      721      756      554      770      487      1009     493      568      88       712      0        909      1152     
39       3470     297      712      568      825      89       890      1091     474      308      1062     676      829      1004     834      392      631      75       423      46       495      1016     1092     946      1117     976      116      752      641      263      1123     522      1118     544      422      427      856      991      909      0        921      
40       7620     694      1262     656      96       832      457      955      515      644      1177     297      240      298      277      1164     752      985      623      874      751      1063     1106     1175     1127     304      810      978      445      707      862      467      922      383      980      724      1173     567      1152     921      0        
;

