

sets
i        orders          /0*20/
k        routes          /1*20/
p        positions       /0*20/
;

alias(i,j)
alias(i,h)
alias(i,hh)
alias(i,jj)
alias(k,kk)
                            Parameters

rho(i)	Processing time
/
0	0
1	47
2	28
3	19
4	24
5	2
6	29
7	9
8	54
9	56
10	7
11	98
12	25
13	48
14	70
15	49
16	75
17	95
18	29
19	87
20	94
/

gamma(i)	Duedate
/
0	0
1	84
2	39
3	70
4	76
5	70
6	90
7	29
8	98
9	83
10	65
11	71
12	55
13	69
14	76
15	16
16	46
17	39
18	82
19	15
20	99
/

sigma(i)	Size
/
0	0
1	8
2	3
3	5
4	4
5	6
6	2
7	4
8	8
9	7
10	8
11	5
12	5
13	4
14	1
15	5
16	8
17	3
18	6
19	7
20	6
/

epsilon(i)	Priority
/
0	0
1	8
2	4
3	8
4	4
5	5
6	3
7	2
8	8
9	5
10	7
11	3
12	4
13	9
14	4
15	4
16	2
17	6
18	4
19	1
20	6
/

psi	Vehicle Capacity
/ 18 /
;

Table kappa(i,j)                 Setup
         0        1        2        3        4        5        6        7        8        9        10       11       12       13       14       15       16       17       18       19       20       
0        0        1036     656      423      932      524      836      1059     161      435      1003     483      1057     733      335      188      99       152      170      1145     442      
1        1036     0        642      754      701      518      449      241      883      648      141      740      394      313      935      855      945      991      1097     202      786      
2        656      642      0        233      1021     448      779      526      505      264      703      177      905      381      787      558      609      712      799      640      227      
3        423      754      233      0        954      374      752      701      278      132      774      62       925      445      592      346      383      491      572      805      49       
4        932      701      1021     954      0        586      268      918      860      825      563      988      360      684      633      767      839      799      875      903      1003     
5        524      518      448      374      586      0        379      591      382      242      478      402      569      243      443      339      429      473      580      653      422      
6        836      449      779      752      268      379      0        654      726      619      321      775      227      422      610      651      738      733      829      650      799      
7        1059     241      526      701      918      591      654      0        898      630      377      669      634      347      1034     897      979      1048     1154     117      721      
8        161      883      505      278      860      382      726      898      0        274      859      340      938      576      349      102      105      215      294      985      306      
9        435      648      264      132      825      242      619      630      274      0        655      163      794      335      523      303      368      460      556      725      180      
10       1003     141      703      774      563      478      321      377      859      655      0        771      256      332      860      816      907      938      1043     342      813      
11       483      740      177      62       988      402      775      669      340      163      771      0        937      439      652      407      445      553      634      776      53       
12       1057     394      905      925      360      569      227      634      938      794      256      937      0        524      837      870      958      959      1056     588      969      
13       733      313      381      445      684      243      422      347      576      335      332      439      524      0        687      560      646      706      813      416      482      
14       335      935      787      592      633      443      610      1034     349      523      860      652      837      687      0        253      270      183      241      1092     632      
15       188      855      558      346      767      339      651      897      102      303      816      407      870      560      253      0        90       157      258      976      383      
16       99       945      609      383      839      429      738      979      105      368      907      445      958      646      270      90       0        112      190      1061     411      
17       152      991      712      491      799      473      733      1048     215      460      938      553      959      706      183      157      112      0        107      1122     521      
18       170      1097     799      572      875      580      829      1154     294      556      1043     634      1056     813      241      258      190      107      0        1229     597      
19       1145     202      640      805      903      653      650      117      985      725      342      776      588      416      1092     976      1061     1122     1229     0        828      
20       442      786      227      49       1003     422      799      721      306      180      813      53       969      482      632      383      411      521      597      828      0        
;



Table delta(i,j)                 Distance
         0        1        2        3        4        5        6        7        8        9        10       11       12       13       14       15       16       17       18       19       20       
0        0        460      630      340      350      550      80       470      640      360      60       90       390      410      370      620      370      510      670      590      280      
1        460      0        30       63       72       13       52       24       18       35       45       54       30       81       52       23       77       83       35       32       51       
2        630      30       0        89       76       39       65       16       30       65       64       68       61       86       48       10       82       109      62       5        52       
3        340      63       89       0        63       66       39       75       80       33       29       38       39       65       71       85       62       19       67       87       62       
4        350      72       76       63       0        84       26       61       89       71       41       26       74       10       29       80       6        74       100      71       24       
5        550      13       39       66       84       0        62       36       14       34       52       63       29       93       65       30       88       85       23       42       63       
6        80       52       65       39       26       62       0        49       70       45       14       2        48       33       32       66       29       55       75       61       24       
7        470      24       16       75       61       36       49       0        33       53       48       51       50       71       34       18       66       94       59       13       37       
8        640      18       30       80       89       14       70       33       0        48       63       72       43       99       66       20       94       98       33       34       66       
9        360      35       65       33       71       34       45       53       48       0        31       45       6        78       65       58       74       50       35       65       59       
10       60       45       64       29       41       52       14       48       63       31       0        14       34       47       42       62       43       47       63       61       34       
11       90       54       68       38       26       63       2        51       72       45       14       0        48       32       34       68       28       53       76       64       26       
12       390      30       61       39       74       29       48       50       43       6        34       48       0        81       65       54       77       56       29       61       60       
13       410      81       86       65       10       93       33       71       99       78       47       32       81       0        39       90       4        75       108      81       34       
14       370      52       48       71       29       65       32       34       66       65       42       34       65       39       0        53       35       87       85       42       8        
15       620      23       10       85       80       30       66       18       20       58       62       68       54       90       53       0        85       105      52       14       56       
16       370      77       82       62       6        88       29       66       94       74       43       28       77       4        35       85       0        73       104      77       30       
17       510      83       109      19       74       85       55       94       98       50       47       53       56       75       87       105      73       0        83       107      79       
18       670      35       62       67       100      23       75       59       33       35       63       76       29       108      85       52       104      83       0        65       82       
19       590      32       5        87       71       42       61       13       34       65       61       64       61       81       42       14       77       107      65       0        47       
20       280      51       52       62       24       63       24       37       66       59       34       26       60       34       8        56       30       79       82       47       0        
;

