

sets
i        orders          /0*20/
k        routes          /1*20/
p        positions       /0*20/
;

alias(i,j)
alias(i,h)
alias(i,hh)
alias(i,jj)
alias(k,kk)
                            Parameters

rho(i)	Processing time
/
0	0
1	83
2	78
3	73
4	20
5	41
6	87
7	83
8	13
9	18
10	47
11	27
12	32
13	95
14	42
15	13
16	85
17	26
18	92
19	4
20	24
/

gamma(i)	Duedate
/
0	0
1	92
2	17
3	15
4	11
5	60
6	76
7	99
8	76
9	55
10	71
11	57
12	81
13	77
14	70
15	39
16	74
17	8
18	54
19	36
20	67
/

sigma(i)	Size
/
0	0
1	4
2	9
3	8
4	3
5	7
6	4
7	1
8	2
9	5
10	2
11	2
12	5
13	6
14	6
15	4
16	8
17	9
18	8
19	7
20	4
/

epsilon(i)	Priority
/
0	0
1	1
2	4
3	2
4	9
5	2
6	9
7	5
8	7
9	6
10	1
11	1
12	6
13	2
14	2
15	8
16	6
17	6
18	3
19	4
20	2
/

psi	Vehicle Capacity
/ 123 /
;

Table kappa(i,j)                 Setup
         0        1        2        3        4        5        6        7        8        9        10       11       12       13       14       15       16       17       18       19       20       
0        0        315      1128     586      536      214      293      673      915      580      193      627      325      252      933      440      490      478      292      690      72       
1        315      0        1123     656      406      124      379      766      657      763      196      823      561      339      840      269      694      306      174      693      258      
2        1128     1123     0        550      731      1174     835      498      920      710      1229     729      910      880      372      865      789      836      1276     441      1161     
3        586      656      550      0        377      671      303      112      794      257      713      314      368      350      469      458      288      452      778      155      628      
4        536      406      731      377      0        486      309      484      452      596      555      661      542      321      433      137      577      105      574      336      532      
5        214      124      1174     671      486      0        373      775      778      736      75       791      506      327      918      357      656      397      107      735      148      
6        293      379      835      303      309      373      0        403      752      386      410      448      241      46       651      284      327      306      480      396      327      
7        673      766      498      112      484      775      403      0        886      225      813      265      415      450      500      571      292      563      882      202      721      
8        915      657      920      794      452      778      752      886      0        1037     853      1100     991      753      547      484      1027     452      819      693      885      
9        580      763      710      257      596      736      386      225      1037     0        754      65       264      423      717      639      97       645      840      405      642      
10       193      196      1229     713      555      75       410      813      853      754      0        805      510      363      984      429      668      469      100      788      121      
11       627      823      729      314      661      791      448      265      1100     65       805      0        304      484      764      704      137      711      894      457      692      
12       325      561      910      368      542      506      241      415      991      264      510      304      0        252      816      525      168      547      603      514      392      
13       252      339      880      350      321      327      46       450      753      423      363      484      252      0        685      275      358      302      434      439      281      
14       933      840      372      469      433      918      651      500      547      717      984      764      816      685      0        570      758      534      1008     314      945      
15       440      269      865      458      137      357      284      571      484      639      429      704      525      275      570      0        599      40       439      453      423      
16       490      694      789      288      577      656      327      292      1027     97       668      137      168      358      758      599      0        611      757      444      554      
17       478      306      836      452      105      397      306      563      452      645      469      711      547      302      534      40       611      0        478      433      463      
18       292      174      1276     778      574      107      480      882      819      840      100      894      603      434      1008     439      757      478      0        838      220      
19       690      693      441      155      336      735      396      202      693      405      788      457      514      439      314      453      444      433      838      0        719      
20       72       258      1161     628      532      148      327      721      885      642      121      692      392      281      945      423      554      463      220      719      0        
;



Table delta(i,j)                 Distance
         0        1        2        3        4        5        6        7        8        9        10       11       12       13       14       15       16       17       18       19       20       
0        0        480      190      310      230      620      430      280      300      930      670      890      960      560      650      510      480      250      480      830      340      
1        480      0        54       54       52       27       8        23       55       45       21       40       75       61       31       54       3        23       44       58       40       
2        190      54       0        13       42       73       46       39       49       99       75       92       112      39       60       70       52       32       65       98       51       
3        310      54       13       0        54       76       45       45       61       98       75       89       119      26       53       79       51       36       73       104      60       
4        230      52       42       54       0        54       51       29       6        90       65       91       77       78       77       30       53       33       30       68       18       
5        620      27       73       76       54       0        35       34       54       38       16       44       48       87       55       40       30       40       31       31       36       
6        430      8        46       45       51       35       0        21       55       53       30       46       83       52       27       58       6        19       48       66       41       
7        280      23       39       45       29       34       21       0        33       65       39       63       74       61       49       39       24       8        30       59       21       
8        300      55       49       61       6        54       55       33       0        91       66       93       73       84       81       25       56       38       27       65       17       
9        930      45       99       98       90       38       53       65       91       0        26       16       69       99       54       78       47       68       69       53       74       
10       670      21       75       75       65       16       30       39       66       26       0        28       61       81       43       56       24       43       46       43       48       
11       890      40       92       89       91       44       46       63       93       16       28       0        83       86       40       84       41       64       74       66       76       
12       960      75       112      119      77       48       83       74       73       69       61       83       0        134      104      48       79       82       48       18       62       
13       560      61       39       26       78       87       52       61       84       99       81       86       134      0        46       100      58       53       92       118      81       
14       650      31       60       53       77       55       27       49       81       54       43       40       104      46       0        85       28       44       75       86       69       
15       510      54       70       79       30       40       58       39       25       78       56       84       48       100      85       0        57       47       10       41       19       
16       480      3        52       51       53       30       6        24       56       47       24       41       79       58       28       57       0        23       47       61       42       
17       250      23       32       36       33       40       19       8        38       68       43       64       82       53       44       47       23       0        39       67       28       
18       480      44       65       73       30       31       48       30       27       69       46       74       48       92       75       10       47       39       0        38       13       
19       830      58       98       104      68       31       66       59       65       53       43       66       18       118      86       41       61       67       38       0        50       
20       340      40       51       60       18       36       41       21       17       74       48       76       62       81       69       19       42       28       13       50       0        
;

