
sets
i        orders          /0*40/
k        routes          /1*40/
p        positions       /0*40/
;

alias(i,j)
alias(i,h)
alias(i,hh)
alias(i,jj)
alias(k,kk)
                
                    Parameters

rho(i)	Processing time
/
0	0
1	1
2	28
3	7
4	25
5	55
6	78
7	37
8	4
9	73
10	7
11	37
12	28
13	82
14	59
15	76
16	16
17	94
18	1
19	34
20	6
21	98
22	73
23	57
24	95
25	31
26	10
27	37
28	75
29	1
30	15
31	86
32	97
33	8
34	26
35	98
36	81
37	98
38	86
39	28
40	92
/

gamma(i)	Duedate
/
0	0
1	26
2	65
3	43
4	53
5	31
6	85
7	92
8	20
9	61
10	21
11	83
12	46
13	96
14	73
15	70
16	35
17	49
18	66
19	93
20	36
21	22
22	99
23	91
24	24
25	73
26	56
27	16
28	92
29	98
30	64
31	88
32	41
33	99
34	23
35	31
36	16
37	14
38	75
39	22
40	48
/

sigma(i)	Size
/
0	0
1	4
2	5
3	8
4	7
5	7
6	6
7	7
8	3
9	7
10	5
11	7
12	2
13	2
14	6
15	6
16	4
17	1
18	1
19	7
20	8
21	5
22	3
23	7
24	1
25	3
26	7
27	2
28	2
29	6
30	3
31	3
32	5
33	8
34	9
35	3
36	7
37	7
38	1
39	2
40	4
/

epsilon(i)	Priority
/
0	0
1	8
2	4
3	7
4	8
5	1
6	7
7	2
8	3
9	4
10	5
11	8
12	7
13	5
14	2
15	6
16	5
17	5
18	8
19	6
20	5
21	9
22	7
23	6
24	4
25	5
26	9
27	3
28	3
29	2
30	1
31	9
32	5
33	1
34	3
35	4
36	7
37	8
38	5
39	5
40	9
/

psi	Vehicle Capacity
/ 43 /
;

Table kappa(i,j)                 Setup
         0        1        2        3        4        5        6        7        8        9        10       11       12       13       14       15       16       17       18       19       20       21       22       23       24       25       26       27       28       29       30       31       32       33       34       35       36       37       38       39       40       
0        0        564      1004     428      575      257      812      364      289      729      857      763      82       477      1234     915      993      282      492      835      349      1105     1165     224      405      964      1091     521      880      820      861      648      1032     139      232      1116     574      533      780      855      393      
1        564      0        465      530      315      749      359      227      377      166      683      638      528      738      749      447      548      283      148      301      828      603      656      598      385      562      552      589      471      731      576      293      594      471      774      599      748      488      346      296      183      
2        1004     465      0        980      508      1210     556      639      842      333      670      693      952      1022     323      560      647      737      599      168      1291     178      211      1063     693      715      87       817      657      775      841      638      290      929      1226     151      979      699      291      291      648      
3        428      530      980      0        747      393      562      495      208      647      1112     1035     479      880      1278     654      698      366      384      827      427      1131     1182     244      666      640      1063     856      578      1115     488      392      1122     301      478      1123     957      816      866      732      378      
4        575      315      508      747      0        821      667      256      546      402      377      322      504      515      671      744      849      390      427      363      912      558      620      714      193      872      586      319      782      415      891      606      460      555      807      580      486      203      228      519      376      
5        257      749      1210     393      821      0        915      588      387      906      1114     1020     339      699      1464     1015     1073     473      639      1042     91       1328     1387     166      660      1025     1298     774      953      1075     882      739      1270     281      100      1334     808      791      1013     1020     565      
6        812      359      556      562      667      915      0        560      538      291      1015     983      806      1085     879      103      192      548      331      471      971      733      765      748      741      205      618      948      118      1077     285      175      803      684      973      706      1105     848      619      265      440      
7        364      227      639      495      256      588      560      0        291      389      617      544      314      526      876      656      752      134      242      471      676      743      802      465      198      751      726      411      659      628      719      441      683      311      591      751      555      339      425      521      148      
8        289      377      842      208      546      387      538      291      0        524      905      827      312      692      1121     641      711      159      253      679      458      977      1032     226      458      677      929      651      595      906      573      367      947      151      436      976      760      607      688      634      198      
9        729      166      333      647      402      906      291      389      524      0        728      704      694      879      644      350      455      448      273      197      981      494      540      750      523      492      415      710      409      798      561      316      529      632      936      480      875      599      327      132      342      
10       857      683      670      1112     377      1114     1015     617      905      728      0        99       775      557      646      1078     1182     746      804      602      1206     610      661      1040     462      1219     713      367      1133     119      1259     977      443      881      1074     654      455      323      419      815      750      
11       763      638      693      1035     322      1020     983      544      827      704      99       0        680      460      711      1053     1158     669      747      602      1111     657      712      951      375      1188     746      268      1100     94       1214     929      498      794      977      697      364      230      419      802      683      
12       82       528      952      479      504      339      806      314      312      694      775      680      0        406      1169     909      992      260      477      784      431      1044     1105     298      327      970      1038     438      883      737      883      649      963      177      306      1057     497      451      716      823      371      
13       477      738      1022     880      515      699      1085     526      692      879      557      460      406      0        1133     1180     1278     575      764      878      781      1047     1108     701      356      1277     1096     214      1185     467      1230     962      912      580      625      1077     119      325      733      1008     660      
14       1234     749      323      1278     671      1464     879      876      1121     644      646      711      1169     1133     0        878      958      994      894      453      1550     150      116      1331     864      1032     268      919      978      765      1164     957      221      1184     1465     173      1060     814      454      615      922      
15       915      447      560      654      744      1015     103      656      641      350      1078     1053     909      1180     878      0        104      650      433      505      1069     738      762      848      832      155      611      1035     109      1147     303      275      827      787      1075     705      1195     932      669      283      542      
16       993      548      647      698      849      1073     192      752      711      455      1182     1158     992      1278     958      104      0        737      522      605      1121     822      842      908      932      87       690      1138     120      1252     277      345      921      861      1140     786      1296     1035     772      381      631      
17       282      283      737      366      390      473      548      134      159      448      746      669      260      575      994      650      737      0        217      569      557      856      914      337      303      720      825      504      631      749      655      399      809      192      491      860      628      452      549      573      112      
18       492      148      599      384      427      639      331      242      253      273      804      747      477      764      894      433      522      217      0        443      711      747      798      479      437      513      685      651      421      837      480      199      743      376      679      740      797      567      493      381      109      
19       835      301      168      827      363      1042     471      471      679      197      602      602      784      878      453      505      605      569      443      0        1124     304      355      897      537      658      256      681      584      692      751      514      334      761      1058     297      847      563      184      223      482      
20       349      828      1291     427      912      91       971      676      458      981      1206     1111     431      781      1550     1069     1121     557      711      1124     0        1413     1471     231      752      1067     1379     864      1001     1166     913      796      1359     366      158      1417     891      882      1101     1092     644      
21       1105     603      178      1131     558      1328     733      743      977      494      610      657      1044     1047     150      738      822      856      747      304      1413     0        61       1191     752      892      143      834      835      726      1018     807      171      1047     1334     48       985      722      331      468      779      
22       1165     656      211      1182     620      1387     765      802      1032     540      661      712      1105     1108     116      762      842      914      798      355      1471     61       0        1248     814      916      152      894      863      777      1050     849      218      1106     1394     60       1044     783      393      502      834      
23       224      598      1063     244      714      166      748      465      226      750      1040     951      298      701      1331     848      908      337      479      897      231      1191     1248     0        577      861      1150     729      788      1017     725      573      1147     159      237      1193     795      720      886      860      415      
24       405      385      693      666      193      660      741      198      458      523      462      375      327      356      864      832      932      303      437      537      752      752      814      577      0        939      773      213      846      449      917      636      650      419      633      773      364      149      421      652      347      
25       964      562      715      640      872      1025     205      751      677      492      1219     1188     970      1277     1032     155      87       720      513      658      1067     892      916      861      939      0        764      1148     92       1283     193      321      983      828      1096     859      1303     1051     817      438      620      
26       1091     552      87       1063     586      1298     618      726      929      415      713      746      1038     1096     268      611      690      825      685      256      1379     143      152      1150     773      764      0        888      713      823      901      714      297      1017     1314     99       1047     771      362      358      735      
27       521      589      817      856      319      774      948      411      651      710      367      268      438      214      919      1035     1138     504      651      681      864      834      894      729      213      1148     888      0        1056     304      1130     849      698      580      722      865      166      118      526      833      559      
28       880      471      657      578      782      953      118      659      595      409      1133     1100     883      1185     978      109      120      631      421      584      1001     835      863      788      846      92       713      1056     0        1194     194      233      914      745      1021     804      1210     959      736      370      529      
29       820      731      775      1115     415      1075     1077     628      906      798      119      94       737      467      765      1147     1252     749      837      692      1166     726      777      1017     449      1283     823      304      1194     0        1306     1021     560      862      1026     768      357      300      508      895      770      
30       861      576      841      488      891      882      285      719      573      561      1259     1214     883      1230     1164     303      277      655      480      751      913      1018     1050     725      917      193      901      1130     194      1306     0        285      1085     722      962      990      1273     1046     885      550      574      
31       648      293      638      392      606      739      175      441      367      316      977      929      649      962      957      275      345      399      199      514      796      807      849      573      636      321      714      849      233      1021     285      0        843      515      799      789      996      762      620      360      302      
32       1032     594      290      1122     460      1270     803      683      947      529      443      498      963      912      221      827      921      809      743      334      1359     171      218      1147     650      983      297      698      914      560      1085     843      0        994      1264     218      840      593      260      545      750      
33       139      471      929      301      555      281      684      311      151      632      881      794      177      580      1184     787      861      192      376      761      366      1047     1106     159      419      828      1017     580      745      862      722      515      994      0        304      1052     663      564      735      752      289      
34       232      774      1226     478      807      100      973      591      436      936      1074     977      306      625      1465     1075     1140     491      679      1058     158      1334     1394     237      633      1096     1314     722      1021     1026     962      799      1264     304      0        1343     738      752      1011     1056     593      
35       1116     599      151      1123     580      1334     706      751      976      480      654      697      1057     1077     173      705      786      860      740      297      1417     48       60       1193     773      859      99       865      804      768      990      789      218      1052     1343     0        1019     751      352      441      778      
36       574      748      979      957      486      808      1105     555      760      875      455      364      497      119      1060     1195     1296     628      797      847      891      985      1044     795      364      1303     1047     166      1210     357      1273     996      840      663      738      1019     0        284      687      999      698      
37       533      488      699      816      203      791      848      339      607      599      323      230      451      325      814      932      1035     452      567      563      882      722      783      720      149      1051     771      118      959      300      1046     762      593      564      752      751      284      0        409      720      486      
38       780      346      291      866      228      1013     619      425      688      327      419      419      716      733      454      669      772      549      493      184      1101     331      393      886      421      817      362      526      736      508      885      620      260      735      1011     352      687      409      0        397      492      
39       855      296      291      732      519      1020     265      521      634      132      815      802      823      1008     615      283      381      573      381      223      1092     468      502      860      652      438      358      833      370      895      550      360      545      752      1056     441      999      720      397      0        464      
40       393      183      648      378      376      565      440      148      198      342      750      683      371      660      922      542      631      112      109      482      644      779      834      415      347      620      735      559      529      770      574      302      750      289      593      778      698      486      492      464      0        
;



Table delta(i,j)                 Distance
         0        1        2        3        4        5        6        7        8        9        10       11       12       13       14       15       16       17       18       19       20       21       22       23       24       25       26       27       28       29       30       31       32       33       34       35       36       37       38       39       40       
0        0        4760     4920     8780     2280     9660     6080     6460     2920     4440     6340     6720     7360     8300     4880     8320     7020     7100     6400     5160     1580     5720     4660     3760     5420     7120     8200     1980     4000     3200     8180     3300     5940     3640     5300     6800     9620     6560     6160     5060     5600     
1        4760     0        15       211      151      266      142      89       176      165      125      240      339      178      228      277      144      122      127      219      158      52       164      54       119      280      188      206      88       77       245      163      205      184      193      103      271      98       243      41       49       
2        4920     15       0        211      163      268      154      89       191      181      135      254      354      173      244      289      129      110      112      234      167      54       179      66       133      295      189      218      82       85       255      178      219      199      208      94       275      99       258      53       36       
3        8780     211      211      0        332      65       167      121      332      271      134      246      361      68       317      208      218      151      239      295      361      159      261      252      189      284      34       379      291      284      157      311      243      316      261      142      83       113      279      186      191      
4        2280     151      163      332      0        372      189      224      49       112      205      227      280      318      150      303      288      273      263      158      60       189      121      97       156      252      301      55       156      86       294      59       186      83       156      253      368      227      205      153      199      
5        9660     266      268      65       372      0        190      179      364      295      166      244      351      133      331      184      283      217      304      307      408      214      284      301      219      276      78       415      350      335      138      342      251      343      275      207      26       168      282      236      252      
6        6080     142      154      167      189      190      0        117      174      105      39       107      220      186      150      136      255      198      252      129      235      116      94       145      33       150      133      226      227      178      110      152      85       153      95       174      182      108      126      101      167      
7        6460     89       89       121      224      179      117      0        235      194      81       224      337      94       253      232      141      81       146      236      244      37       187      134      116      267      101      276      171      164      189      217      201      230      203      57       187      13       242      71       74       
8        2920     176      191      332      49       364      174      235      0        78       199      190      232      328      103      272      320      295      298      113      108      205      89       125      145      210      299      53       200      126      270      22       151      36       119      273      357      235      162      167      225      
9        4440     165      181      271      112      295      105      194      78       0        137      115      182      280      63       193      307      267      293      55       170      173      11       131      83       142      237      131      221      151      193      57       74       49       44       243      285      190      95       138      210      
10       6340     125      135      134      205      166      39       81       199      137      0        143      258      147      187      156      221      162      222      167      244      88       128      143      55       186      100      248      213      177      120      177      124      182      133      138      163      70       165      85       140      
11       6720     240      254      246      227      244      107      224      190      115      143      0        116      282      106      88       362      305      358      84       285      222      106      226      120      43       214      241      316      253      110      171      41       155      71       281      225      214      41       201      271      
12       7360     339      354      361      280      351      220      337      232      182      258      116      0        399      129      171      471      418      464      126      340      331      179      313      226      76       330      270      403      333      212      222      137      197      146      394      329      328      97       305      377      
13       8300     178      173      68       318      133      186      94       328      280      147      282      399      0        334      261      152      88       176      314      336      129      271      227      197      324      79       370      246      255      211      309      270      320      280      86       152      92       310      165      145      
14       4880     228      244      317      150      331      150      253      103      63       187      106      129      334      0        195      370      328      356      23       210      235      66       192      137      113      283      146      281      208      210      92       80       67       56       304      316      247      69       201      273      
15       8320     277      289      208      303      184      136      232      272      193      156      88       171      261      195      0        373      309      378      172      357      244      183      279      164      101      183      324      363      311      50       251      121      239      153      287      161      219      128      236      296      
16       7020     144      129      218      288      283      255      141      320      307      221      362      471      152      370      373      0        68       35       358      278      140      304      194      245      404      216      343      152      203      329      308      333      329      329      86       301      153      374      169      97       
17       7100     122      110      151      273      217      198      81       295      267      162      305      418      88       328      309      68       0        88       313      277      93       262      176      195      348      148      328      168      196      263      279      281      296      281      24       233      91       322      130      75       
18       6400     127      112      239      263      304      252      146      298      293      222      358      464      176      356      378      35       88       0        346      248      136      291      172      238      400      233      318      120      177      336      288      327      310      319      99       319      159      367      159      86       
19       5160     219      234      295      158      307      129      236      113      55       167      84       126      314      23       172      358      313      346      0        218      221      55       187      119      97       261      161      277      206      186      99       57       77       34       289      293      230      50       189      261      
20       1580     158      167      361      60       408      235      244      108      170      244      285      340      336      210      357      278      277      248      218      0        207      179      109      202      312      333      88       130      81       344      119      244      142      215      261      407      250      264      175      201      
21       5720     52       54       159      189      214      116      37       205      173      88       222      331      129      235      244      140      93       136      221      207      0        168      97       105      265      136      242      136      127      206      188      193      204      190      70       220      46       234      38       51       
22       4660     164      179      261      121      284      94       187      89       11       128      106      179      271      66       183      304      262      291      55       179      168      0        133      74       135      227      142      224      155      181      68       65       60       37       238      274      183      89       135      207      
23       3760     54       66       252      97       301      145      134      125      131      143      226      313      227      192      279      194      176      172      187      109      97       133      0        114      262      225      152      91       34       255      115      187      139      167      157      302      140      220      66       102      
24       5420     119      133      189      156      219      33       116      145      83       55       120      226      197      137      164      245      195      238      119      202      105      74       114      0        162      155      195      199      147      143      123      88       127      86       170      212      110      129      80       152      
25       7120     280      295      284      252      276      150      267      210      142      186      43       76       324      113      101      404      348      400      97       312      265      135      262      162      0        253      258      353      288      138      194      76       174      98       324      255      257      47       243      314      
26       8200     188      189      34       301      78       133      101      299      237      100      214      330      79       283      183      216      148      233      261      333      136      227      225      155      253      0        347      272      258      132      278      210      283      227      134      87       90       246      159      174      
27       1980     206      218      379      55       415      226      276      53       131      248      241      270      370      146      324      343      328      318      161      88       242      142      152      195      258      347      0        207      140      324      74       203      85       171      308      408      277      211      205      254      
28       4000     88       82       291      156      350      227      171      200      221      213      316      403      246      281      363      152      168      120      277      130      136      224      91       199      353      272      207      0        74       333      196      277      222      259      161      357      182      311      128      101      
29       3200     77       85       284      86       335      178      164      126      151      177      253      333      255      208      311      203      196      177      206      81       127      155      34       147      288      258      140      74       0        289      122      213      147      191      179      336      171      244      99       120      
30       8180     245      255      157      294      138      110      189      270      193      120      110      212      211      210      50       329      263      336      186      344      206      181      255      143      138      132      324      333      289      0        249      129      241      159      242      117      176      151      204      257      
31       3300     163      178      311      59       342      152      217      22       57       177      171      222      309      92       251      308      279      288      99       119      188      68       115      123      194      278      74       196      122      249      0        132      25       100      257      334      216      146      150      212      
32       5940     205      219      243      186      251      85       201      151      74       124      41       137      270      80       121      333      281      327      57       244      193      65       187      88       76       210      203      277      213      129      132      0        117      32       257      236      192      41       168      240      
33       3640     184      199      316      83       343      153      230      36       49       182      155      197      320      67       239      329      296      310      77       142      204      60       139      127      174      283      85       222      147      241      25       117      0        85       274      334      228      126      166      232      
34       5300     193      208      261      156      275      95       203      119      44       133      71       146      280      56       153      329      281      319      34       215      190      37       167      86       98       227      171      259      191      159      100      32       85       0        257      262      196      52       160      233      
35       6800     103      94       142      253      207      174      57       273      243      138      281      394      86       304      287      86       24       99       289      261      70       238      157      170      324      134      308      161      179      242      257      257      274      257      0        221      68       298      107      61       
36       9620     271      275      83       368      26       182      187      357      285      163      225      329      152      316      161      301      233      319      293      407      220      274      302      212      255      87       408      357      336      117      334      236      334      262      221      0        176      264      238      262      
37       6560     98       99       113      227      168      108      13       235      190      70       214      328      92       247      219      153      91       159      230      250      46       183      140      110      257      90       277      182      171      176      216      192      228      196      68       176      0        234      75       87       
38       6160     243      258      279      205      282      126      242      162      95       165      41       97       310      69       128      374      322      367      50       264      234      89       220      129      47       246      211      311      244      151      146      41       126      52       298      264      234      0        208      280      
39       5060     41       53       186      153      236      101      71       167      138      85       201      305      165      201      236      169      130      159      189      175      38       135      66       80       243      159      205      128      99       204      150      168      166      160      107      238      75       208      0        72       
40       5600     49       36       191      199      252      167      74       225      210      140      271      377      145      273      296      97       75       86       261      201      51       207      102      152      314      174      254      101      120      257      212      240      232      233      61       262      87       280      72       0        
;

