
sets
i        orders          /0*20/
k        routes          /1*20/
p        positions       /0*20/
;

alias(i,j)
alias(i,h)
alias(i,hh)
alias(i,jj)
alias(k,kk)
                
                    Parameters

rho(i)	Processing time
/
0	0
1	33
2	7
3	40
4	52
5	15
6	2
7	47
8	6
9	82
10	16
11	36
12	37
13	63
14	57
15	56
16	25
17	29
18	63
19	27
20	45
/

gamma(i)	Duedate
/
0	0
1	32
2	16
3	83
4	8
5	81
6	89
7	97
8	60
9	48
10	21
11	23
12	47
13	71
14	46
15	21
16	23
17	19
18	11
19	66
20	92
/

sigma(i)	Size
/
0	0
1	1
2	2
3	6
4	2
5	9
6	1
7	5
8	9
9	3
10	8
11	6
12	8
13	7
14	2
15	3
16	5
17	6
18	5
19	3
20	6
/

epsilon(i)	Priority
/
0	0
1	3
2	1
3	3
4	3
5	3
6	4
7	2
8	3
9	1
10	5
11	8
12	5
13	2
14	1
15	9
16	5
17	8
18	1
19	4
20	5
/

psi	Vehicle Capacity
/ 35 /
;

Table kappa(i,j)                 Setup
         0        1        2        3        4        5        6        7        8        9        10       11       12       13       14       15       16       17       18       19       20       
0        0        78       145      64       58       111      10       15       77       47       32       120      68       48       31       75       117      33       114      92       73       
1        78       0        222      137      28       45       76       63       116      126      94       190      95       122      104      140      191      55       193      48       147      
2        145      222      0        87       198      256      146      159      138      100      130      52       184      118      118      95       42       168      42       235      76       
3        64       137      87       0        111      174      62       76       61       36       43       55       122      63       33       23       54       82       69       156      11       
4        58       28       198      111      0        72       53       43       88       105      67       163      95       105      80       112      164      29       171      69       122      
5        111      45       256      174      72       0        112      98       161      157      133      229      98       145      141      180      228      96       223      29       184      
6        10       76       146      62       53       112      0        14       68       51       25       117      77       56       29       70       116      25       118      95       72       
7        15       63       159      76       43       98       14       0        79       62       38       132      69       62       43       85       130      21       129      81       86       
8        77       116      138      61       88       161      68       79       0        86       46       91       146      108      58       44       97       68       129      153      71       
9        47       126      100      36       105      157      51       62       86       0        48       85       89       26       31       58       79       76       67       135      38       
10       32       94       130      43       67       133      25       38       46       48       0        96       100      64       17       47       96       38       107      119      54       
11       120      190      52       55       163      229      117      132      91       85       96       0        175      111      89       51       12       135      66       212      48       
12       68       95       184      122      95       98       77       69       146      89       100      175      0        66       95       139      169      87       144      69       126      
13       48       122      118      63       105      145      56       62       108      26       64       111      66       0        49       85       103      81       79       121      64       
14       31       104      118      33       80       141      29       43       58       31       17       89       95       49       0        45       87       50       92       123      43       
15       75       140      95       23       112      180      70       85       44       58       47       51       139      85       45       0        55       84       86       166      29       
16       117      191      42       54       164      228      116      130      97       79       96       12       169      103      87       55       0        135      53       210      44       
17       33       55       168      82       29       96       25       21       68       76       38       135      87       81       50       84       135      0        142      85       93       
18       114      193      42       69       171      223      118      129      129      67       107      66       144      79       92       86       53       142      0        200      58       
19       92       48       235      156      69       29       95       81       153      135      119      212      69       121      123      166      210      85       200      0        165      
20       73       147      76       11       122      184      72       86       71       38       54       48       126      64       43       29       44       93       58       165      0        
;



Table delta(i,j)                 Distance
         0        1        2        3        4        5        6        7        8        9        10       11       12       13       14       15       16       17       18       19       20       
0        0        209      229      443      268      306      291      107      62       171      181      136      444      219      437      135      285      73       185      198      233      
1        209      0        244      247      66       191      246      121      271      236      42       106      247      31       237      157      132      228      49       38       97       
2        229      244      0        351      303      154      80       166      270      64       203      155      355      222      357      313      191      300      195      270      168      
3        443      247      351      0        220      198      291      338      505      388      263      309      5        227      21       403      169      474      258      278      216      
4        268      66       303      220      0        224      294      187      328      301      108      172      219      80       206      190      157      276      113      71       142      
5        306      191      154      198      224      0        94       203      363      200      171      174      203      160      207      328      67       361      160      229      96       
6        291      246      80       291      294      94       0        206      339      142      212      185      295      217      300      351      151      357      202      279      152      
7        107      121      166      338      187      203      206      0        169      132      83       29       339      121      333      147      178      157      84       128      126      
8        62       271      270      505      328      363      339      169      0        207      244      198      507      282      500      175      347      81       248      258      295      
9        171      236      64       388      301      200      142      132      207      0        193      133      391      222      391      272      220      244      187      254      183      
10       181      42       203      263      108      171      212      83       244      193      0        64       264      38       256      159      122      212      10       67       75       
11       136      106      155      309      172      174      185      29       198      133      64       0        311      99       306      165      148      186      61       120      96       
12       444      247      355      5        219      203      295      339      507      391      264      311      0        228      16       402      172      474      259      277      218      
13       219      31       222      227      80       160      217      121      282      222      38       99       228      0        219      183      101      247      37       70       67       
14       437      237      357      21       206      207      300      333      500      391      256      306      16       219      0        391      171      466      252      267      214      
15       135      157      313      403      190      328      351      147      175      272      159      165      402      183      391      0        280      100      169      124      234      
16       285      132      191      169      157      67       151      178      347      220      122      148      172      101      171      280      0        329      112      171      52       
17       73       228      300      474      276      361      357      157      81       244      212      186      474      247      466      100      329      0        219      205      277      
18       185      49       195      258      113      160      202      84       248      187      10       61       259      37       252      169      112      219      0        77       65       
19       198      38       270      278      71       229      279      128      258      254      67       120      277      70       267      124      171      205      77       0        134      
20       233      97       168      216      142      96       152      126      295      183      75       96       218      67       214      234      52       277      65       134      0        
;

