
sets
i        orders          /0*20/
k        routes          /1*20/
p        positions       /0*20/
;

alias(i,j)
alias(i,h)
alias(i,hh)
alias(i,jj)
alias(k,kk)
                
                    Parameters

rho(i)	Processing time
/
0	0
1	69
2	61
3	34
4	54
5	61
6	54
7	52
8	65
9	34
10	90
11	94
12	20
13	53
14	75
15	99
16	71
17	47
18	44
19	94
20	59
/

gamma(i)	Duedate
/
0	0
1	16
2	22
3	80
4	98
5	30
6	90
7	37
8	32
9	46
10	63
11	44
12	12
13	7
14	1
15	6
16	18
17	97
18	23
19	49
20	59
/

sigma(i)	Size
/
0	0
1	5
2	2
3	5
4	3
5	8
6	7
7	1
8	9
9	4
10	2
11	2
12	8
13	2
14	1
15	3
16	5
17	7
18	2
19	5
20	1
/

epsilon(i)	Priority
/
0	0
1	7
2	4
3	3
4	9
5	9
6	6
7	4
8	2
9	6
10	6
11	8
12	6
13	4
14	8
15	2
16	3
17	5
18	9
19	9
20	8
/

psi	Vehicle Capacity
/ 39 /
;

Table kappa(i,j)                 Setup
         0        1        2        3        4        5        6        7        8        9        10       11       12       13       14       15       16       17       18       19       20       
0        0        82       81       35       17       137      123      147      92       48       172      41       65       147      144      134      120      34       69       58       32       
1        82       0        100      111      89       124      204      172      58       44       197      119      68       82       177      151      120      115      33       103      68       
2        81       100      0        112      68       59       152      74       56       102      99       80       133      112      77       55       39       105      67       32       53       
3        35       111      112      0        44       170      105      171      128      70       195      45       72       182      165      161      152      13       103      84       67       
4        17       89       68       44       0        125      115      131      88       62       155      30       82       146      127      118      107      39       70       41       26       
5        137      124      59       170      125      0        207      72       66       145      89       139      176      92       86       49       21       163      95       91       105      
6        123      204      152      105      115      207      0        168      197      170      182      86       177      256      154      172      185      94       184      122      140      
7        147      172      74       171      131      72       168      0        121      176      25       128      205      162      16       24       59       161      139      89       124      
8        92       58       56       128      88       66       197      121      0        83       144      114      115      59       129      97       64       126      31       76       62       
9        48       44       102      70       62       145      170      176      83       0        201      89       31       123      177      158      134      77       52       92       52       
10       172      197      99       195      155      89       182      25       144      201      0        151      231      181      30       46       80       184      164      114      150      
11       41       119      80       45       30       139      86       128      114      89       151      0        105      172      121      121      119      33       99       48       54       
12       65       68       133      72       82       176      177      205      115      31       231      105      0        150      205      188      166      83       83       118      81       
13       147      82       112      182      146      92       256      162      59       123      181      172      150      0        173      138      103      182      78       135      119      
14       144      177      77       165      127      86       154      16       129      177      30       121      205      173      0        36       70       154      144      87       124      
15       134      151      55       161      118      49       172      24       97       158      46       121      188      138      36       0        35       151      118      77       108      
16       120      120      39       152      107      21       185      59       64       134      80       119      166      103      70       35       0        145      89       71       90       
17       34       115      105      13       39       163      94       161      126      77       184      33       83       182      154      151      145      0        104      75       64       
18       69       33       67       103      70       95       184      139      31       52       164      99       83       78       144      118      89       104      0        73       44       
19       58       103      32       84       41       91       122      89       76       92       114      48       118      135      87       77       71       75       73       0        39       
20       32       68       53       67       26       105      140      124      62       52       150      54       81       119      124      108      90       64       44       39       0        
;



Table delta(i,j)                 Distance
         0        1        2        3        4        5        6        7        8        9        10       11       12       13       14       15       16       17       18       19       20       
0        0        298      309      132      356      136      354      216      271      302      318      395      210      314      65       340      374      270      267      454      296      
1        298      0        181      329      401      382      384      415      354      94       294      340      381      429      234      223      203      132      405      361      408      
2        309      181      0        260      234      324      214      318      211      88       120      159      276      284      264      44       66       57       276      186      266      
3        132      329      260      0        232      63       234      95       147      292      221      295      79       182      155      276      325      245      135      360      164      
4        356      401      234      232      0        273      22       206      85       318      113      125      175      91       354      208      264      270      124      184      90       
5        136      382      324      63       273      0        279      87       192      353      279      351      99       206      182      338      388      306      158      416      193      
6        354      384      214      234      22       279      0        217      87       299      93       104      183      108      347      187      243      252      137      164      104      
7        216      415      318      95       206      87       217      0        137      367      243      304      42       126      249      321      377      316      82       370      118      
8        271      354      211      147      85       192      87       137      0        282      111      167      99       75       272      201      260      230      69       233      55       
9        302      94       88       292      318      353      299      367      282      0        206      247      328      357      245      129      111      52       341      267      337      
10       318      294      120      221      113      279      93       243      111      206      0        77       202      174      295      97       155      161      180      138      160      
11       395      340      159      295      125      351      104      304      167      247      77       0        265      211      371      119      162      212      231      66       202      
12       210      381      276      79       175      99       183      42       99       328      202      265      0        107      233      279      335      276      59       331      93       
13       314      429      284      182      91       206      108      126      75       357      174      211      107      0        327      270      329      305      47       273      21       
14       65       234      264      155      354      182      347      249      272      245      295      371      233      327      0        300      327      218      284      425      307      
15       340      223      44       276      208      338      187      321      201      129      97       119      279      270      300      0        58       101      269      142      254      
16       374      203      66       325      264      388      243      377      260      111      155      162      335      329      327      58       0        110      328      163      312      
17       270      132      57       245      270      306      252      316      230      52       161      212      276      305      218      101      110      0        288      243      285      
18       267      405      276      135      124      158      137      82       69       341      180      231      59       47       284      269      328      288      0        296      35       
19       454      361      186      360      184      416      164      370      233      267      138      66       331      273      425      142      163      243      296      0        266      
20       296      408      266      164      90       193      104      118      55       337      160      202      93       21       307      254      312      285      35       266      0        
;

