

sets
i        orders          /0*20/
k        routes          /1*20/
p        positions       /0*20/
;

alias(i,j)
alias(i,h)
alias(i,hh)
alias(i,jj)
alias(k,kk)
                            Parameters

rho(i)	Processing time
/
0	0
1	12
2	11
3	32
4	31
5	97
6	60
7	21
8	1
9	71
10	90
11	3
12	89
13	92
14	74
15	33
16	16
17	6
18	40
19	51
20	77
/

gamma(i)	Duedate
/
0	0
1	72
2	10
3	47
4	84
5	34
6	49
7	46
8	10
9	4
10	75
11	48
12	56
13	43
14	75
15	22
16	32
17	66
18	55
19	52
20	20
/

sigma(i)	Size
/
0	0
1	3
2	5
3	8
4	9
5	4
6	5
7	7
8	1
9	1
10	5
11	8
12	3
13	7
14	1
15	2
16	1
17	8
18	5
19	4
20	7
/

epsilon(i)	Priority
/
0	0
1	6
2	5
3	2
4	5
5	8
6	3
7	2
8	9
9	2
10	3
11	8
12	1
13	9
14	4
15	2
16	8
17	8
18	9
19	2
20	2
/

psi	Vehicle Capacity
/ 31 /
;

Table kappa(i,j)                 Setup
         0        1        2        3        4        5        6        7        8        9        10       11       12       13       14       15       16       17       18       19       20       
0        0        354      377      442      571      493      125      492      421      299      530      411      302      165      265      305      519      72       563      432      497      
1        354      0        95       632      267      443      478      761      728      523      559      758      598      497      585      659      537      381      715      122      403      
2        377      95       0        707      199      538      496      822      778      488      480      788      580      534      577      675      629      420      797      55       498      
3        442      632      707      0        898      354      443      191      262      716      972      428      661      330      601      488      270      369      127      751      409      
4        571      267      199      898      0        689      685      1020     977      628      517      982      738      731      746      861      792      618      981      148      640      
5        493      443      538      354      689      0        576      543      586      788      949      715      792      501      746      709      114      446      362      561      61       
6        125      478      496      443      685      576      0        442      348      275      560      299      224      113      171      181      581      133      570      551      591      
7        492      761      822      191      1020     543      442      0        121      711      1001     298      626      336      563      410      461      424      259      872      595      
8        421      728      778      262      977      586      348      121      0        608      907      179      513      256      452      292      523      362      361      831      631      
9        299      523      488      716      628      788      275      711      608      0        312      505      130      389      174      347      819      362      842      536      785      
10       530      559      480      972      517      949      560      1001     907      312      0        816      437      666      486      659      1011     602      1092     501      927      
11       411      758      788      428      982      715      299      298      179      505      816      0        389      263      333      157      671      377      537      843      752      
12       302      598      580      661      738      792      224      626      513      130      437      389      0        332      62       232      804      346      788      631      799      
13       165      497      534      330      731      501      113      336      256      389      666      263      332      0        273      208      489      115      458      588      525      
14       265      585      577      601      746      746      171      563      452      174      486      333      62       273      0        175      753      299      728      630      757      
15       305      659      675      488      861      709      181      410      292      347      659      157      232      208      175      0        689      297      611      730      733      
16       519      537      629      270      792      114      581      461      523      819      1011     671      804      489      753      689      0        460      254      658      176      
17       72       381      420      369      618      446      133      424      362      362      602      377      346      115      299      297      460      0        491      473      458      
18       563      715      797      127      981      362      570      259      361      842      1092     537      788      458      728      611      254      491      0        837      423      
19       432      122      55       751      148      561      551      872      831      536      501      843      631      588      630      730      658      473      837      0        517      
20       497      403      498      409      640      61       591      595      631      785      927      752      799      525      757      733      176      458      423      517      0        
;



Table delta(i,j)                 Distance
         0        1        2        3        4        5        6        7        8        9        10       11       12       13       14       15       16       17       18       19       20       
0        0        14580    15720    24060    14820    9360     17940    16380    7650     12360    17970    15510    7020     18840    20010    21210    18630    17100    11430    10080    12600    
1        14580    0        566      437      241      180      463      376      236      83       382      165      437      583      216      376      556      225      119      345      505      
2        15720    566      0        523      346      464      197      240      524      501      286      435      290      122      573      435      133      422      473      251      104      
3        24060    437      523      0        307      523      326      302      614      454      246      303      627      445      244      99       416      239      464      490      545      
4        14820    241      346      307      0        235      221      134      326      203      148      89       332      345      238      213      316      91       194      197      312      
5        9360     180      464      523      235      0        424      344      91       100      377      221      270      516      357      438      495      284      69       215      381      
6        17940    463      197      326      221      424      0        87       507      420      100      304      376      135      408      241      104      267      404      263      237      
7        16380    376      240      302      134      344      87       0        430      333      58       219      339      213      336      206      184      188      319      211      243      
8        7650     236      524      614      326      91       507      430      0        172      466      310      287      589      436      530      570      375      151      274      432      
9        12360    83       501      454      203      100      420      333      172      0        351      153      354      531      263      379      505      220      36       268      432      
10       17970    382      286      246      148      377      100      58       466      351      0        218      397      236      308      151      205      171      342      266      299      
11       15510    165      435      303      89       221      304      219      310      153      218      0        389      432      164      225      403      66       161      263      396      
12       7020     437      290      627      332      270      376      339      287      354      397      389      0        394      554      528      388      422      319      136      186      
13       18840    583      122      445      345      516      135      213      589      531      236      432      394      0        544      369      31       401      509      320      214      
14       20010    216      573      244      238      357      408      336      436      263      308      164      554      544      0        220      513      151      288      427      549      
15       21210    376      435      99       213      438      241      206      530      379      151      225      528      369      220      0        339      158      384      391      449      
16       18630    556      133      416      316      495      104      184      570      505      205      403      388      31       513      339      0        370      485      304      214      
17       17100    225      422      239      91       284      267      188      375      220      171      66       422      401      151      158      370      0        227      289      399      
18       11430    119      473      464      194      69       404      319      151      36       342      161      319      509      288      384      485      227      0        236      401      
19       10080    345      251      490      197      215      263      211      274      268      266      263      136      320      427      391      304      289      236      0        166      
20       12600    505      104      545      312      381      237      243      432      432      299      396      186      214      549      449      214      399      401      166      0        
;

