
sets
i        orders          /0*40/
k        routes          /1*40/
p        positions       /0*40/
;

alias(i,j)
alias(i,h)
alias(i,hh)
alias(i,jj)
alias(k,kk)
                
                    Parameters

rho(i)	Processing time
/
0	0
1	11
2	15
3	42
4	19
5	86
6	40
7	78
8	39
9	46
10	9
11	46
12	5
13	9
14	15
15	61
16	53
17	32
18	93
19	35
20	35
21	94
22	97
23	12
24	97
25	17
26	22
27	7
28	18
29	2
30	69
31	52
32	7
33	76
34	11
35	66
36	46
37	1
38	65
39	23
40	53
/

gamma(i)	Duedate
/
0	0
1	96
2	80
3	1
4	38
5	6
6	77
7	55
8	96
9	41
10	63
11	87
12	96
13	88
14	63
15	59
16	53
17	96
18	1
19	61
20	93
21	66
22	84
23	21
24	58
25	44
26	69
27	76
28	33
29	83
30	9
31	37
32	18
33	53
34	42
35	63
36	22
37	22
38	41
39	62
40	60
/

sigma(i)	Size
/
0	0
1	1
2	1
3	8
4	7
5	5
6	9
7	7
8	9
9	4
10	5
11	5
12	9
13	6
14	4
15	7
16	1
17	7
18	9
19	6
20	5
21	9
22	8
23	2
24	7
25	2
26	1
27	4
28	7
29	1
30	7
31	4
32	9
33	2
34	4
35	4
36	9
37	8
38	9
39	3
40	2
/

epsilon(i)	Priority
/
0	0
1	5
2	1
3	1
4	8
5	3
6	6
7	6
8	4
9	9
10	2
11	9
12	7
13	7
14	4
15	8
16	6
17	7
18	2
19	9
20	7
21	1
22	5
23	8
24	6
25	9
26	6
27	6
28	4
29	9
30	3
31	9
32	2
33	2
34	9
35	2
36	5
37	3
38	3
39	9
40	9
/

psi	Vehicle Capacity
/ 26 /
;

Table kappa(i,j)                 Setup
         0        1        2        3        4        5        6        7        8        9        10       11       12       13       14       15       16       17       18       19       20       21       22       23       24       25       26       27       28       29       30       31       32       33       34       35       36       37       38       39       40       
0        0        94       53       33       297      288      47       386      173      388      382      221      258      265      96       264      121      367      196      359      94       391      340      101      332      179      204      416      259      337      313      308      24       191      345      93       171      152      311      329      354      
1        94       0        78       123      222      197      140      357      118      355      327      190      202      171      26       202      190      347      127      282      39       314      328      105      345      142      110      342      207      317      292      283      80       176      356      100      89       148      217      236      364      
2        53       78       0        86       250      253      82       333      123      334      329      168      205      239      94       212      112      315      149      311      56       343      290      49       289      126      176      367      206      285      261      255      64       139      301      41       131      101      288      298      310      
3        33       123      86       0        331      319      36       416      207      419      416      253      291      293      119      298      128      396      230      393      127      425      368      132      354      213      233      450      292      366      342      338      43       221      367      124      203      182      337      359      376      
4        297      222      250      331      0        102      332      217      128      208      132      143      76       151      242      58       325      231      101      61       204      93       239      221      310      143      146      120      88       215      197      183      294      179      314      225      133      202      188      141      319      
5        288      197      253      319      102      0        332      319      160      310      232      214      160      55       207      144      353      330      127      131      198      155      333      244      396      192      88       189      173      311      291      277      277      238      401      245      123      246      85       50       407      
6        47       140      82       36       332      332      0        398      205      401      407      240      285      311      143      294      93       376      232      394      134      426      345      119      325      204      249      449      284      345      322      319      68       205      338      112      211      165      357      374      347      
7        386      357      333      416      217      319      398      0        240      14       112      167      170      362      383      180      337      36       245      221      320      228      74       284      162      215      336      215      160      57       76       78       396      194      156      292      290      234      404      358      155      
8        173      118      123      207      128      160      205      240      0        238      212      78       85       171      143      90       199      233      34       190      86       221      220      92       257      36       118      244      89       205      181      170      174      84       265      97       59       85       224      210      273      
9        388      355      334      419      208      310      401      14       238      0        99       168      164      354      381      174      343      49       241      209      320      215      86       286      175      214      330      201      155      67       82       82       397      197      169      294      287      237      395      348      169      
10       382      327      329      416      132      232      407      112      212      99       0        169      126      283      351      125      370      141      200      115      298      116      168      287      258      203      274      103      123      143      141      130      386      208      255      294      245      246      316      263      257      
11       221      190      168      253      143      214      240      167      78       168      169      0        68       238      216      85       202      156      97       193      153      219      141      121      184      48       193      232      59       128      102      93       229      41       190      129      136      77       289      263      198      
12       258      202      205      291      76       160      285      170      85       164      126      68       0        196      226      17       262      174      78       125      172      153      173      167      237      82       166      169      12       152      130      117      260      106      241      173      124      135      243      207      247      
13       265      171      239      293      151      55       311      362      171      354      283      238      196      0        174      182      346      370      142      186      183      210      369      240      422      206      63       244      208      348      326      313      250      255      429      239      119      254      53       69       436      
14       96       26       94       119      242      207      143      383      143      381      351      216      226      174      0        226      204      373      150      301      65       332      354      128      370      168      118      362      232      343      318      309      77       202      381      122      109      173      217      242      390      
15       264      202      212      298      58       144      294      180      90       174      125      85       17       182      226      0        275      187      75       109      176      138      188      177      254      93       157      157      29       166      146      132      265      122      258      182      120      149      228      191      264      
16       121      190      112      128      325      353      93       337      199      343      370      202      262      346      204      275      0        310      233      384      164      414      276      109      240      182      283      431      257      281      261      262      145      161      253      108      231      126      397      401      262      
17       367      347      315      396      231      330      376      36       233      49       141      156      174      370      373      187      310      0        243      244      309      254      38       266      125      205      338      244      162      30       55       63       379      177      119      274      288      215      415      372      119      
18       196      127      149      230      101      127      232      245      34       241      200      97       78       142      150      75       233      243      0        162      104      194      235      124      281      65       96       219      86       218      194      181      194      113      288      128      46       119      194      177      295      
19       359      282      311      393      61       131      394      221      190      209      115      193      125      186      301      109      384      244      162      0        266      31       261      281      342      201      197      61       133      235      223      209      355      232      343      286      193      259      210      152      346      
20       94       39       56       127      204      198      134      320      86       320      298      153      172      183      65       176      164      309      104      266      0        297      289      68       305      105      120      324      176      279      254      246      90       136      316      64       77       109      233      242      325      
21       391      314      343      425      93       155      426      228      221      215      116      219      153      210      332      138      414      254      194      31       297      0        274      312      359      231      227      34       160      248      239      226      387      259      359      317      225      288      229      169      362      
22       340      328      290      368      239      333      345      74       220      86       168      141      173      369      354      188      276      38       235      261      289      274      0        241      90       188      331      269      160      25       42       56       354      153      87       249      277      189      416      379      88       
23       101      105      49       132      221      244      119      284      92       286      287      121      167      240      128      177      109      266      124      281      68       312      241      0        244      84       178      333      165      236      212      206      113      90       255      8        122      52       292      292      264      
24       332      345      289      354      310      396      325      162      257      175      258      184      237      422      370      254      240      125      281      342      305      359      90       244      0        221      375      357      224      115      119      133      351      174      13       251      316      196      473      444      22       
25       179      142      126      213      143      192      204      215      36       214      203      48       82       206      168      93       182      205      65       201      105      231      188      84       221      0        154      250      80       176      150      141      185      48       229      91       95       58       259      242      237      
26       204      110      176      233      146      88       249      336      118      330      274      193      166      63       118      157      283      338      96       197      120      227      331      178      375      154      0        259      176      313      289      277      190      203      383      177      61       196      114      125      391      
27       416      342      367      450      120      189      449      215      244      201      103      232      169      244      362      157      431      244      219      61       324      34       269      333      357      250      259      0        174      243      237      225      414      273      355      339      253      305      263      202      358      
28       259      207      206      292      88       173      284      160      89       155      123      59       12       208      232      29       257      162      86       133      176      160      160      165      224      80       176      174      0        139      118      104      262      99       228      172      132      131      255      220      234      
29       337      317      285      366      215      311      345      57       205      67       143      128      152      348      343      166      281      30       218      235      279      248      25       236      115      176      313      243      139      0        25       36       349      146      112      244      261      184      395      355      114      
30       313      292      261      342      197      291      322      76       181      82       141      102      130      326      318      146      261      55       194      223      254      239      42       212      119      150      289      237      118      25       0        14       324      122      119      220      237      160      374      336      123      
31       308      283      255      338      183      277      319      78       170      82       130      93       117      313      309      132      262      63       181      209      246      226      56       206      133      141      277      225      104      36       14       0        318      116      133      214      225      155      360      322      137      
32       24       80       64       43       294      277      68       396      174      397      386      229      260      250      77       265      145      379      194      355      90       387      354      113      351      185      190      414      262      349      324      318      0        202      363      105      163      165      294      316      372      
33       191      176      139      221      179      238      205      194      84       197      208      41       106      255      202      122      161      177      113      232      136      259      153      90       174      48       203      273      99       146      122      116      202      0        183      98       142      40       308      289      192      
34       345      356      301      367      314      401      338      156      265      169      255      190      241      429      381      258      253      119      288      343      316      359      87       255      13       229      383      355      228      112      119      133      363      183      0        262      324      207      479      449      9        
35       93       100      41       124      225      245      112      292      97       294      294      129      173      239      122      182      108      274      128      286      64       317      249      8        251      91       177      339      172      244      220      214      105      98       262      0        123      60       291      293      271      
36       171      89       131      203      133      123      211      290      59       287      245      136      124      119      109      120      231      288      46       193      77       225      277      122      316      95       61       253      132      261      237      225      163      142      324      123      0        136      172      170      332      
37       152      148      101      182      202      246      165      234      85       237      246      77       135      254      173      149      126      215      119      259      109      288      189      52       196      58       196      305      131      184      160      155      165      40       207      60       136      0        307      296      216      
38       311      217      288      337      188      85       357      404      224      395      316      289      243      53       217      228      397      415      194      210      233      229      416      292      473      259      114      263      255      395      374      360      294      308      479      291      172      307      0        61       486      
39       329      236      298      359      141      50       374      358      210      348      263      263      207      69       242      191      401      372      177      152      242      169      379      292      444      242      125      202      220      355      336      322      316      289      449      293      170      296      61       0        455      
40       354      364      310      376      319      407      347      155      273      169      257      198      247      436      390      264      262      119      295      346      325      362      88       264      22       237      391      358      234      114      123      137      372      192      9        271      332      216      486      455      0        
;



Table delta(i,j)                 Distance
         0        1        2        3        4        5        6        7        8        9        10       11       12       13       14       15       16       17       18       19       20       21       22       23       24       25       26       27       28       29       30       31       32       33       34       35       36       37       38       39       40       
0        0        309      233      282      117      72       183      289      296      422      284      265      73       165      288      215      79       50       222      207      101      121      328      262      332      56       362      143      241      122      154      79       267      152      59       179      338      283      274      274      271      
1        309      0        224      103      291      279      128      182      148      280      159      415      241      199      413      159      267      308      98       131      215      300      312      124      26       350      126      287      114      194      168      302      92       209      327      205      217      319      227      298      395      
2        233      224      0        283      134      262      188      74       103      190      85       196      172      266      190      273      154      196      214      237      151      138      112      284      249      290      185      113      110      205      214      171      262      264      206      59       110      97       40       77       173      
3        282      103      283      0        305      232      113      263      234      378      240      453      229      131      458      78       267      298      73       75       211      314      386      27       103      309      228      311      179      160      128      302      20       144      317      244      306      380      298      360      439      
4        117      291      134      305      0        172      191      203      222      323      206      162      92       227      179      260      49       70       232      235      96       9        214      293      317      171      301      26       190      162      189      40       285      218      74       98       244      166      173      158      160      
5        72       279      262      232      172      0        152      304      302      442      293      330      91       104      350      157      125      116      184      159      111      178      368      208      299      77       355      196      239      86       112      140      220      90       129      203      355      329      300      317      332      
6        183      128      188      113      191      152      0        193      176      327      174      342      120      90       349      85       155      189      41       50       99       201      298      104      149      221      211      198      109      65       43       190      94       95       209      139      244      281      213      263      330      
7        289      182      74       263      203      304      193      0        36       138      23       264      220      282      253      275      214      259      206      237      194      209      130      271      205      345      114      185      87       232      230      236      244      283      271      111      52       146      51       126      238      
8        296      148      103      234      222      302      176      36       0        150      17       297      224      267      288      254      225      271      182      216      196      228      166      245      169      350      82       206      67       223      217      251      216      270      285      124      72       182      87       162      272      
9        422      280      190      378      323      442      327      138      150      0        152      325      356      417      303      404      344      386      332      366      331      326      144      391      294      478      160      300      218      369      366      361      361      420      396      242      86       196      150      187      294      
10       284      159      85       240      206      293      174      23       17       152      0        280      213      264      272      255      211      257      185      217      185      213      153      249      181      338      99       190      66       217      213      237      221      267      271      110      69       166      72       146      255      
11       265      415      196      453      162      330      342      264      297      325      280      0        254      389      31       418      211      216      379      390      256      154      182      446      441      308      378      146      300      323      347      189      432      380      207      211      277      130      213      144      31       
12       73       241      172      229      92       91       120      220      224      356      213      254      0        136      270      174      43       69       161      155      28       100      276      213      265      126      288      110      168      73       103      75       211      126      89       114      270      238      211      225      251      
13       165      199      266      131      227      104      90       282      267      417      264      389      136      0        402      54       179      194      101      67       133      235      378      106      213      181      299      242      199      65       52       209      123      14       213      210      333      352      296      336      383      
14       288      413      190      458      179      350      349      253      288      303      272      31       270      402      0        429      228      238      385      398      269      172      159      453      439      333      368      160      298      336      359      210      438      395      231      214      261      112      202      129      19       
15       215      159      273      78       260      157      85       275      254      404      255      418      174      54       429      0        216      238      72       38       163      269      384      52       169      235      272      272      188      100      71       249      73       68       258      223      324      366      298      348      409      
16       79       267      154      267      49       125      155      214      225      344      211      211      43       179      228      216      0        45       197      195      56       56       250      253      292      135      297      71       179      116      145      35       249      170      62       103      261      207      195      196      210      
17       50       308      196      298      70       116      189      259      271      386      257      216      69       194      238      238      45       0        230      223      93       72       284      281      332      101      343      96       224      139      170      30       280      183      19       148      304      236      236      228      221      
18       222      98       214      73       232      184      41       206      182      332      185      379      161      101      385      72       197      230      0        36       140      241      321      69       115      257      201      237      119      101      71       232      53       111      250      172      254      310      234      291      366      
19       207      131      237      75       235      159      50       237      216      366      217      390      155      67       398      38       195      223      36       0        139      245      347      58       145      236      237      244      150      85       53       229      61       79       243      189      286      331      261      313      379      
20       101      215      151      211      96       111      99       194      196      331      185      256      28       133      269      163      56       93       140      139      0        106      259      198      239      154      260      109      140      67       92       91       192      126      112      92       245      226      189      211      250      
21       121      300      138      314      9        178      201      209      228      326      213      154      100      235      172      269      56       72       241      245      106      0        214      303      326      173      308      26       198      171      198      42       295      226      74       105      249      165      177      158      154      
22       328      312      112      386      214      368      298      130      166      144      153      182      276      378      159      384      250      284      321      347      259      214      0        390      335      384      232      188      207      317      326      255      366      376      289      169      113      56       87       56       150      
23       262      124      284      27       293      208      104      271      245      391      249      446      213      106      453      52       253      281      69       58       198      303      390      0        128      286      247      301      185      142      110      288      32       120      301      241      317      380      303      361      434      
24       332      26       249      103      317      299      149      205      169      294      181      441      265      213      439      169      292      332      115      145      239      326      335      128      0        371      136      314      140      214      186      327      97       224      352      232      236      343      251      323      421      
25       56       350      290      309      171      77       221      345      350      478      338      308      126      181      333      235      135      101      257      236      154      173      384      286      371      0        413      197      293      156      186      131      297      167      102      235      394      338      330      329      317      
26       362      126      185      228      301      355      211      114      82       160      99       378      288      299      368      272      297      343      201      237      260      308      232      247      136      413      0        287      120      271      255      327      215      306      359      202      119      258      166      239      352      
27       143      287      113      311      26       196      198      185      206      300      190      146      110      242      160      272      71       96       237      244      109      26       188      301      314      197      287      0        181      177      201      67       290      235      100      86       223      140      151      132      141      
28       241      114      110      179      190      239      109      87       67       218      66       300      168      199      298      188      179      224      119      150      140      198      207      185      140      293      120      181      0        157      149      211      159      203      241      95       136      206      119      185      280      
29       122      194      205      160      162      86       65       232      223      369      217      323      73       65       336      100      116      139      101      85       67       171      317      142      214      156      271      177      157      0        32       149      145      60       158      148      284      289      239      272      317      
30       154      168      214      128      189      112      43       230      217      366      213      347      103      52       359      71       145      170      71       53       92       198      326      110      186      186      255      201      149      32       0        179      113      53       190      159      282      303      244      285      339      
31       79       302      171      302      40       140      190      236      251      361      237      189      75       209      210      249      35       30       232      229      91       42       255      288      327      131      327      67       211      149      179      0        284      199      35       127      280      207      211      199      193      
32       267      92       262      20       285      220      94       244      216      361      221      432      211      123      438      73       249      280      53       61       192      295      366      32       97       297      215      290      159      145      113      284      0        136      300      223      288      359      278      339      418      
33       152      209      264      144      218      90       95       283      270      420      267      380      126      14       395      68       170      183      111      79       126      226      376      120      224      167      306      235      203      60       53       199      136      0        201      207      335      348      295      332      376      
34       59       327      206      317      74       129      209      271      285      396      271      207      89       213      231      258      62       19       250      243      112      74       289      301      352      102      359      100      241      158      190      35       300      201      0        161      316      239      246      232      215      
35       179      205      59       244      98       203      139      111      124      242      110      211      114      210      214      223      103      148      172      189      92       105      169      241      232      235      202      86       95       148      159      127      223      207      161      0        158      143      97       125      195      
36       338      217      110      306      244      355      244      52       72       86       69       277      270      333      261      324      261      304      254      286      245      249      113      317      236      394      119      223      136      284      282      280      288      335      316      158      0        149      72       133      248      
37       283      319      97       380      166      329      281      146      182      196      166      130      238      352      112      366      207      236      310      331      226      165      56       380      343      338      258      140      206      289      303      207      359      348      239      143      149      0        94       20       100      
38       274      227      40       298      173      300      213      51       87       150      72       213      211      296      202      298      195      236      234      261      189      177      87       303      251      330      166      151      119      239      244      211      278      295      246      97       72       94       0        74       186      
39       274      298      77       360      158      317      263      126      162      187      146      144      225      336      129      348      196      228      291      313      211      158      56       361      323      329      239      132      185      272      285      199      339      332      232      125      133      20       74       0        115      
40       271      395      173      439      160      332      330      238      272      294      255      31       251      383      19       409      210      221      366      379      250      154      150      434      421      317      352      141      280      317      339      193      418      376      215      195      248      100      186      115      0        
;

