
sets
i        orders          /0*40/
k        routes          /1*40/
p        positions       /0*40/
;

alias(i,j)
alias(i,h)
alias(i,hh)
alias(i,jj)
alias(k,kk)
                
                    Parameters

rho(i)	Processing time
/
0	0
1	48
2	2
3	64
4	84
5	68
6	24
7	80
8	82
9	21
10	92
11	5
12	49
13	22
14	61
15	23
16	69
17	43
18	92
19	53
20	89
21	13
22	57
23	95
24	8
25	2
26	75
27	49
28	24
29	31
30	74
31	96
32	82
33	43
34	76
35	38
36	27
37	61
38	11
39	8
40	4
/

gamma(i)	Duedate
/
0	0
1	21
2	78
3	83
4	52
5	31
6	77
7	38
8	24
9	55
10	74
11	26
12	41
13	66
14	91
15	30
16	91
17	74
18	43
19	54
20	70
21	40
22	74
23	82
24	25
25	22
26	38
27	81
28	3
29	45
30	69
31	89
32	17
33	24
34	88
35	61
36	31
37	77
38	19
39	95
40	21
/

sigma(i)	Size
/
0	0
1	6
2	2
3	3
4	9
5	9
6	7
7	7
8	8
9	5
10	8
11	5
12	6
13	1
14	7
15	4
16	9
17	6
18	3
19	2
20	9
21	6
22	6
23	7
24	7
25	8
26	3
27	7
28	1
29	4
30	3
31	3
32	1
33	3
34	6
35	6
36	2
37	4
38	9
39	5
40	8
/

epsilon(i)	Priority
/
0	0
1	7
2	8
3	1
4	7
5	2
6	9
7	4
8	9
9	2
10	1
11	1
12	7
13	8
14	5
15	1
16	6
17	9
18	2
19	2
20	5
21	2
22	9
23	5
24	1
25	5
26	2
27	1
28	8
29	7
30	3
31	4
32	1
33	4
34	2
35	6
36	4
37	9
38	4
39	7
40	1
/

psi	Vehicle Capacity
/ 12 /
;

Table kappa(i,j)                 Setup
         0        1        2        3        4        5        6        7        8        9        10       11       12       13       14       15       16       17       18       19       20       21       22       23       24       25       26       27       28       29       30       31       32       33       34       35       36       37       38       39       40       
0        0        80       282      97       174      98       149      61       117      237      276      197      169      213      104      175      165      82       162      142      67       187      56       74       101      227      116      93       200      249      253      130      23       249      76       108      164      346      258      319      96       
1        80       0        354      175      240      97       195      109      61       304      350      201      196      172      182      197      246      67       87       212      124      217      60       93       147      307      101      113      188      325      264      73       57       303      21       60       217      374      329      349      169      
2        282      354      0        232      117      367      334      310      356      61       15       280      227      381      232      237      181      360      412      142      230      388      336      274      320      107      307      349      318      44       274      365      304      118      340      390      161      251      26       232      186      
3        97       175      232      0        155      143      107      86       214      206      222      259      215      301      7        224      73       147      260      122      115      161      129      154      87       150      202      121      274      191      303      227      118      243      174      184      176      369      214      342      89       
4        174      240      117      155      0        267      263      214      238      63       116      178      122      269      158      133      142      255      294      34       115      315      230      156      235      124      190      253      211      100      192      248      195      88       225      282      52       223      91       197      79       
5        98       97       367      143      267      0        110      58       159      328      358      284      265      270      147      269      216      30       177      233      166      121      47       162      72       293      189      26       278      329      344      170      86       346      114      58       262      443      345      416      187      
6        149      195      334      107      263      110      0        90       253      313      322      344      308      358      106      316      156      135      282      229      201      53       135      223      49       239      265      86       349      291      395      266      155      351      206      169      280      473      318      446      192      
7        61       109      310      86       214      58       90       0        163      273      301      259      230      268      90       236      159      63       197      179      124      125      51       135      41       235      175      39       261      271      314      176      64       297      116      100      215      403      288      377      135      
8        117      61       356      214      238      159      253      163      0        300      354      154      164      111      221      162      277      129      55       217      129      277      118      82       204      327      59       173      133      333      217      13       101      285      47       117      203      334      330      311      182      
9        237      304      61       206      63       328      313      273      300      0        67       218      165      319      207      175      172      318      355      95       179      366      293      218      290      121      248      313      256      68       215      308      258      67       288      345      100      209      36       187      141      
10       276      350      15       222      116      358      322      301      354      67       0        285      230      383      221      241      168      353      410      138      227      375      329      272      309      92       307      340      322      31       282      364      299      129      337      384      163      264      30       245      180      
11       197      201      280      259      178      284      344      259      154      218      285      0        56       110      266      44       291      258      195      180      144      385      237      124      298      300      99       287      40       276      63       154      200      174      180      261      125      182      254      160      179      
12       169      196      227      215      122      265      308      230      164      165      230      56       0        155      221      11       239      241      214      125      106      353      218      105      266      244      105      263      91       220      88       168      178      129      175      253      69       179      201      153      129      
13       213      172      381      301      269      270      358      268      111      319      383      110      155      0        308      146      352      240      120      261      192      387      228      147      309      382      99       283      70       370      157      101      203      282      156      227      220      280      355      262      242      
14       104      182      232      7        158      147      106      90       221      207      221      266      221      308      0        230      68       152      267      125      122      159      135      161      89       147      209      124      281      190      309      235      125      246      181      189      180      373      214      347      94       
15       175      197      237      224      133      269      316      236      162      175      241      44       11       146      230      0        250      245      211      136      114      360      222      108      273      256      102      268      80       231      79       165      183      136      176      255      80       177      211      152      140      
16       165      246      181      73       142      216      156      159      277      172      168      291      239      352      68       250      0        221      327      118      160      209      203      206      153      83       254      192      314      136      323      290      188      226      241      258      182      365      168      339      113      
17       82       67       360      147      255      30       135      63       129      318      353      258      241      240      152      245      221      0        148      223      148      150      25       137      91       294      161      49       250      325      318      140      64       331      84       37       245      421      337      395      177      
18       162      87       412      260      294      177      282      197      55       355      410      195      214      120      267      211      327      148      0        272      184      298      147      138      234      381      110      197      166      389      256      47       142      339      85       123      258      377      385      356      236      
19       142      212      142      122      34       233      229      179      217      95       138      180      125      261      125      136      118      223      272      0        89       282      198      134      200      122      173      219      209      116      205      227      163      121      198      250      63       251      117      224      46       
20       67       124      230      115      115      166      201      124      129      179      227      144      106      192      122      114      160      148      184      89       0        246      123      49       159      198      95       160      159      204      193      141      84       183      110      169      97       279      205      252      53       
21       187      217      388      161      315      121      53       125      277      366      375      385      353      387      159      360      209      150      298      282      246      0        159      261      87       291      299      104      386      344      439      290      188      403      231      176      330      522      372      495      243      
22       56       60       336      129      230      47       135      51       118      293      329      237      218      228      135      222      203      25       147      198      123      159      0        114      87       273      143      55       232      301      297      131      39       305      72       56       220      397      313      370      152      
23       74       93       274      154      156      162      223      135      82       218      272      124      105      147      161      108      206      137      138      134      49       261      114      0        176      247      48       163      126      251      182      93       76       211      74       148      125      284      247      258      102      
24       101      147      320      87       235      72       49       41       204      290      309      298      266      309      89       273      153      91       234      200      159      87       87       176      0        235      216      45       302      278      352      217      106      321      157      127      244      435      301      409      159      
25       227      307      107      150      124      293      239      235      327      121      92       300      244      382      147      256      83       294      381      122      198      291      273      247      235      0        291      271      331      63       317      339      251      186      299      329      176      330      103      307      145      
26       116      101      307      202      190      189      265      175      59       248      307      99       105      99       209      102      254      161      110      173      95       299      143      48       216      291      0        197      88       288      162      63       111      228      80       162      149      277      280      253      147      
27       93       113      349      121      253      26       86       39       173      313      340      287      263      283      124      268      192      49       197      219      160      104      55       163      45       271      197      0        285      310      345      185      87       336      126      82       254      439      328      412      174      
28       200      188      318      274      211      278      349      261      133      256      322      40       91       70       281      80       314      250      166      209      159      386      232      126      302      331      88       285      0        311      91       130      198      214      167      248      160      214      292      195      201      
29       249      325      44       191      100      329      291      271      333      68       31       276      220      370      190      231      136      325      389      116      204      344      301      251      278      63       288      310      311      0        280      343      272      135      313      357      151      276      40       255      155      
30       253      264      274      303      192      344      395      314      217      215      282      63       88       157      309      79       323      318      256      205      193      439      297      182      352      317      162      345      91       280      0        216      258      157      242      324      143      123      251      105      217      
31       130      73       365      227      248      170      266      176      13       308      364      154      168      101      235      165      290      140      47       227      141      290      131      93       217      339      63       185      130      343      216      0        114      292      60       126      211      335      339      312      193      
32       23       57       304      118      195      86       155      64       101      258      299      200      178      203      125      183      188      64       142      163      84       188      39       76       106      251      111      87       198      272      258      114      0        267      56       87       181      357      280      331      118      
33       249      303      118      243      88       346      351      297      285      67       129      174      129      282      246      136      226      331      339      121      183      403      305      211      321      186      228      336      214      135      157      292      267      0        285      352      86       143      99       120      162      
34       76       21       340      174      225      114      206      116      47       288      337      180      175      156      181      176      241      84       85       198      110      231      72       74       157      299      80       126      167      313      242      60       56       285      0        81       199      353      315      328      157      
35       108      60       390      184      282      58       169      100      117      345      384      261      253      227      189      255      258      37       123      250      169      176      56       148      127      329      162      82       248      357      324      126      87       352      81       0        266      432      367      407      205      
36       164      217      161      176      52       262      280      215      203      100      163      125      69       220      180      80       182      245      258      63       97       330      220      125      244      176      149      254      160      151      143      211      181      86       199      266      0        193      134      166      87       
37       346      374      251      369      223      443      473      403      334      209      264      182      179      280      373      177      365      421      377      251      279      522      397      284      435      330      277      439      214      276      123      335      357      143      353      432      193      0        237      26       281      
38       258      329      26       214      91       345      318      288      330      36       30       254      201      355      214      211      168      337      385      117      205      372      313      247      301      103      280      328      292      40       251      339      280      99       315      367      134      237      0        217      161      
39       319      349      232      342      197      416      446      377      311      187      245      160      153      262      347      152      339      395      356      224      252      495      370      258      409      307      253      412      195      255      105      312      331      120      328      407      166      26       217      0        254      
40       96       169      186      89       79       187      192      135      182      141      180      179      129      242      94       140      113      177      236      46       53       243      152      102      159      145      147      174      201      155      217      193      118      162      157      205      87       281      161      254      0        
;



Table delta(i,j)                 Distance
         0        1        2        3        4        5        6        7        8        9        10       11       12       13       14       15       16       17       18       19       20       21       22       23       24       25       26       27       28       29       30       31       32       33       34       35       36       37       38       39       40       
0        0        122      171      49       100      175      228      205      142      294      220      104      72       247      156      342      134      96       287      160      197      94       250      312      143      274      337      242      180      73       208      280      193      234      59       185      95       265      181      305      61       
1        122      0        293      145      24       54       262      309      263      397      320      30       189      351      36       451      224      44       404      71       297      193      338      423      266      333      450      361      90       181      323      379      304      348      90       92       153      335      144      410      174      
2        171      293      0        172      271      344      306      164      30       222      180      276      124      187      327      240      173      267      164      329      171      156      231      209      32       302      221      120      347      142      120      224      73       139      223      353      212      276      329      224      122      
3        49       145      172      0        121      200      181      165      146      254      178      119      49       207      174      306      86       107      259      161      155      49       204      277      140      224      305      217      178      36       177      238      211      202      57       184      51       216      158      266      92       
4        100      24       271      121      0        78       244      285      241      373      297      15       165      327      56       427      201      25       380      74       273      169      315      399      243      312      426      337      95       157      299      356      286      324      66       98       130      314      135      386      154      
5        175      54       344      200      78       0        303      363      314      450      374      82       243      405      35       505      277      96       458      87       351      247      389      477      318      378      505      415      98       236      377      432      349      403      144      96       204      384      171      463      223      
6        228      262      306      181      244      303      0        178      292      229      174      232      202      200      268      293      132      219      293      220      162      159      146      278      276      85       309      274      220      183      229      203      367      240      192      226      133      107      144      244      271      
7        205      309      164      165      285      363      178      0        166      89       17       281      135      42       333      143      87       267      117      308      16       115      67       117      144      145      148      96       320      133      54       75       237      62       218      326      163      115      267      100      204      
8        142      263      30       146      241      314      292      166      0        234      183      246      100      195      297      258      160      237      185      300      170      136      233      227      21       297      242      139      319      120      130      232      75       153      195      325      190      273      305      238      91       
9        294      397      222      254      373      450      229      89       234      0        76       368      223      46       421      64       173      354      92       392      99       204      82       53       212      164      83       111      402      221      103      25       294      82       306      409      248      131      343      15       288      
10       220      320      180      178      297      374      174      17       183      76       0        292      151      32       344      135      96       278      119      316      23       128      51       111      161      133      143      105      327      147      67       60       253      68       230      334      172      102      271      89       221      
11       104      30       276      119      15       82       232      281      246      368      292      0        165      323      54       424      195      14       378      61       269      166      308      396      247      302      424      337      82       156      297      350      294      322      62       86       123      305      120      381      161      
12       72       189      124      49       165      243      202      135      100      223      151      165      0        177      219      269      78       154      215      210      129      42       187      239      92       226      265      172      228      20       136      211      170      162      105      234      89       211      205      233      75       
13       247      351      187      207      327      405      200      42       195      46       32       323      177      0        375      103      128      309      94       348      54       158      61       80       173      149      112      92       359      175      67       37       261      55       260      366      204      116      303      58       243      
14       156      36       327      174      56       35       268      333      297      421      344      54       219      375      0        477      247      67       433      54       321      219      357      449      300      344      478      391      68       210      351      402      340      376      116      67       173      350      136      434      209      
15       342      451      240      306      427      505      293      143      258      64       135      424      269      103      477      0        230      410      79       451      157      258      146      31       239      225      31       120      462      271      136      89       307      110      361      469      307      193      405      48       326      
16       134      224      173      86       201      277      132      87       160      173      96       195      78       128      247      230      0        181      197      221      73       40       117      204      143      147      234      164      233      65       118      154      235      139      134      239      76       133      185      186      154      
17       96       44       267      107      25       96       219      267      237      354      278      14       154      309      67       410      181      0        366      65       255      152      293      382      237      288      410      324      85       143      284      336      288      309      49       90       108      290      113      367      155      
18       287      404      164      259      380      458      293      117      185      92       119      378      215      94       433      79       197      366      0        415      133      214      156      51       167      244      57       46       429      222      81       110      229      58       316      435      271      210      382      84       261      
19       160      71       329      161      74       87       220      308      300      392      316      61       210      348      54       451      221      65       415      0        294      200      323      426      298      300      455      376      20       197      333      371      353      357      106      25       144      309      83       406      220      
20       197      297      171      155      273      351      162      16       170      99       23       269      129      54       321      157      73       255      133      294      0        105      62       132      149      134      163      112      305      124      68       83       242      78       206      312      149      106      251      112      201      
21       94       193      156      49       169      247      159      115      136      204      128      166      42       158      219      258      40       152      214      200      105      0        155      229      124      186      258      176      215      25       133      188      210      157      103      221      61       173      179      216      116      
22       250      338      231      204      315      389      146      67       233      82       51       308      187      61       357      146      117      293      156      323      62       155      0        132      211      87       163      152      331      178      118      56       304      115      249      337      185      54       266      98       261      
23       312      423      209      277      399      477      278      117      227      53       111      396      239      80       449      31       204      382      51       426      132      229      132      0        207      217      31       89       438      242      105      78       277      78       333      444      281      184      383      40       295      
24       143      266      32       140      243      318      276      144      21       212      161      247      92       173      300      239      143      237      167      298      149      124      211      207      0        277      224      121      317      110      109      211      95       132      192      322      180      253      297      217      100      
25       274      333      302      224      312      378      85       145      297      164      133      302      226      149      344      225      147      288      244      300      134      186      87       217      277      0        247      238      302      211      199      139      372      201      253      308      187      33       228      179      302      
26       337      450      221      305      426      505      309      148      242      83       143      424      265      112      478      31       234      410      57       455      163      258      163      31       224      247      0        103      468      269      129      108      286      102      361      474      310      214      414      68       316      
27       242      361      120      217      337      415      274      96       139      111      105      337      172      92       391      120      164      324      46       376      112      176      152      89       121      238      103      0        391      180      46       121      188      37       275      397      235      206      349      109      215      
28       180      90       347      178      95       98       220      320      319      402      327      82       228      359      68       462      233      85       429      20       305      215      331      438      317      302      468      391      0        213      347      381      373      370      124      6        157      314      78       417      240      
29       73       181      142      36       157      236      183      133      120      221      147      156      20       175      210      271      65       143      222      197      124      25       178      242      110      211      269      180      213      0        141      207      190      166      94       219      70       198      187      233      90       
30       208      323      120      177      299      377      229      54       130      103      67       297      136      67       351      136      118      284      81       333      68       133      118      105      109      199      129      46       347      141      0        103      194      26       234      354      190      169      303      108      190      
31       280      379      224      238      356      432      203      75       232      25       60       350      211      37       402      89       154      336      110      371      83       188      56       78       211      139      108      121      381      207      103      0        297      87       289      387      229      106      320      41       279      
32       193      304      73       211      286      349      367      237      75       294      253      294      170      261      340      307      235      288      229      353      242      210      304      277      95       372      286      188      373      190      194      297      0        211      251      378      259      347      369      295      133      
33       234      348      139      202      324      403      240      62       153      82       68       322      162      55       376      110      139      309      58       357      78       157      115      78       132      201      102      37       370      166      26       87       211      0        259      377      213      169      323      85       216      
34       59       90       223      57       66       144      192      218      195      306      230      62       105      260      116      361      134      49       316      106      206      103      249      333      192      253      361      275      124      94       234      289      251      259      0        130      66       251      123      319      120      
35       185      92       353      184      98       96       226      326      325      409      334      86       234      366      67       469      239      90       435      25       312      221      337      444      322      308      474      397      6        219      354      387      378      377      130      0        163      320      83       423      245      
36       95       153      212      51       130      204      133      163      190      248      172      123      89       204      173      307      76       108      271      144      149      61       185      281      180      187      310      235      157      70       190      229      259      213      66       163      0        184      118      262      143      
37       265      335      276      216      314      384      107      115      273      131      102      305      211      116      350      193      133      290      210      309      106      173      54       184      253      33       214      206      314      198      169      106      347      169      251      320      184      0        242      146      287      
38       181      144      329      158      135      171      144      267      305      343      271      120      205      303      136      405      185      113      382      83       251      179      266      383      297      228      414      349      78       187      303      320      369      323      123      83       118      242      0        358      241      
39       305      410      224      266      386      463      244      100      238      15       89       381      233      58       434      48       186      367      84       406      112      216      98       40       217      179      68       109      417      233      108      41       295      85       319      423      262      146      358      0        296      
40       61       174      122      92       154      223      271      204      91       288      221      161      75       243      209      326      154      155      261      220      201      116      261      295      100      302      316      215      240      90       190      279      133      216      120      245      143      287      241      296      0        
;

