

sets
i        orders          /0*40/
k        routes          /1*40/
p        positions       /0*40/
;

alias(i,j)
alias(i,h)
alias(i,hh)
alias(i,jj)
alias(k,kk)
                            Parameters

rho(i)	Processing time
/
0	0
1	50
2	79
3	57
4	17
5	5
6	31
7	98
8	6
9	59
10	55
11	26
12	91
13	71
14	4
15	17
16	27
17	24
18	74
19	3
20	48
21	80
22	37
23	87
24	49
25	58
26	86
27	7
28	19
29	46
30	92
31	16
32	16
33	53
34	20
35	55
36	16
37	73
38	37
39	11
40	26
/

gamma(i)	Duedate
/
0	0
1	50
2	69
3	80
4	27
5	68
6	87
7	67
8	24
9	37
10	6
11	76
12	97
13	76
14	19
15	48
16	36
17	19
18	40
19	82
20	72
21	42
22	40
23	28
24	70
25	96
26	46
27	36
28	80
29	96
30	4
31	67
32	8
33	97
34	66
35	68
36	86
37	39
38	14
39	17
40	84
/

sigma(i)	Size
/
0	0
1	2
2	4
3	3
4	1
5	5
6	7
7	8
8	3
9	4
10	1
11	4
12	7
13	9
14	6
15	8
16	2
17	2
18	9
19	7
20	5
21	8
22	4
23	9
24	8
25	9
26	3
27	3
28	5
29	5
30	7
31	7
32	4
33	4
34	4
35	6
36	8
37	4
38	9
39	9
40	6
/

epsilon(i)	Priority
/
0	0
1	3
2	5
3	4
4	6
5	9
6	2
7	2
8	3
9	9
10	1
11	5
12	5
13	9
14	5
15	9
16	8
17	1
18	6
19	4
20	1
21	3
22	7
23	7
24	7
25	6
26	9
27	3
28	7
29	3
30	2
31	7
32	2
33	2
34	2
35	6
36	2
37	7
38	6
39	6
40	6
/

psi	Vehicle Capacity
/ 24 /
;

Table kappa(i,j)                 Setup
         0        1        2        3        4        5        6        7        8        9        10       11       12       13       14       15       16       17       18       19       20       21       22       23       24       25       26       27       28       29       30       31       32       33       34       35       36       37       38       39       40       
0        0        2225     1025     1177     2502     2668     2434     4018     305      1128     2660     1964     1977     3137     2194     3145     2319     2576     3891     3241     2624     3044     2212     4006     3597     1695     2365     3173     3421     3171     3316     3754     1513     3034     3687     4067     4271     1627     1452     749      3330     
1        2225     0        1204     1061     2426     640      1775     2465     2280     1162     1860     1117     454      2238     546      1449     426      879      2177     2553     540      1354     1279     1879     1741     2211     2534     1627     1200     1163     2352     2420     971      3129     2929     2250     2712     1209     899      2349     1421     
2        1025     1204     0        156      2131     1699     1782     3158     1082     352      1980     1135     964      2462     1262     2297     1305     1610     2978     2660     1604     2192     1533     2992     2639     1531     2104     2282     2404     2224     2629     2956     606      2798     3104     3128     3415     866      482      1226     2353     
3        1177     1061     156      0        2075     1579     1681     3015     1220     401      1871     1012     808      2351     1162     2211     1149     1456     2829     2562     1448     2106     1503     2836     2485     1527     2068     2137     2261     2110     2515     2823     479      2755     3003     2977     3273     769      339      1329     2198     
4        2502     2426     2131     2075     0        3054     729      2179     2260     2471     814      1312     1987     1001     2889     3876     2079     1823     2288     883      2281     3781     3480     3064     2309     832      271      1719     3217     3536     1153     1769     1676     707      1274     2543     2367     1346     1841     1880     2250     
5        2668     640      1699     1579     3054     0        2381     2788     2775     1543     2441     1751     1094     2774     493      833      987      1372     2449     3109     899      748      1056     1846     1977     2848     3171     2040     882      537      2867     2830     1592     3752     3454     2456     3016     1847     1496     2905     1670     
6        2434     1775     1782     1681     729      2381     0        1707     2260     2079     229      722      1366     704      2278     3213     1394     1099     1717     880      1568     3122     2930     2368     1646     1085     935      1060     2490     2841     882      1365     1214     1387     1322     1956     1936     915      1378     1983     1547     
7        4018     2465     3158     3015     2179     2788     1707     0        3893     3348     1490     2058     2317     1179     2990     3519     2070     1627     387      1414     1949     3465     3730     1482     843      2786     2449     881      2309     2998     1049     431      2558     2492     1360     569      257      2391     2677     3668     1123     
8        305      2280     1082     1220     2260     2775     2260     3893     0        1268     2489     1864     1981     2955     2320     3312     2318     2527     3793     3033     2631     3210     2420     3991     3530     1437     2106     3071     3481     3294     3135     3605     1469     2762     3475     3983     4142     1521     1442     447      3278     
9        1128     1162     352      401      2471     1543     2079     3348     1268     0        2265     1395     1057     2741     1066     2046     1373     1747     3136     2960     1640     1943     1209     3027     2762     1884     2453     2467     2328     2043     2902     3182     868      3145     3399     3264     3606     1170     711      1497     2459     
10       2660     1860     1980     1871     814      2441     229      1490     2489     2265     0        879      1478     485      2381     3274     1456     1103     1525     713      1588     3187     3058     2250     1499     1295     1055     908      2467     2875     660      1138     1396     1401     1137     1771     1715     1114     1557     2212     1438     
11       1964     1117     1135     1012     1312     1751     722      2058     1864     1395     879      0        674      1347     1582     2566     808      742      1931     1588     1072     2470     2212     2232     1677     1188     1419     1210     2049     2252     1506     1826     532      2017     2017     2118     2312     342      684      1717     1453     
12       1977     454      964      808      1987     1094     1366     2317     1981     1057     1478     674      0        1897     912      1896     341      695      2085     2187     650      1798     1581     2029     1705     1761     2084     1439     1552     1614     2031     2198     558      2692     2588     2207     2573     759      539      1985     1405     
13       3137     2238     2462     2351     1001     2774     704      1179     2955     2741     485      1347     1897     0        2776     3602     1816     1402     1326     359      1885     3521     3477     2245     1454     1680     1272     917      2663     3162     180      767      1873     1372     692      1586     1366     1599     2030     2655     1499     
14       2194     546      1262     1162     2889     493      2278     2990     2320     1066     2381     1582     912      2776     0        1060     972      1424     2685     3083     1042     956      740      2241     2232     2561     2967     2167     1354     976      2894     2962     1288     3596     3468     2734     3233     1588     1158     2487     1913     
15       3145     1449     2297     2211     3876     833      3213     3519     3312     2046     3274     2566     1896     3602     1060     0        1820     2199     3157     3939     1717     104      1021     2358     2682     3613     3981     2832     1298     539      3689     3608     2339     4578     4276     3120     3729     2625     2217     3522     2399     
16       2319     426      1305     1149     2079     987      1394     2070     2318     1373     1456     808      341      1816     972      1820     0        457      1807     2138     315      1732     1701     1687     1399     1980     2215     1214     1265     1456     1927     2002     872      2771     2506     1907     2322     1003     876      2304     1089     
17       2576     879      1610     1456     1823     1372     1099     1627     2527     1747     1103     742      695      1402     1424     2199     457      0        1390     1740     488      2118     2157     1495     1029     1906     2002     760      1394     1775     1497     1544     1064     2483     2083     1521     1882     1051     1135     2434     753      
18       3891     2177     2978     2829     2288     2449     1717     387      3793     3136     1525     1931     2085     1326     2685     3157     1807     1390     0        1622     1645     3107     3421     1103     475      2801     2551     722      1928     2630     1239     702      2395     2692     1655     259      572      2272     2496     3608     780      
19       3241     2553     2660     2562     883      3109     880      1414     3033     2960     713      1588     2187     359      3083     3939     2138     1740     1622     0        2227     3856     3768     2588     1795     1669     1143     1274     3021     3510     383      982      2094     1079     449      1880     1559     1794     2258     2695     1856     
20       2624     540      1604     1448     2281     899      1568     1949     2631     1640     1588     1072     650      1885     1042     1717     315      488      1645     2227     0        1639     1781     1391     1202     2259     2440     1150     976      1287     1971     1946     1187     2956     2559     1710     2191     1302     1189     2619     882      
21       3044     1354     2192     2106     3781     748      3122     3465     3210     1943     3187     2470     1798     3521     956      104      1732     2118     3107     3856     1639     0        938      2335     2631     3510     3883     2763     1275     517      3611     3544     2237     4483     4198     3077     3679     2524     2113     3418     2343     
22       2212     1279     1533     1503     3480     1056     2930     3730     2420     1209     3058     2212     1581     3477     740      1021     1701     2157     3421     3768     1781     938      0        2902     2963     3024     3519     2905     1916     1292     3605     3699     1808     4182     4169     3461     3972     2136     1649     2699     2645     
23       4006     1879     2992     2836     3064     1846     2368     1482     3991     3027     2250     2232     2029     2245     2241     2358     1687     1495     1103     2588     1391     2335     2902     0        792      3352     3297     1355     1060     1820     2214     1783     2523     3597     2712     932      1601     2546     2557     3926     822      
24       3597     1741     2639     2485     2309     1977     1646     843      3530     2762     1499     1677     1705     1454     2232     2682     1399     1029     475      1795     1202     2631     2963     792      0        2689     2554     590      1468     2157     1422     1038     2084     2813     1934     509      1047     2017     2164     3392     320      
25       1695     2211     1531     1527     832      2848     1085     2786     1437     1884     1295     1188     1761     1680     2561     3613     1980     1906     2801     1669     2259     3510     3024     3352     2689     0        670      2121     3235     3374     1856     2420     1274     1348     2090     3036     3007     1002     1407     1047     2536     
26       2365     2534     2104     2068     271      3171     935      2449     2106     2453     1055     1419     2084     1272     2967     3981     2215     2002     2551     1143     2440     3883     3519     3297     2554     670      0        1963     3394     3668     1424     2040     1711     697      1514     2805     2638     1388     1870     1702     2479     
27       3173     1627     2282     2137     1719     2040     1060     881      3071     2467     908      1210     1439     917      2167     2832     1214     760      722      1274     1150     2763     2905     1355     590      2121     1963     0        1776     2349     931      796      1688     2245     1500     928      1139     1551     1800     2889     581      
28       3421     1200     2404     2261     3217     882      2490     2309     3481     2328     2467     2049     1552     2663     1354     1298     1265     1394     1928     3021     976      1275     1916     1060     1468     3235     3394     1776     0        760      2703     2476     2110     3865     3277     1854     2494     2268     2074     3530     1238     
29       3171     1163     2224     2110     3536     537      2841     2998     3294     2043     2875     2252     1614     3162     976      539      1456     1775     2630     3510     1287     517      1292     1820     2157     3374     3668     2349     760      0        3235     3109     2126     4225     3822     2585     3202     2372     2033     3439     1884     
30       3316     2352     2629     2515     1153     2867     882      1049     3135     2902     660      1506     2031     180      2894     3689     1927     1497     1239     383      1971     3611     3605     2214     1422     1856     1424     931      2703     3235     0        624      2036     1455     588      1497     1218     1769     2190     2836     1506     
31       3754     2420     2956     2823     1769     2830     1365     431      3605     3182     1138     1826     2198     767      2962     3608     2002     1544     702      982      1946     3544     3699     1783     1038     2420     2040     796      2476     3109     624      0        2350     2061     954      944      598      2141     2485     3347     1239     
32       1513     971      606      479      1676     1592     1214     2558     1469     868      1396     532      558      1873     1288     2339     872      1064     2395     2094     1187     2237     1808     2523     2084     1274     1711     1688     2110     2126     2036     2350     0        2375     2531     2560     2815     330      167      1432     1818     
33       3034     3129     2798     2755     707      3752     1387     2492     2762     3145     1401     2017     2692     1372     3596     4578     2771     2483     2692     1079     2956     4483     4182     3597     2813     1348     697      2245     3865     4225     1455     2061     2375     0        1260     2951     2627     2046     2538     2338     2813     
34       3687     2929     3104     3003     1274     3454     1322     1360     3475     3399     1137     2017     2588     692      3468     4276     2506     2083     1655     449      2559     4198     4169     2712     1934     2090     1514     1500     3277     3822     588      954      2531     1260     0        1898     1435     2237     2693     3126     2061     
35       4067     2250     3128     2977     2543     2456     1956     569      3983     3264     1771     2118     2207     1586     2734     3120     1907     1521     259      1880     1710     3077     3461     932      509      3036     2805     928      1854     2585     1497     944      2560     2951     1898     0        669      2461     2649     3815     828      
36       4271     2712     3415     3273     2367     3016     1936     257      4142     3606     1715     2312     2573     1366     3233     3729     2322     1882     572      1559     2191     3679     3972     1601     1047     3007     2638     1139     2494     3202     1218     598      2815     2627     1435     669      0        2644     2934     3908     1345     
37       1627     1209     866      769      1346     1847     915      2391     1521     1170     1114     342      759      1599     1588     2625     1003     1051     2272     1794     1302     2524     2136     2546     2017     1002     1388     1551     2268     2372     1769     2141     330      2046     2237     2461     2644     0        496      1385     1783     
38       1452     899      482      339      1841     1496     1378     2677     1442     711      1557     684      539      2030     1158     2217     876      1135     2496     2258     1189     2113     1649     2557     2164     1407     1870     1800     2074     2033     2190     2485     167      2538     2693     2649     2934     496      0        1457     1884     
39       749      2349     1226     1329     1880     2905     1983     3668     447      1497     2212     1717     1985     2655     2487     3522     2304     2434     3608     2695     2619     3418     2699     3926     3392     1047     1702     2889     3530     3439     2836     3347     1432     2338     3126     3815     3908     1385     1457     0        3168     
40       3330     1421     2353     2198     2250     1670     1547     1123     3278     2459     1438     1453     1405     1499     1913     2399     1089     753      780      1856     882      2343     2645     822      320      2536     2479     581      1238     1884     1506     1239     1818     2813     2061     828      1345     1783     1884     3168     0        
;



Table delta(i,j)                 Distance
         0        1        2        3        4        5        6        7        8        9        10       11       12       13       14       15       16       17       18       19       20       21       22       23       24       25       26       27       28       29       30       31       32       33       34       35       36       37       38       39       40       
0        0        176      231      255      333      138      246      284      262      221      260      225      149      341      117      215      386      422      235      200      321      118      134      48       260      216      241      177      140      338      257      188      190      103      127      200      266      345      210      257      247      
1        176      0        349      185      242      236      342      289      87       240      108      128      198      353      264      253      294      321      81       293      211      61       305      218      236      287      181      214      315      240      337      53       298      182      126      264      289      391      161      82       144      
2        231      349      0        282      343      112      45       197      431      169      373      302      158      214      117      143      378      417      361      65       359      291      155      242      228      92       268      157      180      355      76       325      51       167      225      109      168      171      250      405      315      
3        255      185      282      0        77       197      252      130      224      115      125      58       141      186      263      141      130      167      131      217      78       176      328      303      70       192      15       128      350      85       232      133      237      173      128      173      144      242      45       181      51       
4        333      242      343      77       0        270      307      160      257      173      153      118      215      198      338      200      54       89       171      280      41       246      404      381      114      250      92       198      426      14       282      190      302      250      205      235      185      266      123      213      99       
5        138      236      112      197      270      0        112      165      319      109      268      202      56       213      70       91       315      355      253      64       275      178      137      167      165      78       182      72       163      280      119      214      62       54       114      65       141      208      157      295      219      
6        246      342      45       252      307      112      0        155      420      137      353      279      144      169      142      111      339      378      343      49       327      287      191      265      193      61       239      135      217      321      31       312      56       165      215      82       127      128      225      390      290      
7        284      289      197      130      160      165      155      0        346      62       253      180      134      64       234      74       185      223      255      143      189      257      300      323      59       109      123      106      327      175      127      242      169      180      182      105      29       112      130      306      180      
8        262      87       431      224      257      319      420      346      0        306      104      166      276      407      352      323      302      320      92       373      219      149      392      301      288      363      225      287      402      251      412      109      380      266      206      340      351      454      216      44       173      
9        221      240      169      115      173      109      137      62       306      0        225      149      72       122      180      26       212      252      220      106      190      201      247      261      60       77       102      44       272      186      116      198      129      118      123      61       49       150      94       270      156      
10       260      108      373      125      153      268      353      253      104      225      0        75       215      311      318      246      199      220      27       310      115      144      372      307      194      292      130      218      388      146      339      71       323      223      158      270      264      365      130      60       73       
11       225      128      302      58       118      202      279      180      166      149      75       0        147      240      260      171      172      203      75       238      96       128      319      274      121      218      58       145      338      119      264      75       253      164      104      196      189      291      55       126      21       
12       149      198      158      141      215      56       144      134      276      72       215      147      0        193      122      68       263      302      202      97       219      147      188      189      118      89       126      28       212      225      139      168      108      46       71       67       118      207      100      247      163      
13       341      353      214      186      198      213      169      64       407      122      311      240      193      0        277      126      207      240      316      175      233      321      340      378      119      143      182      165      367      213      137      305      200      238      245      148      75       72       193      366      238      
14       117      264      117      263      338      70       142      234      352      180      318      260      122      277      0        160      385      424      299      107      340      203      67       125      236      135      248      142      92       348      162      256      87       96       160      130      209      260      220      335      278      
15       215      253      143      141      200      91       111      74       323      26       246      171      68       126      160      0        238      277      240      80       216      209      227      252      86       51       127      42       253      212      92       214      104      112      131      35       51       140      116      289      180      
16       386      294      378      130      54       315      339      185      302      212      199      172      263      207      385      238      0        39       220      318      84       300      451      434      152      286      144      243      475      53       312      242      342      300      258      273      213      279      176      258      152      
17       422      321      417      167      89       355      378      223      320      252      220      203      302      240      424      277      39       0        244      357      109      332      490      470      191      325      181      282      514      84       350      271      381      338      295      313      251      312      213      277      182      
18       235      81       361      131      171      253      343      255      92       220      27       75       202      316      299      240      220      244      0        298      136      117      350      281      196      284      133      208      365      167      331      46       310      205      140      261      262      365      127      50       81       
19       200      293      65       217      280      64       49       143      373      106      310      238      97       175      107      80       318      357      298      0        294      238      166      224      166      33       203      92       193      292      57       265      26       116      167      45       114      153      185      344      250      
20       321      211      359      78       41       275      327      189      219      190      115      96       219      233      340      216      84       109      136      294      0        224      404      369      135      267      93       206      425      32       304      161      315      248      195      249      210      299      120      174      74       
21       118      61       291      176      246      178      287      257      149      201      144      128      147      321      203      209      300      332      117      238      224      0        244      164      211      236      167      167      255      248      285      72       241      123      77       214      251      349      140      138      149      
22       134      305      155      328      404      137      191      300      392      247      372      319      188      340      67       227      451      490      350      166      404      244      0        116      303      197      313      209      26       413      216      305      142      156      216      195      274      316      284      381      339      
23       48       218      242      303      381      167      265      323      301      261      307      274      189      378      125      252      434      470      281      224      369      164      116      0        304      245      289      217      112      387      281      235      208      143      175      232      303      375      258      300      296      
24       260      236      228      70       114      165      193      59       288      60       194      121      118      119      236      86       152      191      196      166      135      211      303      304      0        135      63       94       328      128      169      187      190      161      142      121      75       172      75       247      120      
25       216      287      92       192      250      78       61       109      363      77       292      218      89       143      135      51       286      325      284      33       267      236      197      245      135      0        178      76       224      263      49       254      60       121      161      23       80       130      164      331      229      
26       241      181      268      15       92       182      239      123      225      102      130      58       126      182      248      127      144      181      133      203      93       167      313      289      63       178      0        113      335      100      219      129      223      158      114      159      135      235      31       184      57       
27       177      214      157      128      198      72       135      106      287      44       218      145      28       165      142      42       243      282      208      92       206      167      209      217      94       76       113      0        234      209      124      178      110      74       89       53       90       182      93       255      158      
28       140      315      180      350      426      163      217      327      402      272      388      338      212      367      92       253      475      514      365      193      425      255      26       112      328      224      335      234      0        435      242      319      169      177      234      222      300      343      305      393      359      
29       338      240      355      85       14       280      321      175      251      186      146      119      225      213      348      212      53       84       167      292      32       248      413      387      128      263      100      209      435      0        296      189      315      259      211      247      199      281      131      206      99       
30       257      337      76       232      282      119      31       127      412      116      339      264      139      137      162      92       312      350      331      57       304      285      216      281      169      49       219      124      242      296      0        303      75       168      210      72       99       100      209      380      273      
31       188      53       325      133      190      214      312      242      109      198      71       75       168      305      256      214      242      271      46       265      161      72       305      235      187      254      129      178      319      189      303      0        274      164      100      231      245      348      112      80       91       
32       190      298      51       237      302      62       56       169      380      129      323      253      108      200      87       104      342      381      310      26       315      241      142      208      190      60       223      110      169      315      75       274      0        117      174      68       140      175      203      354      268      
33       103      182      167      173      250      54       165      180      266      118      223      164      46       238      96       112      300      338      205      116      248      123      156      143      161      121      158      74       177      259      168      164      117      0        65       101      163      247      128      244      183      
34       127      126      225      128      205      114      215      182      206      123      158      104      71       245      160      131      258      295      140      167      195      77       216      175      142      161      114      89       234      211      210      100      174      65       0        138      173      272      83       180      125      
35       200      264      109      173      235      65       82       105      340      61       270      196      67       148      130      35       273      313      261      45       249      214      195      232      121      23       159      53       222      247      72       231      68       101      138      0        78       145      143      309      208      
36       266      289      168      144      185      141      127      29       351      49       264      189      118      75       209      51       213      251      262      114      210      251      274      303      75       80       135      90       300      199      99       245      140      163      173      78       0        103      135      313      192      
37       345      391      171      242      266      208      128      112      454      150      365      291      207      72       260      140      279      312      365      153      299      349      316      375      172      130      235      182      343      281      100      348      175      247      272      145      103      0        239      416      293      
38       210      161      250      45       123      157      225      130      216      94       130      55       100      193      220      116      176      213      127      185      120      140      284      258      75       164      31       93       305      131      209      112      203      128      83       143      135      239      0        177      65       
39       257      82       405      181      213      295      390      306      44       270      60       126      247      366      335      289      258      277      50       344      174      138      381      300      247      331      184      255      393      206      380      80       354      244      180      309      313      416      177      0        130      
40       247      144      315      51       99       219      290      180      173      156      73       21       163      238      278      180      152      182      81       250      74       149      339      296      120      229      57       158      359      99       273      91       268      183      125      208      192      293      65       130      0        
;

