

sets
i        orders          /0*40/
k        routes          /1*40/
p        positions       /0*40/
;

alias(i,j)
alias(i,h)
alias(i,hh)
alias(i,jj)
alias(k,kk)
                            Parameters

rho(i)	Processing time
/
0	0
1	47
2	70
3	61
4	56
5	66
6	92
7	36
8	74
9	38
10	53
11	59
12	83
13	87
14	33
15	45
16	57
17	93
18	34
19	86
20	72
21	55
22	91
23	68
24	72
25	71
26	11
27	64
28	64
29	58
30	61
31	23
32	26
33	59
34	13
35	89
36	18
37	69
38	73
39	5
40	57
/

gamma(i)	Duedate
/
0	0
1	71
2	57
3	50
4	62
5	82
6	40
7	28
8	70
9	28
10	59
11	5
12	51
13	29
14	61
15	60
16	19
17	68
18	17
19	42
20	20
21	77
22	99
23	80
24	96
25	64
26	89
27	57
28	47
29	98
30	15
31	20
32	83
33	83
34	14
35	29
36	25
37	43
38	48
39	73
40	50
/

sigma(i)	Size
/
0	0
1	1
2	8
3	9
4	4
5	8
6	4
7	4
8	3
9	3
10	3
11	3
12	7
13	3
14	5
15	1
16	5
17	9
18	2
19	9
20	8
21	7
22	7
23	3
24	3
25	4
26	9
27	4
28	6
29	2
30	6
31	5
32	9
33	4
34	7
35	6
36	7
37	2
38	4
39	6
40	1
/

epsilon(i)	Priority
/
0	0
1	7
2	6
3	7
4	2
5	4
6	5
7	1
8	8
9	1
10	6
11	3
12	6
13	2
14	3
15	7
16	8
17	4
18	7
19	3
20	9
21	5
22	5
23	5
24	3
25	3
26	2
27	5
28	9
29	7
30	4
31	4
32	9
33	5
34	6
35	1
36	2
37	7
38	5
39	3
40	4
/

psi	Vehicle Capacity
/ 23 /
;

Table kappa(i,j)                 Setup
         0        1        2        3        4        5        6        7        8        9        10       11       12       13       14       15       16       17       18       19       20       21       22       23       24       25       26       27       28       29       30       31       32       33       34       35       36       37       38       39       40       
0        0        2860     600      2607     911      1097     187      2193     3316     1966     1463     953      1477     2019     2232     3178     2703     235      2325     3282     1607     2900     1442     2281     2956     1263     1431     2487     3703     1275     851      2134     2988     2516     2267     1952     192      904      2554     2371     1329     
1        2860     0        3434     2145     2508     2399     2836     1467     2161     1318     2603     3682     1627     2089     1578     2250     2461     2625     1021     2026     3998     1264     2002     3673     1205     3624     3446     4242     2411     2522     3127     3353     518      2241     689      2116     2838     3692     3812     4264     2249     
2        600      3434     0        3152     1424     1394     599      2783     3880     2445     1927     414      1961     2333     2645     3732     3218     830      2925     3854     1552     3359     1823     2532     3423     1309     1243     2596     4266     1761     768      2453     3583     3050     2859     2262     597      639      2809     2443     1647     
3        2607     2145     3152     0        1729     3009     2723     772      768      2659     1313     3548     2519     3375     3099     585      316      2437     1162     793      2782     3217     2905     1878     3194     2517     3891     2506     1133     1424     3348     1572     1770     156      1619     3355     2728     3009     1910     2606     3046     
4        911      2508     1424     1729     0        1681     1061     1455     2468     2050     567      1826     1633     2426     2438     2311     1799     798      1717     2451     1492     2946     1826     1583     2976     1116     2309     1970     2850     369      1733     1357     2483     1625     1830     2375     1066     1340     1831     1921     1835     
5        1097     2399     1394     3009     1681     0        932      2364     3579     1173     2222     1457     772      943      1274     3505     3203     995      2284     3505     2705     2017     460      3244     2091     2356     1052     3536     3959     2020     789      3037     2705     2971     2014     873      930      1941     3502     3438     252      
6        187      2836     599      2723     1061     932      0        2267     3416     1871     1622     888      1383     1866     2109     3288     2835     287      2365     3376     1779     2798     1304     2467     2858     1442     1257     2674     3805     1429     677      2315     2997     2640     2270     1798     5        1024     2739     2557     1172     
7        2193     1467     2783     772      1455     2364     2267     0        1215     1893     1293     3144     1793     2630     2331     1155     1066     1984     445      1144     2816     2456     2197     2246     2438     2482     3324     2844     1596     1292     2822     1922     1206     822      867      2614     2271     2795     2361     2894     2364     
8        3316     2161     3880     768      2468     3579     3416     1215     0        3013     2080     4267     2986     3791     3428     229      888      3128     1405     140      3543     3379     3399     2559     3336     3285     4527     3182     388      2182     4009     2275     1676     910      1847     3784     3421     3769     2540     3303     3575     
9        1966     1318     2445     2659     2050     1173     1871     1893     3013     0        2420     2594     489      807      444      3011     2932     1760     1607     2905     3438     936      726      3567     989      3056     2179     4015     3352     2255     1956     3288     1728     2682     1184     819      1871     2869     3781     3972     975      
10       1463     2603     1927     1313     567      2222     1622     1293     2080     2420     0        2339     2062     2901     2839     1895     1312     1365     1667     2090     1533     3255     2316     1149     3271     1225     2875     1655     2445     202      2297     869      2463     1183     1916     2856     1627     1703     1362     1662     2356     
11       953      3682     414      3548     1826     1457     888      3144     4267     2594     2339     0        2130     2351     2732     4124     3624     1162     3254     4235     1875     3472     1914     2929     3544     1677     986      2956     4654     2170     691      2861     3873     3450     3146     2279     884      948      3205     2792     1702     
12       1477     1627     1961     2519     1633     772      1383     1793     2986     489      2062     2130     0        871      809      2947     2762     1273     1615     2894     2970     1424     424      3192     1479     2590     1821     3603     3350     1881     1519     2930     1946     2514     1281     842      1383     2381     3421     3546     645      
13       2019     2089     2333     3375     2426     943      1866     2630     3791     807      2901     2351     871      0        545      3773     3627     1879     2390     3689     3617     1263     605      4008     1353     3254     1669     4371     4140     2712     1660     3762     2528     3378     1985     72       1864     2883     4248     4293     695      
14       2232     1578     2645     3099     2438     1274     2109     2331     3428     444      2839     2732     809      545      0        3437     3375     2049     2026     3316     3770     756      823      3981     838      3393     2161     4408     3757     2668     2055     3709     2045     3125     1584     593      2109     3131     4202     4355     1031     
15       3178     2250     3732     585      2311     3505     3288     1155     229      3011     1895     4124     2947     3773     3437     0        664      3000     1413     332      3337     3437     3353     2333     3400     3088     4428     2955     550      2009     3897     2051     1787     713      1871     3761     3293     3594     2312     3078     3516     
16       2703     2461     3218     316      1799     3203     2835     1066     888      2932     1312     3624     2762     3627     3375     664      0        2552     1473     956      2689     3521     3133     1673     3500     2458     4039     2298     1194     1459     3482     1387     2084     250      1925     3603     2840     3012     1669     2416     3259     
17       235      2625     830      2437     798      995      287      1984     3128     1760     1365     1162     1273     1879     2049     3000     2552     0        2098     3089     1739     2697     1285     2279     2749     1375     1511     2542     3517     1167     937      2102     2754     2355     2032     1816     292      1114     2545     2442     1206     
18       2325     1021     2925     1162     1717     2284     2365     445      1405     1607     1667     3254     1615     2390     2026     1413     1473     2098     0        1299     3154     2059     2037     2677     2034     2801     3300     3264     1750     1628     2845     2353     796      1239     464      2386     2369     3026     2801     3304     2236     
19       3282     2026     3854     793      2451     3505     3376     1144     140      2905     2090     4235     2894     3689     3316     332      956      3089     1299     0        3575     3250     3311     2629     3206     3305     4466     3254     456      2180     3957     2337     1538     943      1732     3684     3380     3766     2623     3369     3492     
20       1607     3998     1552     2782     1492     2705     1779     2816     3543     3438     1533     1875     2970     3617     3770     3337     2689     1739     3154     3575     0        4366     3025     1310     4407     384      2795     1117     3880     1528     2290     1417     3942     2634     3316     3552     1782     927      1550     933      2934     
21       2900     1264     3359     3217     2946     2017     2798     2456     3379     936      3255     3472     1424     1263     756      3437     3521     2697     2059     3250     4366     0        1557     4402     94       3983     2914     4888     3657     3109     2803     4106     1782     3278     1598     1323     2798     3804     4595     4860     1780     
22       1442     2002     1823     2905     1826     460      1304     2197     3399     726      2316     1914     424      605      823      3353     3133     1285     2037     3311     3025     1557     0        3409     1631     2658     1456     3766     3767     2122     1250     3170     2353     2889     1702     550      1302     2328     3653     3688     250      
23       2281     3673     2532     1878     1583     3244     2467     2246     2559     3567     1149     2929     3192     4008     3981     2333     1673     2279     2677     2629     1310     4402     3409     0        4416     1294     3693     627      2834     1313     3121     324      3452     1723     3001     3957     2472     2039     276      747      3413     
24       2956     1205     3423     3194     2976     2091     2858     2438     3336     989      3271     3544     1479     1353     838      3400     3500     2749     2034     3206     4407     94       1631     4416     0        4023     2999     4910     3607     3129     2879     4116     1723     3259     1575     1412     2858     3859     4605     4885     1857     
25       1263     3624     1309     2517     1116     2356     1442     2482     3285     3056     1225     1677     2590     3254     3393     3088     2458     1375     2801     3305     384      3983     2658     1294     4023     0        2538     1287     3636     1190     2003     1310     3584     2376     2945     3191     1446     751      1562     1140     2578     
26       1431     3446     1243     3891     2309     1052     1257     3324     4527     2179     2875     986      1821     1669     2161     4428     4039     1511     3300     4466     2795     2914     1456     3693     2999     2538     0        3822     4914     2678     580      3562     3757     3827     3059     1603     1252     1876     3968     3677     1205     
27       2487     4242     2596     2506     1970     3536     2674     2844     3182     4015     1655     2956     3603     4371     4408     2955     2298     2542     3264     3254     1117     4888     3766     627      4910     1287     3822     0        3447     1781     3278     940      4050     2350     3561     4315     2678     2011     681      207      3733     
28       3703     2411     4266     1133     2850     3959     3805     1596     388      3352     2445     4654     3350     4140     3757     550      1194     3517     1750     456      3880     3657     3767     2834     3607     3636     4914     3447     0        2556     4398     2568     1904     1263     2173     4136     3810     4142     2786     3581     3948     
29       1275     2522     1761     1424     369      2020     1429     1292     2182     2255     202      2170     1881     2712     2668     2009     1459     1167     1628     2180     1528     3109     2122     1313     3129     1190     2678     1781     2556     0        2102     1051     2421     1306     1832     2665     1434     1587     1540     1768     2157     
30       851      3127     768      3348     1733     789      677      2822     4009     1956     2297     691      1519     1660     2055     3897     3482     937      2845     3957     2290     2803     1250     3121     2879     2003     580      3278     4398     2102     0        2984     3378     3276     2660     1588     671      1401     3396     3142     1024     
31       2134     3353     2453     1572     1357     3037     2315     1922     2275     3288     869      2861     2930     3762     3709     2051     1387     2102     2353     2337     1417     4106     3170     324      4116     1310     3562     940      2568     1051     2984     0        3128     1416     2683     3715     2320     2023     493      1034     3192     
32       2988     518      3583     1770     2483     2705     2997     1206     1676     1728     2463     3873     1946     2528     2045     1787     2084     2754     796      1538     3942     1782     2353     3452     1723     3584     3757     4050     1904     2421     3378     3128     0        1887     727      2546     3000     3757     3559     4095     2590     
33       2516     2241     3050     156      1625     2971     2640     822      910      2682     1183     3450     2514     3378     3125     713      250      2355     1239     943      2634     3278     2889     1723     3259     2376     3827     2350     1263     1306     3276     1416     1887     0        1685     3355     2645     2885     1758     2450     3020     
34       2267     689      2859     1619     1830     2014     2270     867      1847     1184     1916     3146     1281     1985     1584     1871     1925     2032     464      1732     3316     1598     1702     3001     1575     2945     3059     3561     2173     1832     2660     2683     727      1685     0        1988     2273     3057     3152     3578     1924     
35       1952     2116     2262     3355     2375     873      1798     2614     3784     819      2856     2279     842      72       593      3761     3603     1816     2386     3684     3552     1323     550      3957     1412     3191     1603     4315     4136     2665     1588     3715     2546     3355     1988     0        1796     2814     4199     4235     626      
36       192      2838     597      2728     1066     930      5        2271     3421     1871     1627     884      1383     1864     2109     3293     2840     292      2369     3380     1782     2798     1302     2472     2858     1446     1252     2678     3810     1434     671      2320     3000     2645     2273     1796     0        1026     2744     2561     1170     
37       904      3692     639      3009     1340     1941     1024     2795     3769     2869     1703     948      2381     2883     3131     3594     3012     1114     3026     3766     927      3804     2328     2039     3859     751      1876     2011     4142     1587     1401     2023     3757     2885     3057     2814     1026     0        2310     1844     2188     
38       2554     3812     2809     1910     1831     3502     2739     2361     2540     3781     1362     3205     3421     4248     4202     2312     1669     2545     2801     2623     1550     4595     3653     276      4605     1562     3968     681      2786     1540     3396     493      3559     1758     3152     4199     2744     2310     0        853      3666     
39       2371     4264     2443     2606     1921     3438     2557     2894     3303     3972     1662     2792     3546     4293     4355     3078     2416     2442     3304     3369     933      4860     3688     747      4885     1140     3677     207      3581     1768     3142     1034     4095     2450     3578     4235     2561     1844     853      0        3643     
40       1329     2249     1647     3046     1835     252      1172     2364     3575     975      2356     1702     645      695      1031     3516     3259     1206     2236     3492     2934     1780     250      3413     1857     2578     1205     3733     3948     2157     1024     3192     2590     3020     1924     626      1170     2188     3666     3643     0        
;



Table delta(i,j)                 Distance
         0        1        2        3        4        5        6        7        8        9        10       11       12       13       14       15       16       17       18       19       20       21       22       23       24       25       26       27       28       29       30       31       32       33       34       35       36       37       38       39       40       
0        0        194      94       193      329      121      198      141      194      32       257      224      254      208      118      392      287      235      189      260      53       209      295      335      233      108      64       244      237      182      104      227      212      351      292      235      130      156      253      254      46       
1        194      0        287      98       160      301      140      56       60       185      195      172      135      101      184      199      175      167      211      106      238      87       106      162      45       275      251      75       187      33       106      223      168      161      280      160      71       139      122      60       147      
2        94       287      0        274      421      84       281      233      287      113      334      302      331      298      185      486      372      315      252      345      54       301      390      429      325      101      62       338      297      273      191      272      290      445      351      303      221      225      344      347      140      
3        193      98       274      0        249      314      228      83       155      200      288      262      61       196      238      258      274      260      284      73       219      184      184      248      94       297      257      171      88       65       90       127      255      230      368      63       80       60       221      121      156      
4        329      160      421      249      0        411      163      212      134      308      162      169      261      127      264      109      100      152      243      217      380      121      72       13       157      378      371      87       332      192      262      376      176      71       251      302      227      298      86       132      284      
5        121      301      84       314      411      0        254      254      284      117      295      267      375      283      149      490      344      282      202      379      118      290      393      420      344      34       57       336      356      296      224      339      255      446      292      356      246      276      327      361      160      
6        198      140      281      228      163      254      0        149      82       170      64       34       274      47       104      260      91       38       83       246      251      62       171      174      179      221      224      113      314      166      180      338      27       215      140      292      159      245      77       177      163      
7        141      56       233      83       212      254      149      0        88       136      212      183      139      125      157      256      209      184      201      128      182      116      163      215      92       231      201      124      165      42       50       190      176      217      287      145      15       98       159      114      95       
8        194      60       287      155      134      284      82       88       0        176      135      112      195      41       148      206      121      107      159      165      245      28       109      141      97       254      240      51       243      90       134      275      109      162      221      218      102      185      71       97       149      
9        32       185      113      200      308      117      170      136      176      0        227      194      262      185      85       379      260      205      156      262      83       187      281      316      227      96       65       227      254      179      110      250      182      336      260      248      128      172      230      245      44       
10       257      195      334      288      162      295      64       212      135      227      0        33       330      93       150      270      63       28       96       298      310      107      196      175      227      261      274      147      376      224      245      402      45       228      93       352      222      309      92       219      226      
11       224      172      302      262      169      267      34       183      112      194      33       0        307      73       119      272      80       17       75       277      277      88       190      181      208      233      243      135      348      199      214      372      12       228      108      325      193      279      87       204      193      
12       254      135      331      61       261      375      274      139      195      262      330      307      0        236      296      244      305      302      338      45       277      222      190      257      108      358      318      196      80       109      152      134      302      225      415      49       139      108      252      129      218      
13       208      101      298      196      127      283      47       125      41       185      93       73       236      0        137      217      85       66       130      205      261      15       125      137      136      251      245      66       284      131      166      314      72       172      181      259      137      223      45       131      167      
14       118      184      185      238      264      149      104      157      148      85       150      119      296      137      0        352      194      133      71       284      167      146      256      274      230      116      124      197      310      194      158      317      107      307      174      297      157      229      179      239      106      
15       392      199      486      258      109      490      260      256      206      379      270      272      244      217      352      0        209      257      343      199      438      206      97       96       170      461      444      155      324      221      304      375      278      45       360      292      270      317      185      144      345      
16       287      175      372      274      100      344      91       209      121      260      63       80       305      85       194      209      0        63       154      268      340      93       145      113      197      310      315      110      362      208      251      396      90       169      150      335      222      307      53       183      249      
17       235      167      315      260      152      282      38       184      107      205      28       17       302      66       133      257      63       0        92       271      288      81       177      165      201      248      256      124      347      196      217      374      27       213      116      323      194      281      73       194      201      
18       189      211      252      284      243      202      83       201      159      156      96       75       338      130      71       343      154      92       0        317      237      144      255      255      254      168      190      196      364      229      215      378      66       298      103      346      206      286      158      256      173      
19       260      106      345      73       217      379      246      128      165      262      298      277      45       205      284      199      268      271      317      0        291      190      145      212      70       358      323      157      125      90       156      176      274      180      386      93       134      132      215      87       219      
20       53       238      54       219      380      118      251      182      245      83       310      277      277      261      167      438      340      288      237      291      0        262      343      386      274      120      68       294      244      222      138      222      265      398      340      249      169      170      306      296      95       
21       209      87       301      184      121      290      62       116      28       187      107      88       222      15       146      206      93       81       144      190      262      0        112      130      120      258      250      52       272      118      159      304      87       161      196      246      129      213      46       115      166      
22       295      106      390      184      72       393      171      163      109      281      196      190      190      125      256      97       145      177      255      145      343      112      0        67       90       363      347      60       263      133      213      309      193      55       289      232      178      237      104      63       249      
23       335      162      429      248      13       420      174      215      141      316      175      181      257      137      274      96       113      165      255      212      386      130      67       0        155      388      380      92       330      193      265      375      188      58       264      299      231      299      97       129      290      
24       233      45       325      94       157      344      179      92       97       227      227      208      108      136      230      170      197      201      254      70       274      120      90       155      0        320      292      87       175      52       137      220      206      138      317      145      104      148      145      27       187      
25       108      275      101      297      378      34       221      231      254      96       261      233      358      251      116      461      310      248      168      358      120      258      363      388      320      0        51       305      345      273      206      334      221      416      260      343      224      264      294      335      140      
26       64       251      62       257      371      57       224      201      240      65       274      243      318      245      124      444      315      256      190      323      68       250      347      380      292      51       0        292      299      243      167      284      230      401      289      298      191      219      290      311      105      
27       244      75       338      171      87       336      113      124      51       227      147      135      196      66       197      155      110      124      196      157      294      52       60       92       87       305      292      0        258      108      174      297      137      111      240      229      140      214      58       73       199      
28       237      187      297      88       332      356      314      165      243      254      376      348      80       284      310      324      362      347      364      125      244      272      263      330      175      345      299      258      0        154      152      54       341      303      452      32       158      82       309      200      213      
29       182      33       273      65       192      296      166      42       90       179      224      199      109      131      194      221      208      196      229      90       222      118      133      193      52       273      243      108      154      0        84       189      193      185      306      128      52       106      156      77       137      
30       104      106      191      90       262      224      180      50       134      110      245      214      152      166      158      304      251      217      215      156      138      159      213      265      137      206      167      174      152      84       0        162      204      267      310      141      35       71       204      161      66       
31       227      223      272      127      376      339      338      190      275      250      402      372      134      314      317      375      396      374      378      176      222      304      309      375      220      334      284      297      54       189      162      0        364      353      472      84       179      93       344      246      213      
32       212      168      290      255      176      255      27       176      109      182      45       12       302      72       107      278      90       27       66       274      265      87       193      188      206      221      230      137      341      193      204      364      0        233      112      319      185      271      92       203      181      
33       351      161      445      230      71       446      215      217      162      336      228      228      225      172      307      45       169      213      298      180      398      161      55       58       138      416      401      111      303      185      267      353      233      0        319      271      232      286      140      110      304      
34       292      280      351      368      251      292      140      287      221      260      93       108      415      181      174      360      150      116      103      386      340      196      289      264      317      260      289      240      452      306      310      472      112      319      0        431      295      379      185      311      274      
35       235      160      303      63       302      356      292      145      218      248      352      325      49       259      297      292      335      323      346      93       249      246      232      299      145      343      298      229      32       128      141      84       319      271      431      0        140      79       282      169      205      
36       130      71       221      80       227      246      159      15       102      128      222      193      139      137      157      270      222      194      206      134      169      129      178      231      104      224      191      140      158      52       35       179      185      232      295      140      0        86       173      127      85       
37       156      139      225      60       298      276      245      98       185      172      309      279      108      223      229      317      307      281      286      132      170      213      237      299      148      264      219      214      82       106      71       93       271      286      379      79       86       0        256      175      130      
38       253      122      344      221      86       327      77       159      71       230      92       87       252      45       179      185      53       73       158      215      306      46       104      97       145      294      290      58       309      156      204      344      92       140      185      282      173      256      0        131      212      
39       254      60       347      121      132      361      177      114      97       245      219      204      129      131      239      144      183      194      256      87       296      115      63       129      27       335      311      73       200      77       161      246      203      110      311      169      127      175      131      0        207      
40       46       147      140      156      284      160      163      95       149      44       226      193      218      167      106      345      249      201      173      219      95       166      249      290      187      140      105      199      213      137      66       213      181      304      274      205      85       130      212      207      0        
;

