
sets
i        orders          /0*20/
k        routes          /1*20/
p        positions       /0*20/
;

alias(i,j)
alias(i,h)
alias(i,hh)
alias(i,jj)
alias(k,kk)
                
                    Parameters

rho(i)	Processing time
/
0	0
1	91
2	81
3	84
4	59
5	41
6	23
7	52
8	45
9	83
10	91
11	59
12	71
13	1
14	6
15	89
16	44
17	95
18	32
19	49
20	76
/

gamma(i)	Duedate
/
0	0
1	78
2	40
3	67
4	56
5	47
6	65
7	82
8	9
9	55
10	27
11	42
12	53
13	63
14	25
15	81
16	39
17	18
18	98
19	61
20	10
/

sigma(i)	Size
/
0	0
1	6
2	8
3	7
4	1
5	7
6	6
7	7
8	9
9	4
10	5
11	7
12	3
13	3
14	1
15	9
16	6
17	4
18	1
19	5
20	4
/

epsilon(i)	Priority
/
0	0
1	3
2	9
3	9
4	6
5	3
6	4
7	8
8	5
9	2
10	8
11	4
12	1
13	4
14	4
15	9
16	1
17	7
18	2
19	6
20	2
/

psi	Vehicle Capacity
/ 15 /
;

Table kappa(i,j)                 Setup
         0        1        2        3        4        5        6        7        8        9        10       11       12       13       14       15       16       17       18       19       20       
0        0        200      258      130      94       271      129      103      214      224      259      84       93       293      187      184      177      252      250      219      120      
1        200      0        72       103      273      99       153      264      179      357      70       172      237      135      278      207      198      198      57       191      312      
2        258      72       0        175      319      32       178      332      245      380      90       211      306      70       294      278      205      260      17       257      375      
3        130      103      175      0        221      200      161      166      108      337      141      150      138      234      275      114      220      141      161      118      223      
4        94       273      319      221      0        323      150      161      309      138      339      108      167      337      132      276      170      346      314      313      130      
5        271      99       32       200      323      0        176      351      276      372      123      215      326      37       285      307      194      292      49       288      390      
6        129      153      178      161      150      176      0        231      270      205      223      47       216      187      125      266      59       303      178      279      244      
7        103      264      332      166      161      351      231      0        198      300      308      187      29       379      282      146      280      232      321      197      71       
8        214      179      245      108      309      276      270      198      0        436      173      255      171      313      381      57       329      37       228      12       268      
9        224      357      380      337      138      372      205      300      436      0        427      190      306      372      88       409      179      473      382      442      259      
10       259      70       90       141      339      123      223      308      173      427      0        241      279      159      348      218      266      179      75       184      364      
11       84       172      211      150      108      215      47       187      255      190      241      0        175      229      125      241      94       290      208      263      196      
12       93       237      306      138      167      326      216      29       171      306      279      175      0        355      279      122      269      206      294      171      97       
13       293      135      70       234      337      37       187      379      313      372      159      229      355      0        283      342      193      329      86       325      413      
14       187      278      294      275      132      285      125      282      381      88       348      125      279      283      0        364      91       416      297      389      262      
15       184      207      278      114      276      307      266      146      57       409      218      241      122      342      364      0        325      87       262      53       217      
16       177      198      205      220      170      194      59       280      329      179      266      94       269      193      91       325      0        361      209      339      283      
17       252      198      260      141      346      292      303      232      37       473      179      290      206      329      416      87       361      0        243      35       303      
18       250      57       17       161      314      49       178      321      228      382      75       208      294      86       297      262      209      243      0        240      366      
19       219      191      257      118      313      288      279      197      12       442      184      263      171      325      389      53       339      35       240      0        267      
20       120      312      375      223      130      390      244      71       268      259      364      196      97       413      262      217      283      303      366      267      0        
;



Table delta(i,j)                 Distance
         0        1        2        3        4        5        6        7        8        9        10       11       12       13       14       15       16       17       18       19       20       
0        0        192      153      268      142      193      239      214      125      174      162      167      161      52       217      216      176      91       193      168      154      
1        192      0        59       449      328      361      370      157      310      366      349      269      62       244      64       286      66       135      295      87       187      
2        153      59       0        397      280      338      361      192      262      323      301      209      90       203      119      294      26       80       235      117      128      
3        268      449      397      0        127      264      356      476      142      126      109      226      429      221      484      416      410      316      220      437      308      
4        142      328      280      127      0        181      267      349      18       59       21       159      303      94       359      303      297      202      168      310      216      
5        193      361      338      264      181      0        92       297      184      141      181      319      309      160      359      175      363      285      337      299      341      
6        239      370      361      356      267      92       0        268      266      232      269      389      310      224      352      116      388      326      411      293      394      
7        214      157      192      476      349      297      268      0        335      363      367      360      101      256      106      159      212      226      389      74       303      
8        125      310      262      142      18       184      266      335      0        73       39       146      287      79       342      295      279      184      159      294      200      
9        174      366      323      126      59       141      232      363      73       0        47       219      333      121      389      289      342      248      228      335      272      
10       162      349      301      109      21       181      269      367      39       47       0        174      323      112      379      313      318      223      182      329      236      
11       167      269      209      226      159      319      389      360      146      219      174      0        277      166      322      383      212      139      28       296      90       
12       161      62       90       429      303      309      310      101      287      333      323      277      0        213      55       223      110      137      305      27       208      
13       52       244      203      221      94       160      224      256      79       121      112      166      213      0        268      227      224      134      188      217      180      
14       217      64       119      484      359      359      352      106      342      389      379      322      55       268      0        254      130      183      350      60       246      
15       216      286      294      416      303      175      116      159      295      289      313      383      223      227      254      0        319      283      409      200      361      
16       176      66       26       410      297      363      388      212      279      342      318      212      110      224      130      319      0        95       237      138      126      
17       91       135      80       316      202      285      326      226      184      248      223      139      137      134      183      283      95       0        167      157      80       
18       193      295      235      220      168      337      411      389      159      228      182      28       305      188      350      409      237      167      0        324      112      
19       168      87       117      437      310      299      293      74       294      335      329      296      27       217      60       200      138      157      324      0        232      
20       154      187      128      308      216      341      394      303      200      272      236      90       208      180      246      361      126      80       112      232      0        
;

