

sets
i        orders          /0*20/
k        routes          /1*20/
p        positions       /0*20/
;

alias(i,j)
alias(i,h)
alias(i,hh)
alias(i,jj)
alias(k,kk)
                            Parameters

rho(i)	Processing time
/
0	0
1	97
2	48
3	38
4	73
5	20
6	94
7	19
8	85
9	67
10	20
11	46
12	75
13	43
14	36
15	26
16	97
17	31
18	98
19	61
20	60
/

gamma(i)	Duedate
/
0	0
1	12
2	76
3	52
4	36
5	96
6	26
7	25
8	83
9	29
10	33
11	40
12	40
13	28
14	1
15	77
16	42
17	21
18	73
19	36
20	27
/

sigma(i)	Size
/
0	0
1	4
2	9
3	8
4	7
5	3
6	6
7	6
8	4
9	8
10	6
11	9
12	5
13	9
14	7
15	3
16	2
17	3
18	3
19	4
20	1
/

epsilon(i)	Priority
/
0	0
1	3
2	4
3	8
4	3
5	6
6	1
7	4
8	5
9	6
10	9
11	4
12	3
13	4
14	1
15	4
16	5
17	5
18	7
19	3
20	7
/

psi	Vehicle Capacity
/ 175 /
;

Table kappa(i,j)                 Setup
         0        1        2        3        4        5        6        7        8        9        10       11       12       13       14       15       16       17       18       19       20       
0        0        148      162      135      208      153      71       181      165      70       136      228      119      154      149      135      87       155      90       127      200      
1        148      0        230      146      170      95       77       91       176      84       179      158      30       13       177      221      138      143      79       32       125      
2        162      230      0        90       139      155      186      187      78       161      52       182      219      225      63       31       96       108      153      198      177      
3        135      146      90       0        76       65       123      97       34       96       38       108      141      139      31       94       48       25       79       114      93       
4        208      170      139      76       0        76       179      84       62       155      100      44       178      158      82       155      123      52       132      145      55       
5        153      95       155      65       76       0        108      34       87       88       103      78       102      84       94       157      88       52       65       69       47       
6        71       77       186      123      179      108      0        127      157      27       143      186      48       84       149      168      90       133      46       60       154      
7        181      91       187      97       84       34       127      0        114      112      135      67       108      78       124      191      122      80       90       75       34       
8        165      176      78       34       62       87       157      114      0        130      39       104      173      168      20       93       78       34       113      145      99       
9        70       84       161      96       155      88       27       112      130      0        116      166      62       87       122      145      64       108      23       58       136      
10       136      179      52       38       100      103      143      135      39       116      0        140      170      174      18       57       54       59       105      147      129      
11       228      158      182      108      44       78       186      67       104      166      140      0        174      145      123      197      151      83       143      141      33       
12       119      30       219      141      178      102      48       108      173      62       170      174      0        41       171      206      123      143      65       33       140      
13       154      13       225      139      158      84       84       78       168      87       174      145      41       0        170      218      135      134      78       29       112      
14       149      177      63       31       82       94       149      124      20       122      18       123      171      170      0        74       64       45       107      145      114      
15       135      221      31       94       155      157      168      191      93       145      57       197      206      218      74       0        83       116      142      189      186      
16       87       138      96       48       123      88       90       122      78       64       54       151      123      135      64       83       0        71       58       106      129      
17       155      143      108      25       52       52       133      80       34       108      59       83       143      134      45       116      71       0        87       113      70       
18       90       79       153      79       132      65       46       90       113      23       105      143      65       78       107      142      58       87       0        48       112      
19       127      32       198      114      145      69       60       75       145      58       147      141      33       29       145      189      106      113      48       0        107      
20       200      125      177      93       55       47       154      34       99       136      129      33       140      112      114      186      129      70       112      107      0        
;



Table delta(i,j)                 Distance
         0        1        2        3        4        5        6        7        8        9        10       11       12       13       14       15       16       17       18       19       20       
0        0        2470     3660     4270     2760     2080     1640     4070     2430     3000     1940     3520     5020     3780     910      4690     2460     4150     3390     1820     5590     
1        2470     0        159      283      388      366      177      192      17       54       64       153      265      327      182      245      322      207      260      223      328      
2        3660     159      0        144      399      410      229      40       149      148      179      17       147      246      325      290      481      286      181      255      195      
3        4270     283      144      0        356      396      264      144      268      287      276      139      229      144      414      432      592      431      111      264      238      
4        2760     388      399      356      0        83       211      432      373      437      326      382      543      227      344      632      522      596      246      165      577      
5        2080     366      410      396      83       0        193      448      353      419      302      393      558      284      286      612      453      569      285      156      599      
6        1640     177      229      264      211      193      0        269      163      228      115      212      375      221      177      423      369      384      175      47       424      
7        4070     192      40       144      432      448      269      0        184      173      218      56       110      265      363      288      514      293      205      293      155      
8        2430     17       149      268      373      353      163      184      0        65       53       142      263      310      183      260      332      224      242      207      324      
9        3000     54       148      287      437      419      228      173      65       0        118      149      226      354      229      195      348      165      285      272      291      
10       1940     64       179      276      326      302      115      218      53       118      0        168      308      291      146      310      316      269      228      162      366      
11       3520     153      17       139      382      393      212      56       142      149      168      0        164      232      314      301      474      294      167      238      211      
12       5020     265      147      229      543      558      375      110      263      226      308      164      0        365      447      256      573      285      311      403      66       
13       3780     327      246      144      227      284      221      265      310      354      291      232      365      0        397      531      589      516      68       195      381      
14       910      182      325      414      344      286      177      363      183      229      146      314      447      397      0        383      192      326      345      213      508      
15       4690     245      290      432      632      612      423      288      260      195      310      301      256      531      383      0        421      63       463      467      312      
16       2460     322      481      592      522      453      369      514      332      348      316      474      573      589      192      421      0        358      534      405      639      
17       4150     207      286      431      596      569      384      293      224      165      269      294      285      516      326      63       358      0        447      430      346      
18       3390     260      181      111      246      285      175      205      242      285      228      167      311      68       345      463      534      447      0        162      335      
19       1820     223      255      264      165      156      47       293      207      272      162      238      403      195      213      467      405      430      162      0        447      
20       5590     328      195      238      577      599      424      155      324      291      366      211      66       381      508      312      639      346      335      447      0        
;

