

sets
i        orders          /0*10/
k        routes          /1*10/
p        positions       /0*10/
;

alias(i,j)
alias(i,h)
alias(i,hh)
alias(i,jj)
alias(k,kk)
                            Parameters

rho(i)	Processing time
/
0	0
1	94
2	95
3	48
4	90
5	93
6	79
7	6
8	91
9	34
10	63
/

gamma(i)	Duedate
/
0	0
1	95
2	3
3	6
4	4
5	97
6	83
7	40
8	81
9	76
10	90
/

sigma(i)	Size
/
0	0
1	7
2	2
3	7
4	6
5	8
6	1
7	4
8	3
9	5
10	2
/

epsilon(i)	Priority
/
0	0
1	8
2	9
3	4
4	4
5	4
6	5
7	7
8	2
9	8
10	6
/

psi	Vehicle Capacity
/ 34 /
;

Table kappa(i,j)                 Setup
         0        1        2        3        4        5        6        7        8        9        10       
0        0        417      449      220      652      236      391      622      333      507      174      
1        417      0        86       234      305      560      752      549      726      138      468      
2        449      86       0        239      227      557      750      473      772      204      467      
3        220      234      239      0        432      325      518      461      554      357      233      
4        652      305      227      432      0        708      894      421      984      370      628      
5        236      560      557      325      708      0        193      524      423      679      92       
6        391      752      750      518      894      193      0        657      431      869      284      
7        622      549      473      461      421      524      657      0        925      678      491      
8        333      726      772      554      984      423      431      925      0        786      434      
9        507      138      204      357      370      679      869      678      786      0        587      
10       174      468      467      233      628      92       284      491      434      587      0        
;



Table delta(i,j)                 Distance
         0        1        2        3        4        5        6        7        8        9        10       
0        0        1950     6030     2820     4260     4170     5370     990      1110     4200     4410     
1        1950     0        196      98       202      176      199      94       101      150      94       
2        6030     196      0        286      313      123      75       193      226      337      150      
3        2820     98       286      0        154      233      272      120      96       52       190      
4        4260     202      313      154      0        205      261      128      104      157      289      
5        4170     176      123      233      205      0        57       113      144      276      193      
6        5370     199      75       272      261      57       0        159      192      319      188      
7        990      94       193      120      128      113      159      0        33       162      165      
8        1110     101      226      96       104      144      192      33       0        133      184      
9        4200     150      337      52       157      276      319      162      133      0        241      
10       4410     94       150      190      289      193      188      165      184      241      0        
;

