

sets
i        orders          /0*10/
k        routes          /1*10/
p        positions       /0*10/
;

alias(i,j)
alias(i,h)
alias(i,hh)
alias(i,jj)
alias(k,kk)
                            Parameters

rho(i)	Processing time
/
0	0
1	52
2	46
3	74
4	98
5	70
6	66
7	81
8	75
9	98
10	93
/

gamma(i)	Duedate
/
0	0
1	17
2	66
3	90
4	46
5	41
6	93
7	87
8	4
9	67
10	34
/

sigma(i)	Size
/
0	0
1	7
2	2
3	3
4	6
5	8
6	4
7	4
8	1
9	7
10	1
/

epsilon(i)	Priority
/
0	0
1	8
2	4
3	5
4	6
5	7
6	6
7	4
8	7
9	4
10	9
/

psi	Vehicle Capacity
/ 33 /
;

Table kappa(i,j)                 Setup
         0        1        2        3        4        5        6        7        8        9        10       
0        0        931      1092     1343     478      603      1324     514      996      605      1274     
1        931      0        161      867      777      779      750      417      1238     988      892      
2        1092     161      0        853      915      902      719      577      1335     1116     900      
3        1343     867      853      0        895      783      151      986      864      932      123      
4        478      777      915      895      0        124      904      453      588      228      813      
5        603      779      902      783      124      0        804      512      505      215      695      
6        1324     750      719      151      904      804      0        922      964      977      253      
7        514      417      577      986      453      512      922      0        1017     681      956      
8        996      1238     1335     864      588      505      964      1017     0        392      742      
9        605      988      1116     932      228      215      977      681      392      0        829      
10       1274     892      900      123      813      695      253      956      742      829      0        
;



Table delta(i,j)                 Distance
         0        1        2        3        4        5        6        7        8        9        10       
0        0        7590     5340     6000     6210     3600     2010     5670     2880     3330     5670     
1        7590     0        227      143      73       216      307      78       346      309      109      
2        5340     227      0        88       154      58       242      218      256      135      118      
3        6000     143      88       0        71       102      267      153      293      203      39       
4        6210     73       154      71       0        146      269      91       303      244      35       
5        3600     216      58       102      146      0        185      187      202      100      114      
6        2010     307      242      267      269      185      0        237      44       148      254      
7        5670     78       218      153      91       187      237      0        278      265      115      
8        2880     346      256      293      303      202      44       278      0        142      285      
9        3330     309      135      203      244      100      148      265      142      0        213      
10       5670     109      118      39       35       114      254      115      285      213      0        
;

