

sets
i        orders          /0*10/
k        routes          /1*10/
p        positions       /0*10/
;

alias(i,j)
alias(i,h)
alias(i,hh)
alias(i,jj)
alias(k,kk)
                            Parameters

rho(i)	Processing time
/
0	0
1	15
2	27
3	16
4	72
5	87
6	56
7	46
8	89
9	69
10	16
/

gamma(i)	Duedate
/
0	0
1	80
2	24
3	61
4	28
5	61
6	63
7	88
8	44
9	6
10	64
/

sigma(i)	Size
/
0	0
1	8
2	1
3	8
4	4
5	9
6	8
7	3
8	6
9	5
10	5
/

epsilon(i)	Priority
/
0	0
1	7
2	2
3	4
4	4
5	2
6	3
7	3
8	6
9	3
10	5
/

psi	Vehicle Capacity
/ 63 /
;

Table kappa(i,j)                 Setup
         0        1        2        3        4        5        6        7        8        9        10       
0        0        174      439      595      501      883      463      485      919      152      350      
1        174      0        264      726      654      1017     314      453      1056     139      472      
2        439      264      0        951      902      1239     196      525      1282     360      700      
3        595      726      951      0        163      1068     1040     1061     1082     748      751      
4        501      654      902      163      0        907      962      937      922      648      601      
5        883      1017     1239     1068     907      0        1138     828      47       887      544      
6        463      314      196      1040     962      1138     0        356      1183     331      627      
7        485      453      525      1061     937      828      356      0        876      344      409      
8        919      1056     1282     1082     922      47       1183     876      0        928      585      
9        152      139      360      748      648      887      331      344      928      0        343      
10       350      472      700      751      601      544      627      409      585      343      0        
;



Table delta(i,j)                 Distance
         0        1        2        3        4        5        6        7        8        9        10       
0        0        29       18       70       65       79       71       48       75       60       21       
1        29       0        11       42       58       52       48       59       47       32       42       
2        18       11       0        52       62       60       58       56       56       43       31       
3        70       42       52       0        78       15       44       95       9        23       80       
4        65       58       62       78       0        93       40       38       87       54       86       
5        79       52       60       15       93       0        59       108      6        39       85       
6        71       48       58       44       40       59       0        70       53       22       89       
7        48       59       56       95       38       108      70       0        103      74       66       
8        75       47       56       9        87       6        53       103      0        32       82       
9        60       32       43       23       54       39       22       74       32       0        74       
10       21       42       31       80       86       85       89       66       82       74       0        
;

