

sets
i        orders          /0*20/
k        routes          /1*20/
p        positions       /0*20/
;

alias(i,j)
alias(i,h)
alias(i,hh)
alias(i,jj)
alias(k,kk)
                            Parameters

rho(i)	Processing time
/
0	0
1	47
2	82
3	19
4	9
5	92
6	90
7	32
8	69
9	61
10	28
11	48
12	96
13	81
14	13
15	37
16	7
17	77
18	43
19	26
20	14
/

gamma(i)	Duedate
/
0	0
1	69
2	2
3	3
4	18
5	92
6	69
7	87
8	86
9	22
10	97
11	90
12	16
13	54
14	26
15	26
16	17
17	28
18	31
19	46
20	1
/

sigma(i)	Size
/
0	0
1	1
2	7
3	4
4	1
5	4
6	7
7	8
8	9
9	4
10	9
11	9
12	8
13	9
14	1
15	1
16	1
17	1
18	7
19	3
20	9
/

epsilon(i)	Priority
/
0	0
1	8
2	5
3	4
4	6
5	3
6	6
7	2
8	3
9	3
10	1
11	6
12	7
13	7
14	3
15	7
16	1
17	9
18	5
19	9
20	7
/

psi	Vehicle Capacity
/ 44 /
;

Table kappa(i,j)                 Setup
         0        1        2        3        4        5        6        7        8        9        10       11       12       13       14       15       16       17       18       19       20       
0        0        719      464      808      137      1215     1262     1579     1576     1199     1976     139      432      312      1040     377      300      1478     918      759      1241     
1        719      0        272      101      747      1505     1660     1926     1021     1144     1506     857      755      1031     763      857      1017     761      1437     708      1114     
2        464      272      0        349      519      1432     1550     1840     1255     1189     1717     599      502      774      876      590      756      1029     1276     717      1185     
3        808      101      349      0        843      1599     1758     2021     1010     1216     1508     945      804      1119     820      918      1104     681      1538     794      1179     
4        137      747      519      843      0        1078     1130     1445     1526     1080     1903     199      568      325      956      511      334      1493     797      659      1129     
5        1215     1505     1432     1599     1078     0        260      424      1605     644      1691     1221     1646     1204     997      1579     1248     2012     520      822      763      
6        1262     1660     1550     1758     1130     260      0        324      1852     899      1951     1240     1691     1186     1228     1603     1233     2221     406      1016     1019     
7        1579     1926     1840     2021     1445     424      324      0        1981     1013     1998     1562     2009     1511     1404     1925     1557     2429     727      1246     1127     
8        1576     1021     1255     1010     1526     1605     1852     1981     0        968      513      1707     1757     1852     657      1834     1859     729      1854     964      854      
9        1199     1144     1189     1216     1080     644      899      1013     968      0        1065     1275     1574     1345     434      1567     1375     1462     998      475      119      
10       1976     1506     1717     1508     1903     1691     1951     1998     513      1065     0        2096     2214     2222     951      2274     2236     1216     2055     1267     950      
11       139      857      599      945      199      1221     1240     1562     1707     1275     2096     0        463      175      1152     363      160      1617     870      857      1327     
12       432      755      502      804      568      1646     1691     2009     1757     1574     2214     463      0        585      1334     153      543      1470     1332     1107     1598     
13       312      1031     774      1119     325      1204     1186     1511     1852     1345     2222     175      585      0        1271     455      47       1790     794      963      1410     
14       1040     763      876      820      956      997      1228     1404     657      434      951      1152     1334     1271     0        1367     1288     1034     1198     320      367      
15       377      857      590      918      511      1579     1603     1925     1834     1567     2274     363      153      455      1367     0        410      1593     1229     1113     1602     
16       300      1017     756      1104     334      1248     1233     1557     1859     1375     2236     160      543      47       1288     410      0        1778     841      983      1436     
17       1478     761      1029     681      1493     2012     2221     2429     729      1462     1216     1617     1470     1790     1034     1593     1778     0        2090     1206     1375     
18       918      1437     1276     1538     797      520      406      727      1854     998      2055     870      1332     794      1198     1229     841      2090     0        912      1108     
19       759      708      717      794      659      822      1016     1246     964      475      1267     857      1107     963      320      1113     983      1206     912      0        490      
20       1241     1114     1185     1179     1129     763      1019     1127     854      119      950      1327     1598     1410     367      1602     1436     1375     1108     490      0        
;



Table delta(i,j)                 Distance
         0        1        2        3        4        5        6        7        8        9        10       11       12       13       14       15       16       17       18       19       20       
0        0        2250     2640     2700     2220     2100     1380     1920     630      1980     390      1650     690      2730     450      3330     2040     510      450      1920     2460     
1        2250     0        24       32       73       41       60       31       78       15       79       28       58       32       74       57       23       74       61       49       9        
2        2640     24       0        9        63       66       60       28       86       38       95       34       76       52       91       33       21       92       76       41       29       
3        2700     32       9        0        56       74       58       27       86       46       98       35       80       61       95       25       22       95       79       37       38       
4        2220     73       63       56       0        104      29       42       58       79       87       48       80       105      87       59       49       88       73       24       82       
5        2100     41       66       74       104      0        81       64       84       28       66       55       47       28       61       99       60       59       55       80       38       
6        1380     60       60       58       29       81       0        32       32       60       58       31       52       89       58       71       40       59       44       22       69       
7        1920     31       28       27       42       64       32       0        59       37       72       11       57       62       70       47       8        70       54       17       40       
8        630      78       86       86       58       84       32       59       0        73       34       53       40       100      36       102      65       38       30       53       86       
9        1980     15       38       46       79       28       60       37       73       0        67       30       46       28       63       72       32       62       51       54       17       
10       390      79       95       98       87       66       58       72       34       67       0        62       21       90       5        119      75       7        18       75       84       
11       1650     28       34       35       48       55       31       11       53       30       62       0        46       58       59       58       13       60       44       24       37       
12       690      58       76       80       80       47       52       57       40       46       21       46       0        69       16       104      58       15       9        63       63       
13       2730     32       52       61       105      28       89       62       100      28       90       58       69       0        85       85       55       84       75       80       24       
14       450      74       91       95       87       61       58       70       36       63       5        59       16       85       0        117      72       2        15       73       80       
15       3330     57       33       25       59       99       71       47       102      72       119      58       104      85       117      0        45       118      101      49       62       
16       2040     23       21       22       49       60       40       8        65       32       75       13       58       55       72       45       0        73       57       25       32       
17       510      74       92       95       88       59       59       70       38       62       7        60       15       84       2        118      73       0        16       74       79       
18       450      61       76       79       73       55       44       54       30       51       18       44       9        75       15       101      57       16       0        58       67       
19       1920     49       41       37       24       80       22       17       53       54       75       24       63       80       73       49       25       74       58       0        58       
20       2460     9        29       38       82       38       69       40       86       17       84       37       63       24       80       62       32       79       67       58       0        
;

