

sets
i        orders          /0*40/
k        routes          /1*40/
p        positions       /0*40/
;

alias(i,j)
alias(i,h)
alias(i,hh)
alias(i,jj)
alias(k,kk)
                            Parameters

rho(i)	Processing time
/
0	0
1	92
2	80
3	37
4	54
5	27
6	93
7	28
8	83
9	61
10	39
11	88
12	25
13	55
14	92
15	69
16	48
17	26
18	6
19	68
20	45
21	71
22	76
23	53
24	49
25	92
26	15
27	16
28	29
29	68
30	33
31	98
32	39
33	1
34	90
35	97
36	37
37	14
38	72
39	64
40	97
/

gamma(i)	Duedate
/
0	0
1	65
2	33
3	62
4	1
5	7
6	49
7	18
8	92
9	36
10	24
11	10
12	30
13	62
14	91
15	74
16	49
17	3
18	94
19	61
20	43
21	87
22	92
23	49
24	38
25	76
26	42
27	31
28	38
29	47
30	25
31	23
32	35
33	89
34	95
35	22
36	25
37	47
38	4
39	18
40	53
/

sigma(i)	Size
/
0	0
1	6
2	9
3	3
4	9
5	9
6	8
7	3
8	7
9	4
10	6
11	9
12	8
13	6
14	7
15	5
16	4
17	4
18	1
19	5
20	5
21	8
22	1
23	9
24	1
25	1
26	5
27	6
28	9
29	9
30	5
31	5
32	5
33	4
34	1
35	4
36	4
37	7
38	4
39	8
40	3
/

epsilon(i)	Priority
/
0	0
1	3
2	8
3	1
4	8
5	4
6	6
7	1
8	4
9	8
10	6
11	2
12	7
13	6
14	9
15	4
16	5
17	5
18	9
19	1
20	6
21	9
22	2
23	4
24	3
25	9
26	6
27	9
28	5
29	8
30	5
31	3
32	6
33	1
34	1
35	8
36	5
37	1
38	9
39	7
40	2
/

psi	Vehicle Capacity
/ 89 /
;

Table kappa(i,j)                 Setup
         0        1        2        3        4        5        6        7        8        9        10       11       12       13       14       15       16       17       18       19       20       21       22       23       24       25       26       27       28       29       30       31       32       33       34       35       36       37       38       39       40       
0        0        94       190      191      126      328      145      378      295      293      329      270      160      158      11       306      208      173      382      280      205      280      196      335      302      210      282      339      130      302      168      357      73       337      273      273      272      125      291      93       318      
1        94       0        167      111      98       313      139      297      244      208      236      307      188      65       98       230      117      79       290      305      226      299      132      324      239      159      189      317      193      210      178      268      88       257      288      287      305      31       196      66       300      
2        190      167      0        124      70       146      47       246      116      195      260      183      95       196      183      171      167      193      301      164      99       151      84       157      139      58       228      152      159      235      60       263      117      208      137      135      174      179      255      107      133      
3        191      111      124      0        96       250      131      188      148      103      151      304      198      95       190      119      43       83       201      288      218      275      43       263      134      79       111      245      238      124      170      170      141      147      262      259      297      98       133      105      233      
4        126      98       70       96       0        216      44       266      168      194      247      220      106      138      121      190      133      139      296      213      136      204      79       227      177      84       207      222      142      220      85       263      57       225      193      191      216      114      227      36       204      
5        328      313      146      250      216      0        184      278      130      276      345      170      183      337      319      227      291      330      371      131      146      111      206      14       172      170      330      26       253      328      161      329      256      257      101      99       155      323      361      252      17       
6        145      139      47       131      44       184      0        282      162      220      280      177      66       182      137      206      172      183      325      169      92       160      102      192      182      91       242      193      118      253      41       290      72       243      149      148      172      158      265      73       173      
7        378      297      246      188      266      278      282      0        153      92       119      412      341      261      377      75       185      242      110      381      339      362      187      292      113      191      145      257      401      124      306      76       321      41       348      345      400      278      169      288      262      
8        295      244      116      148      168      130      162      153      0        147      216      260      206      244      289      97       181      232      240      228      194      209      113      144      42       86       205      114      274      200      171      199      224      127      195      192      247      242      236      202      113      
9        293      208      195      103      194      276      220      92       147      0        69       376      285      168      293      56       93       149      106      352      295      336      118      290      109      137      64       262      336      53       253      69       244      58       321      318      366      187      94       209      259      
10       329      236      260      151      247      345      280      119      216      69       0        443      346      182      331      121      122      163      53       420      360      404      178      360      176      203      47       331      390      27       315      46       291      104      390      387      433      209      56       255      328      
11       270      307      183      304      220      170      177      412      260      376      443      0        119      358      258      344      347      360      482      40       85       59       267      165      298      239      411      196      146      418      135      442      221      380      70       72       15       331      437      241      177      
12       160      188      95       198      106      183      66       341      206      285      346      119      0        240      149      266      238      244      391      121      45       120      168      187      234      150      309      201      71       319      35       354      102      303      113      113      117      212      331      123      178      
13       158      65       196      95       138      337      182      261      244      168      182      358      240      0        164      204      76       19       235      351      274      342      133      349      228      169      134      335      255      157      223      219      148      223      330      328      354      33       135      118      321      
14       11       98       183      190      121      319      137      377      289      293      331      258      149      164      0        304      209      178      384      269      195      269      193      326      298      205      285      330      119      304      159      358      66       335      263      262      261      130      294      90       309      
15       306      230      171      119      190      227      206      75       97       56       121      344      266      204      304      0        128      187      143      316      268      298      112      242      55       116      120      211      325      109      232      102      246      36       284      281      333      215      151      214      210      
16       208      117      167      43       133      291      172      185      181      93       122      347      238      76       209      128      0        58       174      332      261      319      86       304      158      122      76       284      273      94       212      150      170      147      305      303      340      94       93       134      274      
17       173      79       193      83       139      330      183      242      232      149      163      360      244      19       178      187      58       0        216      351      275      341      124      343      214      160      115      327      264      138      225      200      157      205      329      327      355      48       118      124      314      
18       382      290      301      201      296      371      325      110      240      106      53       482      391      235      384      143      174      216      0        457      401      439      223      385      198      243      101      353      439      80       359      41       341      115      425      422      471      263      104      306      354      
19       280      305      164      288      213      131      169      381      228      352      420      40       121      351      269      316      332      351      457      0        78       20       248      125      268      217      392      157      166      397      128      416      223      351      33       36       25       327      419      238      138      
20       205      226      99       218      136      146      92       339      194      295      360      85       45       274      195      268      261      275      401      78       0        75       182      148      227      157      327      166      107      335      50       363      145      304      68       68       80       249      352      160      143      
21       280      299      151      275      204      111      160      362      209      336      404      59       120      342      269      298      319      341      439      20       75       0        234      106      249      202      377      137      172      381      121      399      220      333      14       17       44       319      405      232      118      
22       196      132      84       43       79       206      102      187      113      118      178      267      168      133      193      112      86       124      223      248      182      234      0        220      108      36       144      203      218      152      137      187      134      146      221      218      259      129      170      103      190      
23       335      324      157      263      227      14       192      292      144      290      360      165      187      349      326      242      304      343      385      125      148      106      220      0        186      183      344      36       255      342      168      344      265      271      98       96       150      335      375      262      31       
24       302      239      139      134      177      172      182      113      42       109      176      298      234      228      298      55       158      214      198      268      227      249      108      186      0        94       170      155      299      162      198      157      235      85       235      232      286      232      201      208      155      
25       210      159      58       79       84       170      91       191      86       137      203      239      150      169      205      116      122      160      243      217      157      202      36       183      94       0        174      166      209      179      117      205      141      153      188      186      230      161      202      116      154      
26       282      189      228      111      207      330      242      145      205      64       47       411      309      134      285      120      76       115      101      392      327      377      144      344      170      174      0        319      348      23       280      86       247      118      363      360      403      162      31       211      313      
27       339      317      152      245      222      26       193      257      114      262      331      196      201      335      330      211      284      327      353      157      166      137      203      36       155      166      319      0        271      314      176      312      266      238      127      124      181      325      350      259      22       
28       130      193      159      238      142      253      118      401      274      336      390      146      71       255      119      325      273      264      439      166      107      172      218      255      299      209      348      271      0        362      104      405      107      361      170      171      152      223      367      141      249      
29       302      210      235      124      220      328      253      124      200      53       27       418      319      157      304      109      94       138      80       397      335      381      152      342      162      179      23       314      362      0        289      63       263      101      367      364      409      183      45       227      310      
30       168      178      60       170      85       161      41       306      171      253      315      135      35       223      159      232      212      225      359      128      50       121      137      168      198      117      280      176      104      289      0        322      101      269      111      109      130      199      304      111      154      
31       357      268      263      170      263      329      290      76       199      69       46       442      354      219      358      102      150      200      41       416      363      399      187      344      157      205      86       312      405      63       322      0        312      74       385      382      432      243      102      276      313      
32       73       88       117      141      57       256      72       321      224      244      291      221      102      148      66       246      170      157      341      223      145      220      134      265      235      141      247      266      107      263      101      312      0        280      211      210      220      116      262      36       246      
33       337      257      208      147      225      257      243      41       127      58       104      380      303      223      335      36       147      205      115      351      304      333      146      271      85       153      118      238      361      101      269      74       280      0        318      316      368      239      146      247      240      
34       273      288      137      262      193      101      149      348      195      321      390      70       113      330      263      284      305      329      425      33       68       14       221      98       235      188      363      127      170      367      111      385      211      318      0        2        55       307      391      222      107      
35       273      287      135      259      191      99       148      345      192      318      387      72       113      328      262      281      303      327      422      36       68       17       218      96       232      186      360      124      171      364      109      382      210      316      2        0        58       306      388      220      104      
36       272      305      174      297      216      155      172      400      247      366      433      15       117      354      261      333      340      355      471      25       80       44       259      150      286      230      403      181      152      409      130      432      220      368      55       58       0        328      429      239      162      
37       125      31       179      98       114      323      158      278      242      187      209      331      212      33       130      215      94       48       263      327      249      319      129      335      232      161      162      325      223      183      199      243      116      239      307      306      328      0        167      89       309      
38       291      196      255      133      227      361      265      169      236      94       56       437      331      135      294      151      93       118      104      419      352      405      170      375      201      202      31       350      367      45       304      102      262      146      391      388      429      167      0        227      344      
39       93       66       107      105      36       252      73       288      202      209      255      241      123      118      90       214      134      124      306      238      160      232      103      262      208      116      211      259      141      227      111      276      36       247      222      220      239      89       227      0        240      
40       318      300      133      233      204      17       173      262      113      259      328      177      178      321      309      210      274      314      354      138      143      118      190      31       155      154      313      22       249      310      154      313      246      240      107      104      162      309      344      240      0        
;



Table delta(i,j)                 Distance
         0        1        2        3        4        5        6        7        8        9        10       11       12       13       14       15       16       17       18       19       20       21       22       23       24       25       26       27       28       29       30       31       32       33       34       35       36       37       38       39       40       
0        0        4050     2070     2490     2610     3540     1140     2220     750      2700     2340     1530     2130     2340     3330     1470     2040     1020     1230     600      3480     1740     2250     2580     2610     3360     2580     2700     2730     2700     4200     780      3030     2010     2610     2670     2340     4620     2250     3060     1860     
1        4050     0        110      120      65       69       164      209      114      225      85       165      108      71       50       181      134      166      105      124      86       147      211      117      100      125      170      53       226      210      157      131      237      171      152      140      98       20       108      55       147      
2        2070     110      0        16       99       61       106      132      72       147      104      64       3        93       66       114      23       102      32       76       53       121      132      130      20       43       59       92       136      106      76       88       154      64       145      143      14       123      116      58       124      
3        2490     120      16       0        115      62       120      142      88       156      121      69       16       109      72       126      23       115      49       93       50       137      141      147      20       28       53       107      143      106      59       104      161      65       162      160      22       130      133      65       140      
4        2610     65       99       115      0        97       106      155      62       170      20       131      98       8        77       125      117      111      75       70       108      83       157      53       101      133      151      13       177      174      169      74       183      143      86       76       94       86       43       73       82       
5        3540     69       61       62       97       0        155      189      109      205      113      126      58       97       21       167      83       153      77       117      17       156      190      146      43       58       115      85       197      167      88       128      213      125      172      166      47       73       133      24       158      
6        1140     164      106      120      106      155      0        49       50       64       91       72       109      98       146      19       103      9        79       40       154      41       51       84       125      149      114      113      76       97       175      33       77       90       69       78       116      184      79       137      45       
7        2220     209      132      142      155      189      49       0        95       15       140      76       136      146      185      30       120      44       113      86       185      87       3        133      152      169      115      161      31       73       188      81       28       90       112      123      144      228      128      175      91       
8        750      114      72       88       62       109      50       95       0        111      52       74       73       53       98       66       79       51       39       9        110      49       96       64       86       115      104      66       115      115      147      19       123      89       73       72       76       134      52       89       52       
9        2700     225      147      156      170      205      64       15       111      0        155      89       150      161      200      44       134      59       128      101      200      99       15       146      167      183      127      176      29       79       201      96       15       101      122      134      160      244      142      191      103      
10       2340     85       104      121      20       113      91       140      52       155      0        126      104      16       94       110      120      97       76       58       122      64       143      33       110      143      151      33       165      167      178      59       169      139      66       56       102      106      23       89       63       
11       1530     165      64       69       131      126      72       76       74       89       126      0        68       122      128      68       46       63       60       71       117      106      75       137      84       94       42       130      73       45       112      77       92       17       136      140      78       181      126      119      110      
12       2130     108      3        16       98       58       109      136      73       150      104      68       0        93       63       117      26       105      34       78       49       123      135      130      16       42       61       91       140      109      75       90       157      68       147      144      10       120      117      55       126      
13       2340     71       93       109      8        97       98       146      53       161      16       122      93       0        78       117      111      102      68       61       106      76       148      50       97       129      143      17       168      166      165      65       175      135      82       72       89       92       39       72       75       
14       3330     50       66       72       77       21       146      185      98       200      94       128      63       78       0        160      89       145      72       106      36       143      185      128      52       75       124      65       196      171      107      117      210      130      156      148      52       57       115      9        144      
15       1470     181      114      126      125      167      19       30       66       44       110      68       117      117      160      0        106      15       89       57       164      59       32       104      133      154      110      132      57       84       178      51       58       85       86       96       124      201      98       151      63       
16       2040     134      23       23       117      83       103      120      79       134      120      46       26       111      89       106      0        96       43       81       72       125      119      142      40       49       35       112      119      84       72       91       138      42       152      152      37       146      129      81       128      
17       1020     166      102      115      111      153      9        44       51       59       97       63       105      102      145      15       96       0        76       42       151      50       46       93       121      143      105      117      68       87       169      37       72       81       79       87       112      186      86       136      54       
18       1230     105      32       49       75       77       79       113      39       128      76       60       34       68       72       89       43       76       0        45       75       89       113      99       47       76       75       72       124      106      108      56       137      69       113      111      37       121      85       62       92       
19       600      124      76       93       70       117      40       86       9        101      58       71       78       61       106      57       81       42       45       0        118      44       87       66       92       120      104      75       107      110      151      11       114      86       70       71       82       143      55       98       47       
20       3480     86       53       50       108      17       154      185      110      200      122      117      49       106      36       164      72       151      75       118      0        160      185      154      33       41       102      96       190      156      71       129      207      115      178      172      40       90       141      36       161      
21       1740     147      121      137      83       156      41       87       49       99       64       106      123      76       143      59       125      50       89       44       160      0        90       46       136      165      144      94       116      137      196      33       114      124      29       37       126      168      45       135      4        
22       2250     211      132      141      157      190      51       3        96       15       143      75       135      148      185      32       119      46       113      87       185      90       0        136      152      168      114      163      28       71       187      83       26       88       115      126      144      230      130      176      93       
23       2580     117      130      147      53       146      84       133      64       146      33       137      130      50       128      104      142      93       99       66       154      46       136      0        139      171      169      66       161      174      205      61       161      153      36       23       130      138      13       122      43       
24       2610     100      20       20       101      43       125      152      86       167      110      84       16       97       52       133      40       121      47       92       33       136      152      139      0        32       72       92       156      124      68       103      174      82       158      154      9        110      125      45       138      
25       3360     125      43       28       133      58       149      169      115      183      143      94       42       129      75       154      49       143      76       120      41       165      168      171      32       0        68       124      167      127      35       132      187      87       189      186      41       131      157      71       168      
26       2580     170      59       53       151      115      114      115      104      127      151      42       61       143      124      110      35       105      75       104      102      144      114      169      72       68       0        147      106      59       75       112      128      25       173      175      71       182      156      116      148      
27       2700     53       92       107      13       85       113      161      66       176      33       130      91       17       65       132      112      117      72       75       96       94       163      66       92       124      147      0        181      175      160      80       189      141      99       89       86       74       56       61       93       
28       2730     226      136      143      177      197      76       31       115      29       165      73       140      168      196      57       119      68       124      107      190      116      28       161      156      167      106      181      0        52       181      105      23       81       143      153      150      244      155      186      120      
29       2700     210      106      106      174      167      97       73       115      79       167      45       109      166      171      84       84       87       106      110      156      137      71       174      124      127      59       175      52       0        134      113      75       41       166      173      120      226      165      162      141      
30       4200     157      76       59       169      88       175      188      147      201      178      112      75       165      107      178      72       169      108      151      71       196      187      205      68       35       75       160      181      134      0        162      203      100      221      219      75       161      192      105      199      
31       780      131      88       104      74       128      33       81       19       96       59       77       90       65       117      51       91       37       56       11       129      33       83       61       103      132      112      80       105      113      162      0        109      93       60       63       94       151      52       108      37       
32       3030     237      154      161      183      213      77       28       123      15       169      92       157      175      210      58       138      72       137      114      207      114      26       161      174      187      128      189      23       75       203      109      0        103      137      149      167      255      156      200      118      
33       2010     171      64       65       143      125      90       90       89       101      139      17       68       135      130      85       42       81       69       86       115      124      88       153      82       87       25       141      81       41       100      93       103      0        153      157      78       186      141      122      128      
34       2610     152      145      162      86       172      69       112      73       122      66       136      147      82       156      86       152      79       113      70       178      29       115      36       158      189      173      99       143      166      221      60       137      153      0        14       149      172      43       149      25       
35       2670     140      143      160      76       166      78       123      72       134      56       140      144      72       148      96       152      87       111      71       172      37       126      23       154      186      175      89       153      173      219      63       149      157      14       0        145      161      33       142      33       
36       2340     98       14       22       94       47       116      144      76       160      102      78       10       89       52       124      37       112      37       82       40       126      144      130      9        41       71       86       150      120      75       94       167      78       149      145      0        110      116      44       129      
37       4620     20       123      130      86       73       184      228      134      244      106      181      120      92       57       201      146      186      121      143      90       168      230      138      110      131      182      74       244      226      161      151      255      186      172      161      110      0        129      65       168      
38       2250     108      116      133      43       133      79       128      52       142      23       126      117      39       115      98       129      86       85       55       141      45       130      13       125      157      156      56       155      165      192      52       156      141      43       33       116      129      0        109      43       
39       3060     55       58       65       73       24       137      175      89       191      89       119      55       72       9        151      81       136      62       98       36       135      176      122      45       71       116      61       186      162      105      108      200      122      149      142      44       65       109      0        136      
40       1860     147      124      140      82       158      45       91       52       103      63       110      126      75       144      63       128      54       92       47       161      4        93       43       138      168      148      93       120      141      199      37       118      128      25       33       129      168      43       136      0        
;

