
sets
i        orders          /0*40/
k        routes          /1*40/
p        positions       /0*40/
;

alias(i,j)
alias(i,h)
alias(i,hh)
alias(i,jj)
alias(k,kk)
                
                    Parameters

rho(i)	Processing time
/
0	0
1	70
2	14
3	13
4	90
5	15
6	71
7	87
8	60
9	46
10	22
11	8
12	89
13	8
14	74
15	15
16	49
17	57
18	5
19	22
20	56
21	1
22	80
23	50
24	38
25	92
26	41
27	20
28	23
29	16
30	80
31	4
32	51
33	55
34	82
35	84
36	31
37	25
38	33
39	87
40	25
/

gamma(i)	Duedate
/
0	0
1	19
2	51
3	63
4	3
5	42
6	4
7	56
8	4
9	56
10	75
11	76
12	56
13	83
14	45
15	18
16	11
17	55
18	6
19	94
20	65
21	68
22	88
23	73
24	63
25	15
26	24
27	55
28	68
29	28
30	96
31	9
32	53
33	48
34	22
35	60
36	79
37	69
38	44
39	64
40	37
/

sigma(i)	Size
/
0	0
1	5
2	5
3	6
4	7
5	9
6	3
7	9
8	5
9	8
10	6
11	7
12	9
13	6
14	2
15	2
16	2
17	5
18	7
19	7
20	1
21	6
22	9
23	2
24	3
25	4
26	8
27	7
28	1
29	4
30	2
31	3
32	2
33	5
34	8
35	5
36	7
37	1
38	4
39	9
40	6
/

epsilon(i)	Priority
/
0	0
1	7
2	6
3	9
4	2
5	4
6	8
7	7
8	5
9	7
10	2
11	1
12	5
13	9
14	5
15	1
16	7
17	7
18	1
19	9
20	9
21	3
22	8
23	2
24	9
25	9
26	8
27	4
28	8
29	4
30	4
31	6
32	1
33	8
34	7
35	4
36	9
37	7
38	8
39	1
40	6
/

psi	Vehicle Capacity
/ 29 /
;

Table kappa(i,j)                 Setup
         0        1        2        3        4        5        6        7        8        9        10       11       12       13       14       15       16       17       18       19       20       21       22       23       24       25       26       27       28       29       30       31       32       33       34       35       36       37       38       39       40       
0        0        431      36       328      391      361      293      322      337      331      153      312      49       281      254      341      376      369      375      306      311      173      420      334      86       96       204      216      429      188      429      252      292      506      346      219      380      336      202      393      405      
1        431      0        395      141      40       150      252      220      129      351      311      121      382      240      237      93       55       65       289      204      130      281      43       281      375      371      385      215      2        246      212      383      146      184      89       250      319      199      243      251      92       
2        36       395      0        294      355      326      263      292      301      309      125      276      15       250      223      305      339      333      348      273      276      140      384      307      64       75       189      180      393      153      396      235      256      472      310      186      355      304      167      364      369      
3        328      141      294      0        114      205      261      85       161      367      187      102      279      242      98       66       105      81       334      221      42       221      109      309      294      294      349      133      139      143      294      365      53       306      114      213      360      68       126      310      187      
4        391      40       355      114      0        126      220      198      97       323      274      80       342      206      205      56       15       33       267      173      94       241      52       255      334      331      348      174      38       207      201      349      109      194      51       212      297      178      205      233      82       
5        361      150      326      205      126      0        109      286      44       201      291      105      318      102      264      142      121      144      140      65       166      188      179      131      285      278      256      171      150      213      92       244      166      145      93       144      170      273      227      108      65       
6        293      252      263      261      220      109      0        329      123      106      272      163      259      20       284      213      210      226      91       47       220      127      272      53       209      200      150      166      251      201      140      135      210      231      174      85       108      322      226      100      174      
7        322      220      292      85       198      286      329      0        242      432      169      181      277      308      69       151      190      165      408      293      120      260      182      379      310      313      390      174      218      162      377      415      122      390      198      265      433      22       135      389      272      
8        337      129      301      161      97       44       123      242      0        226      253      61       291      110      220      100      87       106      176      76       122      169      149      159      267      261      258      134      128      176      136      254      122      177      53       129      205      229      187      149      68       
9        331      351      309      367      323      201      106      432      226      0        352      269      310      125      382      319      313      331      83       151      325      198      375      70       246      235      135      262      351      292      186      91       315      286      278      171      65       426      319      127      265      
10       153      311      125      187      274      291      272      169      253      352      0        207      110      253      101      218      260      246      363      259      182      154      290      324      158      164      266      120      309      77       377      304      165      431      241      187      379      183      69       363      314      
11       312      121      276      102      80       105      163      181      61       269      207      0        264      145      161      50       65       69       231      120      61       161      122      208      254      250      273      96       119      133      197      280      61       228      34       135      258      169      138      208      107      
12       49       382      15       279      342      318      259      277      291      310      110      264      0        245      208      292      327      320      345      267      262      134      371      304      68       78       193      167      381      139      390      239      243      463      298      180      353      289      153      359      359      
13       281      240      250      242      206      102      20       308      110      125      253      145      245      0        263      195      195      210      110      37       200      111      257      73       199      190      153      145      239      181      148      143      190      234      158      67       129      302      205      114      166      
14       254      237      223      98       205      264      284      69       220      382      101      161      208      263      0        149      193      173      369      255      111      198      207      337      241      245      327      120      234      97       356      355      101      386      187      211      392      82       69       357      265      
15       341      93       305      66       56       142      213      151      100      319      218      50       292      195      149      0        43       28       276      168      38       204      79       255      291      289      322      127      91       154      229      330      53       241      49       182      304      134      150      249      121      
16       376      55       339      105      15       121      210      190      87       313      260      65       327      195      193      43       0        26       261      163      82       226      62       246      319      316      335      159      54       192      200      336      96       200      37       198      290      172      190      228      83       
17       369      65       333      81       33       144      226      165      106      331      246      69       320      210      173      28       26       0        282      180      64       229      53       266      318      315      343      154      63       182      226      349      81       226      53       205      311      146      178      252      110      
18       375      289      348      334      267      140      91       408      176      83       363      231      345      110      369      276      261      282      0        114      292      216      319      41       290      279      201      254      289      291      104      165      286      203      230      176      30       398      315      45       198      
19       306      204      273      221      173      65       47       293      76       151      259      120      267      37       255      168      163      180      114      0        179      133      225      87       226      218      190      144      204      184      123      180      172      202      127      87       139      284      205      104      129      
20       311      130      276      42       94       166      220      120      122      325      182      61       262      200      111      38       82       64       292      179      0        187      109      267      268      267      312      103      127      123      257      326      19       276      79       174      318      107      114      270      155      
21       173      281      140      221      241      188      127      260      169      198      154      161      134      111      198      204      226      229      216      133      187      0        282      176      98       92       130      88       280      101      256      157      170      333      191      46       229      261      129      226      237      
22       420      43       384      109      52       179      272      182      149      375      290      122      371      257      207      79       62       53       319      225      109      282      0        307      371      368      395      206      41       232      249      398      128      227      99       257      349      160      224      284      129      
23       334      281      307      309      255      131      53       379      159      70       324      208      304      73       337      255      246      266      41       87       267      176      307      0        249      238      165      219      281      255      123      134      259      223      212      137      55       371      279      68       194      
24       86       375      64       294      334      285      209      310      267      246      158      254      68       199      241      291      319      318      290      226      268      98       371      249      0        11       125      165      373      153      347      171      249      429      286      141      294      318      176      309      336      
25       96       371      75       294      331      278      200      313      261      235      164      250      78       190      245      289      316      315      279      218      267      92       368      238      11       0        114      164      369      154      338      161      248      421      282      134      283      321      178      299      329      
26       204      385      189      349      348      256      150      390      258      135      266      273      193      153      327      322      335      343      201      190      312      130      395      165      125      114      0        218      384      229      285      48       296      381      297      139      195      392      258      234      319      
27       216      215      180      133      174      171      166      174      134      262      120      96       167      145      120      127      159      154      254      144      103      88       206      219      165      164      218      0        213      42       258      240      84       312      131      92       274      174      61       248      198      
28       429      2        393      139      38       150      251      218      128      351      309      119      381      239      234      91       54       63       289      204      127      280      41       281      373      369      384      213      0        244      212      382      144      186      88       249      319      196      241      252      93       
29       188      246      153      143      207      213      201      162      176      292      77       133      139      181      97       154      192      182      291      184      123      101      232      255      153      154      229      42       244      0        300      258      104      353      168      121      310      167      28       288      238      
30       429      212      396      294      201      92       140      377      136      186      377      197      390      148      356      229      200      226      104      123      257      256      249      123      347      338      285      258      212      300      0        258      258      99       180      210      130      363      317      59       120      
31       252      383      235      365      349      244      135      415      254      91       304      280      239      143      355      330      336      349      165      180      326      157      398      134      171      161      48       240      382      258      258      0        311      357      299      152      154      414      287      203      309      
32       292      146      256      53       109      166      210      122      122      315      165      61       243      190      101      53       96       81       286      172      19       170      128      259      249      248      296      84       144      104      258      311      0        284      85       159      312      112      96       267      163      
33       506      184      472      306      194      145      231      390      177      286      431      228      463      234      386      241      200      226      203      202      276      333      227      223      429      421      381      312      186      353      99       357      284      0        199      287      228      372      364      158      121      
34       346      89       310      114      51       93       174      198      53       278      241      34       298      158      187      49       37       53       230      127      79       191      99       212      286      282      297      131      88       168      180      299      85       199      0        161      258      182      171      201      77       
35       219      250      186      213      212      144      85       265      129      171      187      135      180      67       211      182      198      205      176      87       174      46       257      137      141      134      139      92       249      121      210      152      159      287      161      0        191      263      147      181      197      
36       380      319      355      360      297      170      108      433      205      65       379      258      353      129      392      304      290      311      30       139      318      229      349      55       294      283      195      274      319      310      130      154      312      228      258      191      0        424      335      73       228      
37       336      199      304      68       178      273      322      22       229      426      183      169      289      302      82       134      172      146      398      284      107      261      160      371      318      321      392      174      196      167      363      414      112      372      182      263      424      0        142      377      254      
38       202      243      167      126      205      227      226      135      187      319      69       138      153      205      69       150      190      178      315      205      114      129      224      279      176      178      258      61       241      28       317      287      96       364      171      147      335      142      0        309      245      
39       393      251      364      310      233      108      100      389      149      127      363      208      359      114      357      249      228      252      45       104      270      226      284      68       309      299      234      248      252      288      59       203      267      158      201      181      73       377      309      0        159      
40       405      92       369      187      82       65       174      272      68       265      314      107      359      166      265      121      83       110      198      129      155      237      129      194      336      329      319      198      93       238      120      309      163      121      77       197      228      254      245      159      0        
;



Table delta(i,j)                 Distance
         0        1        2        3        4        5        6        7        8        9        10       11       12       13       14       15       16       17       18       19       20       21       22       23       24       25       26       27       28       29       30       31       32       33       34       35       36       37       38       39       40       
0        0        4980     7140     2610     4620     6930     8600     7230     5750     7320     6270     3560     6100     3380     7480     1940     7250     7330     6900     8120     7120     6350     7950     2110     6080     3990     1800     6440     1120     5140     1790     10150    6240     8420     8280     3760     7280     7200     5840     5600     6340     
1        4980     0        242      318      104      196      380      255      354      464      324      332      412      344      558      413      560      235      531      378      522      553      406      400      459      417      359      406      387      345      355      527      490      346      334      340      453      433      340      244      307      
2        7140     242      0        559      334      154      145      271      540      602      254      451      376      469      476      653      493      124      476      151      449      538      213      570      435      508      595      343      609      368      549      301      465      155      231      446      590      321      520      423      225      
3        2610     318      559      0        242      492      698      493      315      472      569      387      604      381      759      101      747      539      712      688      720      691      700      321      627      470      81       621      167      509      246      841      653      656      614      407      468      678      323      304      563      
4        4620     104      334      242      0        249      464      260      258      383      425      381      503      387      654      343      653      297      623      477      616      635      510      410      546      471      301      502      350      428      351      602      577      415      373      393      373      535      246      158      409      
5        6930     196      154      492      249      0        235      118      404      450      380      501      497      516      615      592      628      51       607      300      585      656      367      590      553      576      545      472      581      463      550      356      585      168      139      504      438      465      382      289      353      
6        8600     380      145      698      464      235      0        326      638      670      352      587      471      606      535      794      560      184      551      138      516      628      227      713      529      636      738      429      754      485      694      156      556      96       221      581      658      381      616      524      324      
7        7230     255      271      493      260      118      326      0        328      344      495      584      609      597      732      594      744      152      722      412      701      766      484      652      664      665      559      587      611      568      602      415      697      238      138      590      332      583      305      229      469      
8        5750     354      540      315      258      404      638      328      0        157      679      619      761      622      911      392      911      454      881      692      874      891      741      608      803      710      396      759      481      684      536      743      834      560      466      634      153      788      23       118      661      
9        7320     464      602      472      383      450      670      344      157      0        781      760      876      765      1020     547      1024     493      995      750      984      1016     813      761      923      851      553      867      638      808      690      747      955      580      466      774      12       884      153      224      760      
10       6270     324      254      569      425      380      352      495      679      781      0        285      122      306      239      639      249      370      227      235      206      284      181      434      181      304      570      91       544      143      447      496      211      402      484      271      770      111      664      567      28       
11       3560     332      451      387      381      501      587      584      619      760      285      0        253      20       396      421      376      521      341      502      359      305      465      151      257      91       353      289      296      159      183      743      276      602      637      21       751      367      613      537      299      
12       6100     412      376      604      503      497      471      609      761      876      122      253      0        271      155      658      149      490      119      346      117      162      275      402      58       234      588      48       545      98       435      609      89       525      606      234      865      129      749      656      151      
13       3380     344      469      381      387      516      606      597      622      765      306      20       271      0        411      411      391      537      356      523      375      315      485      131      272      90       343      308      282      178      168      763      290      620      653      37       756      386      617      543      319      
14       7480     558      476      759      654      615      535      732      911      1020     239      396      155      411      0        810      36       599      61       398      38       153      310      536      139      353      740      152      692      250      579      650      126      608      707      375      1008     156      898      803      264      
15       1940     413      653      101      343      592      794      594      392      547      639      421      658      411      810      0        795      639      760      776      772      726      782      321      674      494      70       682      140      561      251      940      697      755      715      442      544      745      404      398      636      
16       7250     560      493      747      653      628      560      744      911      1024     249      376      149      391      36       795      0        614      35       424      44       118      337      513      120      327      725      158      673      238      559      679      101      629      725      355      1013     178      898      804      275      
17       7330     235      124      539      297      51       184      152      454      493      370      521      490      537      599      639      614      0        596      260      570      652      333      619      548      590      590      461      622      467      584      305      579      117      119      521      481      445      432      340      341      
18       6900     531      476      712      623      607      551      722      881      995      227      341      119      356      61       760      35       596      0        417      42       97       333      479      85       294      690      135      638      204      524      676      66       617      708      320      985      171      868      775      254      
19       8120     378      151      688      477      300      138      412      692      750      235      502      346      523      398      776      424      260      417      0        381      498      89       642      402      536      714      301      714      378      636      263      427      222      338      492      738      246      671      574      212      
20       7120     522      449      720      616      585      516      701      874      984      206      359      117      375      38       772      44       570      42       381      0        139      295      501      104      320      702      116      655      212      542      638      96       585      680      338      973      135      861      766      232      
21       6350     553      538      691      635      656      628      766      891      1016     284      305      162      315      153      726      118      652      97       498      139      0        418      425      103      237      658      199      596      208      480      760      73       686      768      285      1006     257      881      792      313      
22       7950     406      213      700      510      367      227      484      741      813      181      465      275      485      310      782      337      333      333      89       295      418      0        611      328      485      716      227      704      324      616      343      350      309      422      451      801      162      722      623      165      
23       2110     400      570      321      410      590      713      652      608      761      434      151      402      131      536      321      513      619      479      642      501      425      611      0        397      188      261      439      181      309      75       870      412      715      729      169      754      518      608      551      446      
24       6080     459      435      627      546      553      529      664      803      923      181      257      58       272      139      674      120      548      85       402      104      103      328      397      0        216      604      101      553      121      440      665      32       583      664      236      912      172      792      701      210      
25       3990     417      508      470      471      576      636      665      710      851      304      91       234      90       353      494      327      590      294      536      320      237      485      188      216      0        427      279      360      161      244      789      227      662      709      78       842      361      705      628      324      
26       1800     359      595      81       301      545      738      559      396      553      570      353      588      343      740      70       725      590      690      714      702      658      716      261      604      427      0        612      90       491      188      886      627      704      674      374      549      675      404      381      568      
27       6440     406      343      621      502      472      429      587      759      867      91       289      48       308      152      682      158      461      135      301      116      199      227      439      101      279      612      0        574      130      467      564      127      487      574      270      856      82       745      650      119      
28       1120     387      609      167      350      581      754      611      481      638      544      296      545      282      692      140      673      622      638      714      655      596      704      181      553      360      90       574      0        447      115      907      573      732      716      317      633      644      487      454      547      
29       5140     345      368      509      428      463      485      568      684      808      143      159      98       178      250      561      238      467      204      378      212      208      324      309      121      161      491      130      447      0        338      634      150      522      586      140      798      208      674      584      165      
30       1790     355      549      246      351      550      694      602      536      690      447      183      435      168      579      251      559      584      524      636      542      480      616      75       440      244      188      467      115      338      0        851      458      686      689      204      683      541      537      484      454      
31       10150    527      301      841      602      356      156      415      743      747      496      743      609      763      650      940      679      305      676      263      638      760      343      870      665      789      886      564      907      634      851      0        690      188      281      736      735      505      720      636      470      
32       6240     490      465      653      577      585      556      697      834      955      211      276      89       290      126      697      101      579      66       427      96       73       350      412      32       227      627      127      573      150      458      690      0        613      695      255      944      190      823      732      240      
33       8420     346      155      656      415      168      96       238      560      580      402      602      525      620      608      755      629      117      617      222      585      686      309      715      583      662      704      487      732      522      686      188      613      0        124      599      568      452      537      450      374      
34       8280     334      231      614      373      139      221      138      466      466      484      637      606      653      707      715      725      119      708      338      680      768      422      729      664      709      674      574      716      586      689      281      695      124      0        638      454      551      442      366      456      
35       3760     340      446      407      393      504      581      590      634      774      271      21       234      37       375      442      355      521      320      492      338      285      451      169      236      78       374      270      317      140      204      736      255      599      638      0        765      349      628      550      286      
36       7280     453      590      468      373      438      658      332      153      12       770      751      865      756      1008     544      1013     481      985      738      973      1006     801      754      912      842      549      856      633      798      683      735      944      568      454      765      0        873      147      215      748      
37       7200     433      321      678      535      465      381      583      788      884      111      367      129      386      156      745      178      445      171      246      135      257      162      518      172      361      675      82       644      208      541      505      190      452      551      349      873      0        772      674      126      
38       5840     340      520      323      246      382      616      305      23       153      664      613      749      617      898      404      898      432      868      671      861      881      722      608      792      705      404      745      487      674      537      720      823      537      442      628      147      772      0        98       645      
39       5600     244      423      304      158      289      524      229      118      224      567      537      656      543      803      398      804      340      775      574      766      792      623      551      701      628      381      650      454      584      484      636      732      450      366      550      215      674      98       0        548      
40       6340     307      225      563      409      353      324      469      661      760      28       299      151      319      264      636      275      341      254      212      232      313      165      446      210      324      568      119      547      165      454      470      240      374      456      286      748      126      645      548      0        
;

