

sets
i        orders          /0*40/
k        routes          /1*40/
p        positions       /0*40/
;

alias(i,j)
alias(i,h)
alias(i,hh)
alias(i,jj)
alias(k,kk)
                            Parameters

rho(i)	Processing time
/
0	0
1	41
2	60
3	89
4	6
5	36
6	29
7	53
8	38
9	11
10	71
11	7
12	61
13	84
14	98
15	40
16	1
17	68
18	89
19	99
20	2
21	9
22	66
23	21
24	39
25	50
26	40
27	89
28	25
29	85
30	16
31	27
32	92
33	75
34	30
35	9
36	79
37	46
38	49
39	11
40	43
/

gamma(i)	Duedate
/
0	0
1	45
2	3
3	9
4	11
5	94
6	55
7	51
8	8
9	70
10	55
11	10
12	94
13	75
14	59
15	4
16	49
17	13
18	2
19	57
20	76
21	34
22	72
23	13
24	43
25	81
26	48
27	7
28	30
29	2
30	54
31	78
32	81
33	13
34	47
35	34
36	10
37	90
38	1
39	57
40	48
/

sigma(i)	Size
/
0	0
1	7
2	9
3	1
4	5
5	5
6	4
7	3
8	3
9	5
10	2
11	3
12	4
13	6
14	2
15	5
16	1
17	5
18	4
19	2
20	9
21	8
22	3
23	7
24	1
25	8
26	1
27	9
28	9
29	6
30	9
31	9
32	3
33	8
34	1
35	5
36	7
37	6
38	1
39	9
40	3
/

epsilon(i)	Priority
/
0	0
1	4
2	4
3	1
4	2
5	1
6	1
7	7
8	9
9	1
10	9
11	8
12	7
13	6
14	1
15	2
16	1
17	1
18	9
19	6
20	7
21	1
22	3
23	1
24	6
25	3
26	1
27	6
28	6
29	2
30	9
31	9
32	4
33	4
34	1
35	4
36	8
37	4
38	3
39	6
40	7
/

psi	Vehicle Capacity
/ 79 /
;

Table kappa(i,j)                 Setup
         0        1        2        3        4        5        6        7        8        9        10       11       12       13       14       15       16       17       18       19       20       21       22       23       24       25       26       27       28       29       30       31       32       33       34       35       36       37       38       39       40       
0        0        557      980      94       269      1328     53       1026     310      639      971      958      800      1037     649      387      1049     1631     661      887      729      784      807      239      959      889      495      1005     634      693      1325     563      1685     193      138      359      1111     764      698      621      609      
1        557      0        423      637      734      1692     591      551      860      1135     583      1402     752      1098     740      847      772      1345     550      748      1273     1136     516      640      583      1410     289      710      444      963      934      1120     1333     435      693      211      1515     1141     1150     1112     991      
2        980      423      0        1058     1147     2037     1013     402      1283     1543     561      1789     950      1323     1018     1254     777      1272     795      908      1689     1497     609      1048     547      1823     606      716      686      1305     801      1544     1193     845      1116     630      1883     1496     1545     1520     1370     
3        94       637      1058     0        291      1335     46       1119     261      616      1066     948      789      1105     623      396      1068     1722     752      976      640      807      838      293      997      849      540      1028     728      737      1419     491      1779     232      104      446      1111     681      692      602      631      
4        269      734      1147     291      0        1058     293      1102     215      401      1002     697      1068     850      911      121      1313     1564     616      808      711      517      1065     102      1208     676      745      1267     636      452      1330     472      1652     458      198      523      843      930      436      379      342      
5        1328     1692     2037     1335     1058     0        1347     1817     1116     764      1642     433      2124     877      1957     942      2364     1756     1258     1251     1334     559      2109     1112     2238     725      1785     2315     1359     733      1812     1112     1941     1515     1232     1504     241      1827     652      767      724      
6        53       591      1013     46       293      1347     0        1073     295      641      1021     968      776      1085     618      405      1042     1685     715      941      686      811      807      279      963      881      503      1001     687      730      1376     534      1738     195      127      400      1126     712      709      625      635      
7        1026     551      402      1119     1102     1817     1073     0        1285     1462     189      1643     1262     1015     1282     1184     1158     874      569      590      1754     1321     954      1000     929      1745     831      1095     491      1114     412      1558     814      960      1142     680      1700     1688     1428     1436     1231     
8        310      860      1283     261      215      1116     295      1285     0        367      1200     708      1031     1046     851      236      1327     1779     826      1023     497      628      1099     302      1258     588      798      1289     837      622      1535     272      1865     490      171      653      882      760      464      356      463      
9        639      1135     1543     616      401      764      641      1462     367      0        1337     343      1398     928      1218     289      1683     1780     921      1057     625      375      1446     495      1597     284      1133     1642     974      488      1630     368      1903     832      514      924      525      1066     137      25       290      
10       971      583      561      1066     1002     1642     1021     189      1200     1337     0        1492     1331     827      1322     1070     1277     766      419      403      1685     1163     1051     903      1053     1618     873      1213     367      956      360      1471     751      940      1072     655      1537     1681     1290     1311     1089     
11       958      1402     1789     948      697      433      968      1643     708      343      1492     0        1736     889      1558     576      2007     1795     1075     1147     904      335      1762     773      1905     318      1442     1963     1154     539      1735     679      1949     1151     844      1197     191      1396     260      351      419      
12       800      752      950      789      1068     2124     776      1262     1031     1398     1331     1736     0        1756     201      1182     388      2096     1250     1473     1160     1584     350      1031     491      1599     472      390      1162     1480     1668     1172     2072     624      893      781      1901     711      1482     1386     1409     
13       1037     1098     1323     1105     850      877      1085     1015     1046     928      827      889      1756     0        1652     814      1865     909      550      425      1506     581      1604     813      1681     1141     1307     1805     662      445      940      1239     1076     1155     1036     984      848      1777     812      907      644      
14       649      740      1018     623      911      1957     618      1282     851      1218     1322     1558     201      1652     0        1019     578      2077     1179     1409     959      1429     473      888      639      1408     452      570      1103     1342     1674     975      2073     497      725      713      1729     532      1309     1207     1253     
15       387      847      1254     396      121      942      405      1184     236      289      1070     576      1182     814      1019     0        1433     1584     666      835      701      413      1186     206      1329     571      866      1388     704      386      1383     442      1686     578      294      636      724      992      315      266      238      
16       1049     772      777      1068     1313     2364     1042     1158     1327     1683     1277     2007     388      1865     578      1433     0        2031     1321     1517     1528     1808     263      1252     230      1912     583      64       1216     1669     1569     1507     1967     855      1168     894      2156     1099     1747     1667     1640     
17       1631     1345     1272     1722     1564     1756     1685     874      1779     1780     766      1795     2096     909      2077     1584     2031     0        970      756      2276     1474     1815     1484     1803     2024     1633     1967     1004     1298     475      2025     216      1652     1697     1379     1756     2386     1683     1756     1490     
18       661      550      795      752      616      1258     715      569      826      921      419      1075     1250     550      1179     666      1321     970      0        232      1323     751      1063     525      1131     1200     784      1260     112      545      717      1088     1039     706      728      470      1131     1422     870      895      669      
19       887      748      908      976      808      1251     941      590      1023     1057     403      1147     1473     425      1409     835      1517     756      232      0        1520     812      1264     727      1314     1322     1003     1454     311      609      588      1273     851      939      943      697      1166     1651     980      1031     778      
20       729      1273     1689     640      711      1334     686      1754     497      625      1685     904      1160     1506     959      701      1528     2276     1323     1520     0        995      1356     798      1529     621      1122     1508     1328     1063     2028     267      2362     844      613      1086     1095     568      762      637      871      
21       784      1136     1497     807      517      559      811      1321     628      375      1163     335      1584     581      1429     413      1808     1474     751      812      995      0        1551     558      1678     559      1226     1757     838      207      1400     731      1620     966      707      944      385      1385     242      360      175      
22       807      516      609      838      1065     2109     807      954      1099     1446     1051     1762     350      1604     473      1186     263      1815     1063     1264     1356     1551     0        999      174      1687     324      207      959      1408     1366     1301     1769     614      934      631      1906     1002     1502     1429     1385     
23       239      640      1048     293      102      1112     279      1000     302      495      903      773      1031     813      888      206      1252     1484     525      727      798      558      999      0        1134     774      675      1203     538      453      1234     568      1564     409      226      429      907      966      515      472      387      
24       959      583      547      997      1208     2238     963      929      1258     1597     1053     1905     491      1681     639      1329     230      1803     1131     1314     1529     1678     174      1134     0        1845     464      169      1022     1523     1340     1468     1737     768      1090     739      2042     1171     1645     1579     1517     
25       889      1410     1823     849      676      725      881      1745     588      284      1618     318      1599     1141     1408     571      1912     2024     1200     1322     621      559      1687     774      1845     0        1384     1876     1257     727      1902     446      2159     1077     755      1198     495      1156     342      309      544      
26       495      289      606      540      745      1785     503      831      798      1133     873      1442     472      1307     452      866      583      1633     784      1003     1122     1226     324      675      464      1384     0        530      692      1086     1222     1024     1622     308      629      323      1582     891      1181     1114     1061     
27       1005     710      716      1028     1267     2315     1001     1095     1289     1642     1213     1963     390      1805     570      1388     64       1967     1260     1454     1508     1757     207      1203     169      1876     530      0        1154     1615     1507     1476     1905     811      1128     838      2109     1098     1702     1626     1590     
28       634      444      686      728      636      1359     687      491      837      974      367      1154     1162     662      1103     704      1216     1004     112      311      1328     838      959      538      1022     1257     692      1154     0        636      699      1106     1050     649      720      390      1222     1382     937      949      741      
29       693      963      1305     737      452      733      730      1114     622      488      956      539      1480     445      1342     386      1669     1298     545      609      1063     207      1408     453      1523     727      1086     1615     636      0        1197     795      1433     855      650      784      586      1376     385      466      199      
30       1325     934      801      1419     1330     1812     1376     412      1535     1630     360      1735     1668     940      1674     1383     1569     475      717      588      2028     1400     1366     1234     1340     1902     1222     1507     699      1197     0        1802     403      1301     1419     1016     1748     2042     1563     1604     1360     
31       563      1120     1544     491      472      1112     534      1558     272      368      1471     679      1172     1239     975      442      1507     2025     1088     1273     267      731      1301     568      1468     446      1024     1476     1106     795      1802     0        2121     721      428      918      870      719      505      377      603      
32       1685     1333     1193     1779     1652     1941     1738     814      1865     1903     751      1949     2072     1076     2073     1686     1967     216      1039     851      2362     1620     1769     1564     1737     2159     1622     1905     1050     1433     403      2121     0        1682     1766     1400     1925     2423     1817     1878     1618     
33       193      435      845      232      458      1515     195      960      490      832      940      1151     624      1155     497      578      855      1652     706      939      844      966      614      409      768      1077     308      811      649      855      1301     721      1682     0        322      285      1302     741      891      814      793      
34       138      693      1116     104      198      1232     127      1142     171      514      1072     844      893      1036     725      294      1168     1697     728      943      613      707      934      226      1090     755      629      1128     720      650      1419     428      1766     322      0        490      1007     741      588      499      531      
35       359      211      630      446      523      1504     400      680      653      924      655      1197     781      984      713      636      894      1379     470      697      1086     944      631      429      739      1198     323      838      390      784      1016     918      1400     285      490      0        1318     1026     942      901      791      
36       1111     1515     1883     1111     843      241      1126     1700     882      525      1537     191      1901     848      1729     724      2156     1756     1131     1166     1095     385      1906     907      2042     495      1582     2109     1222     586      1748     870      1925     1302     1007     1318     0        1586     420      529      526      
37       764      1141     1496     681      930      1827     712      1688     760      1066     1681     1396     711      1777     532      992      1099     2386     1422     1651     568      1385     1002     966      1171     1156     891      1098     1382     1376     2042     719      2423     741      741      1026     1586     0        1193     1067     1223     
38       698      1150     1545     692      436      652      709      1428     464      137      1290     260      1482     812      1309     315      1747     1683     870      980      762      242      1502     515      1645     342      1181     1702     937      385      1563     505      1817     891      588      942      420      1193     0        128      203      
39       621      1112     1520     602      379      767      625      1436     356      25       1311     351      1386     907      1207     266      1667     1756     895      1031     637      360      1429     472      1579     309      1114     1626     949      466      1604     377      1878     814      499      901      529      1067     128      0        267      
40       609      991      1370     631      342      724      635      1231     463      290      1089     419      1409     644      1253     238      1640     1490     669      778      871      175      1385     387      1517     544      1061     1590     741      199      1360     603      1618     793      531      791      526      1223     203      267      0        
;



Table delta(i,j)                 Distance
         0        1        2        3        4        5        6        7        8        9        10       11       12       13       14       15       16       17       18       19       20       21       22       23       24       25       26       27       28       29       30       31       32       33       34       35       36       37       38       39       40       
0        0        960      7740     5010     9600     5820     7890     5550     7560     12090    3420     10500    5040     3270     10710    9750     1410     6840     9420     1530     7980     13560    4110     2610     4710     7620     8460     8940     6630     8100     12180    1650     3210     3810     10050    5610     8580     6240     7800     2430     3060     
1        960      0        240      136      289      175      233      153      225      371      82       322      136      93       326      293      44       196      286      82       240      420      105      57       125      239      250      273      199      243      374      65       75       115      303      157      256      179      228      72       85       
2        7740     240      0        250      188      355      306      213      95       325      234      406      201      307      218      257      284      254      134      305      87       325      224      193      238      28       271      78       51       359      293      305      192      331      222      146      320      294      247      303      300      
3        5010     136      250      0        199      110      97       45       184      244      54       191      49       106      229      172      142      63       224      209      201      305      36       106      13       264      118      241      198      121      258      164      85       120      199      106      119      50       101      128      103      
4        9600     289      188      199      0        302      188      156      98       137      228      265      164      301      37       83       318      155      62       372      101      144      203      233      198      216      130      119      160      253      106      342      214      319      35       133      189      214      121      317      297      
5        5820     175      355      110      302      0        138      154      294      313      124      181      159      85       328      256      149      148      333      213      312      385      131      180      119      366      192      352      305      101      340      158      170      73       295      216      156      90       187      116      91       
6        7890     233      306      97       188      138      0        102      220      174      151      102      121      184      205      124      234      53       236      302      236      248      132      201      109      327      60       273      257      64       204      253      179      189      171      163      23       59       68       213      185      
7        5550     153      213      45       156      154      102      0        140      218      76       204      20       145      188      141      170      51       179      232      158      271      50       107      41       230      99       198      162      146      224      194      84       162      159      67       122      80       75       163      141      
8        7560     225      95       184      98       294      220      140      0        232      188      316      135      266      133      162      263      170      63       304      17       242      168      168      175      121      178      57       61       279      205      287      156      288      131      80       231      219      156      272      260      
9        12090    371      325      244      137      313      174      218      232      0        292      194      235      348      116      79       386      181      198      450      237      81       267      321      251      352      126      256      292      227      53       408      299      357      102      235      158      228      144      373      347      
10       3420     82       234      54       228      124      151      76       188      292      0        243      64       78       262      217      94       114      239      158      205      347      26       58       43       243      169      243      185      168      300      117      45       100      235      108      174      100      148      89       72       
11       10500    322      406      191      265      181      102      204      316      194      243      0        223      254      270      185      313      155      321      382      330      275      228      297      205      427      139      366      357      82       241      328      277      250      238      265      85       143      159      286      257      
12       5040     136      201      49       164      159      121      20       135      235      64       223      0        138      198      157      156      71       180      216      153      285      38       87       40       217      118      193      150      162      239      180      64       157      171      57       141      93       94       152      133      
13       3270     93       307      106      301      85       184      145      266      348      78       254      138      0        333      278      63       167      317      129      283      411      100      115      104      312      221      321      259      171      364      74       115      24       304      186      206      125      206      32       7        
14       10710    326      218      229      37       328      205      188      133      116      262      270      198      333      0        85       353      179      85       408      133      108      236      269      229      246      145      144      194      269      75       378      250      350      34       170      202      238      142      351      330      
15       9750     293      257      172      83       256      124      141      162      79       217      185      157      278      85       0        311      112      144      373      171      132      191      242      177      283      64       198      219      187      86       334      220      291      53       155      117      167      72       301      276      
16       1410     44       284      142      318      149      234      170      263      386      94       313      156      63       353      311      0        205      321      68       278      441      120      95       135      284      261      313      242      231      394      24       107      81       328      189      257      176      242      34       58       
17       6840     196      254      63       155      148      53       51       170      181      114      155      71       167      179      112      205      0        193      272      186      245      90       156      71       273      55       225      204      108      198      227      133      178      146      110      71       59       40       191      165      
18       9420     286      134      224      62       333      236      179      63       198      239      321      180      317      85       144      321      193      0        366      55       190      217      228      219      162      183      59       118      299      160      345      214      337      97       132      241      250      167      326      311      
19       1530     82       305      209      372      213      302      232      304      450      158      382      216      129      408      373      68       272      366      0        318      502      183      139      200      299      327      349      271      300      455      55       158      140      385      239      325      245      306      97       124      
20       7980     240      87       201      101      312      236      158      17       237      205      330      153      283      133      171      278      186      55       318      0        241      186      184      193      115      192      40       63       295      206      302      172      305      135      97       246      236      171      288      277      
21       13560    420      325      305      144      385      248      271      242      81       347      275      285      411      108      132      441      245      190      502      241      0        321      366      309      353      194      248      303      305      47       465      345      423      119      270      235      297      205      433      409      
22       4110     105      224      36       203      131      132      50       168      267      26       228      38       100      236      191      120      90       217      183      186      321      0        69       23       235      144      225      173      157      274      143      49       120      209      88       154      87       123      114      95       
23       2610     57       193      106      233      180      201      107      168      321      58       297      87       115      269      242      95       156      228      139      184      366      69       0        92       197      206      218      148      225      320      118      23       140      248      100      223      155      182      110      108      
24       4710     125      238      13       198      119      109      41       175      251      43       205      40       104      229      177      135      71       219      200      193      309      23       92       0        252      126      233      187      135      262      157      72       121      200      96       131      64       106      124      101      
25       7620     239      28       264      216      366      327      230      121      352      243      427      217      312      246      283      284      273      162      299      115      353      235      197      252      0        294      106      69       377      321      304      199      337      250      164      341      310      270      306      305      
26       8460     250      271      118      130      192      60       99       178      126      169      139      118      221      145      64       261      55       183      327      192      194      144      206      126      294      0        227      225      124      148      283      183      231      111      140      58       103      26       246      220      
27       8940     273      78       241      119      352      273      198      57       256      243      366      193      321      144      198      313      225      59       349      40       248      225      218      233      106      227      0        80       333      219      337      209      343      155      137      282      276      207      325      315      
28       6630     199      51       198      160      305      257      162      61       292      185      357      150      259      194      219      242      204      118      271      63       303      173      148      187      69       225      80       0        309      266      264      144      283      192      95       272      242      200      258      252      
29       8100     243      359      121      253      101      64       146      279      227      168      82       162      171      269      187      231      108      299      300      295      305      157      225      135      377      124      333      309      0        263      246      206      168      235      213      70       70       132      204      175      
30       12180    374      293      258      106      340      204      224      205      53       300      241      239      364      75       86       394      198      160      455      206      47       274      320      262      321      148      219      266      263      0        418      299      377      76       226      193      252      158      386      362      
31       1650     65       305      164      342      158      253      194      287      408      117      328      180      74       378      334      24       227      345      55       302      465      143      118      157      304      283      337      264      246      418      0        131      85       352      214      276      195      264      42       71       
32       3210     75       192      85       214      170      179      84       156      299      45       277      64       115      250      220      107      133      214      158      172      345      49       23       72       199      183      209      144      206      299      131      0        139      227      82       201      136      159      116      108      
33       3810     115      331      120      319      73       189      162      288      357      100      250      157      24       350      291      81       178      337      140      305      423      120      140      121      337      231      343      283      168      377      85       139      0        320      208      210      130      218      46       32       
34       10050    303      222      199      35       295      171      159      131      102      235      238      171      304      34       53       328      146      97       385      135      119      209      248      200      250      111      155      192      235      76       352      227      320      0        151      168      205      108      323      301      
35       5610     157      146      106      133      216      163      67       80       235      108      265      57       186      170      155      189      110      132      239      97       270      88       100      96       164      140      137      95       213      226      214      82       208      151      0        180      147      114      194      180      
36       8580     256      320      119      189      156      23       122      231      158      174      85       141      206      202      117      257      71       241      325      246      235      154      223      131      341      58       282      272      70       193      276      201      210      168      180      0        81       75       235      207      
37       6240     179      294      50       214      90       59       80       219      228      100      143      93       125      238      167      176      59       250      245      236      297      87       155      64       310      103      276      242      70       252      195      136      130      205      147      81       0        97       154      126      
38       7800     228      247      101      121      187      68       75       156      144      148      159      94       206      142      72       242      40       167      306      171      205      123      182      106      270      26       207      200      132      158      264      159      218      108      114      75       97       0        230      204      
39       2430     72       303      128      317      116      213      163      272      373      89       286      152      32       351      301      34       191      326      97       288      433      114      110      124      306      246      325      258      204      386      42       116      46       323      194      235      154      230      0        28       
40       3060     85       300      103      297      91       185      141      260      347      72       257      133      7        330      276      58       165      311      124      277      409      95       108      101      305      220      315      252      175      362      71       108      32       301      180      207      126      204      28       0        
;

