

sets
i        orders          /0*40/
k        routes          /1*40/
p        positions       /0*40/
;

alias(i,j)
alias(i,h)
alias(i,hh)
alias(i,jj)
alias(k,kk)
                            Parameters

rho(i)	Processing time
/
0	0
1	92
2	1
3	49
4	41
5	51
6	77
7	52
8	48
9	66
10	68
11	42
12	22
13	9
14	58
15	14
16	13
17	96
18	76
19	1
20	83
21	67
22	74
23	15
24	32
25	66
26	62
27	22
28	38
29	63
30	91
31	28
32	37
33	66
34	73
35	64
36	15
37	16
38	46
39	60
40	35
/

gamma(i)	Duedate
/
0	0
1	62
2	59
3	34
4	9
5	25
6	45
7	38
8	40
9	99
10	64
11	99
12	70
13	1
14	26
15	80
16	31
17	88
18	78
19	81
20	70
21	44
22	40
23	36
24	24
25	66
26	27
27	98
28	41
29	71
30	50
31	75
32	42
33	45
34	14
35	42
36	44
37	63
38	25
39	39
40	94
/

sigma(i)	Size
/
0	0
1	8
2	3
3	6
4	9
5	9
6	5
7	5
8	6
9	9
10	2
11	5
12	7
13	6
14	6
15	3
16	8
17	3
18	1
19	7
20	8
21	1
22	5
23	8
24	8
25	8
26	7
27	5
28	5
29	8
30	4
31	9
32	6
33	7
34	1
35	2
36	8
37	1
38	7
39	8
40	8
/

epsilon(i)	Priority
/
0	0
1	8
2	6
3	5
4	8
5	5
6	6
7	2
8	3
9	8
10	8
11	4
12	6
13	1
14	7
15	4
16	8
17	3
18	9
19	1
20	1
21	7
22	9
23	8
24	5
25	8
26	4
27	4
28	4
29	4
30	4
31	3
32	1
33	8
34	7
35	1
36	7
37	5
38	2
39	3
40	9
/

psi	Vehicle Capacity
/ 79 /
;

Table kappa(i,j)                 Setup
         0        1        2        3        4        5        6        7        8        9        10       11       12       13       14       15       16       17       18       19       20       21       22       23       24       25       26       27       28       29       30       31       32       33       34       35       36       37       38       39       40       
0        0        1286     1872     1269     1327     1291     637      1248     1353     479      825      778      778      1302     1428     784      417      535      910      1275     1075     404      680      896      48       739      629      974      152      1359     380      1680     518      1109     1631     1793     1231     1026     1277     1769     801      
1        1286     0        647      239      895      1058     692      128      672      836      890      732      599      564      148      1213     1700     953      704      294      1365     1152     654      1191     1258     1296     1569     789      1216     78       1125     1006     846      258      680      687      765      1795     471      1659     575      
2        1872     647      0        602      979      1174     1326     750      743      1458     1532     1379     1107     701      503      1858     2289     1442     1342     602      1624     1789     1290     1829     1852     1685     2023     1417     1826     601      1636     837      1480     763      468      251      921      2153     665      1638     1221     
3        1269     239      602      0        659      829      751      357      432      869      1031     856      508      325      264      1339     1686     854      860      55       1171     1212     722      1336     1250     1148     1456     960      1227     286      1044     775      903      164      480      553      534      1640     233      1423     680      
4        1327     895      979      659      0        195      1100     1001     251      1133     1480     1297     668      341      909      1726     1696     792      1357     606      666      1465     1093     1763     1332     826      1201     1472     1362     946      970      363      1206     684      525      760      142      1226     429      764      1125     
5        1291     1058     1174     829      195      0        1162     1154     443      1170     1555     1376     730      523      1086     1774     1633     763      1451     777      490      1482     1163     1824     1303     703      1078     1567     1348     1114     917      492      1250     828      717      953      294      1058     605      620      1213     
6        637      692      1326     751      1100     1162     0        629      1007     158      396      232      434      917      840      629      1033     566      348      778      1206     463      43       664      601      973      1098     454      539      757      637      1384     154      591      1203     1305     965      1432     855      1762     165      
7        1248     128      750      357      1001     1154     629      0        787      782      782      635      623      678      248      1109     1656     966      592      412      1430     1078     588      1079     1217     1332     1581     670      1166     149      1125     1130     780      329      808      810      866      1832     585      1764     493      
8        1353     672      743      432      251      443      1007     787      0        1073     1360     1176     607      109      668      1635     1749     837      1215     377      882      1421     991      1656     1349     979      1341     1325     1360     714      1032     379      1135     496      318      543      181      1422     201      999      997      
9        479      836      1458     869      1133     1170     158      782      1073     0        454      335      471      994      983      606      876      491      467      889      1147     350      201      668      442      883      968      557      384      904      519      1443     87       705      1298     1419     1006     1318     942      1748     322      
10       825      890      1532     1031     1480     1555     396      782      1360     454      0        184      824      1261     1028     328      1132     942      192      1071     1593     459      391      304      777      1338     1399     173      680      931      969      1740     369      891      1509     1568     1341     1765     1186     2158     363      
11       778      732      1379     856      1297     1376     232      635      1176     335      184      0        646      1077     876      485      1134     797      133      894      1438     481      217      483      734      1202     1303     224      649      781      852      1556     266      711      1331     1400     1158     1651     1004     1983     180      
12       778      599      1107     508      668      730      434      623      607      471      824      646      0        536      718      1058     1192     354      728      504      849      815      433      1098     766      710      969      844      762      677      537      972      539      363      858      1014     536      1209     500      1338     489      
13       1302     564      701      325      341      523      917      678      109      994      1261     1077     536      0        568      1542     1705     802      1112     269      930      1344     899      1560     1294     989      1339     1221     1298     609      999      481      1051     388      332      531      234      1451     92       1100     898      
14       1428     148      503      264      909      1086     840      248      668      983      1028     876      718      568      0        1354     1844     1072     839      310      1434     1300     802      1326     1402     1396     1686     918      1363     99       1252     964      995      357      606      572      791      1892     481      1667     723      
15       784      1213     1858     1339     1726     1774     629      1109     1635     606      328      485      1058     1542     1354     0        979      1079     521      1375     1732     383      643      123      737      1436     1410     476      633      1257     1045     2013     524      1191     1811     1885     1593     1801     1475     2354     659      
16       417      1700     2289     1686     1696     1633     1033     1656     1749     876      1132     1134     1192     1705     1844     979      0        913      1258     1691     1324     672      1076     1102     441      985      714      1299     494      1772     726      2057     896      1526     2037     2206     1614     1087     1686     2036     1190     
17       535      953      1442     854      792      763      566      966      837      491      942      797      354      802      1072     1079     913      0        914      842      656      741      591      1154     542      408      616      1020     584      1031     197      1148     579      717      1135     1321     701      888      796      1289     698      
18       910      704      1342     860      1357     1451     348      592      1215     467      192      133      728      1112     839      521      1258     914      0        904      1545     595      323      487      865      1322     1434     116      778      741      980      1593     399      730      1341     1387     1216     1778     1032     2065     239      
19       1275     294      602      55       606      777      778      412      377      889      1071     894      504      269      310      1375     1691     842      904      0        1131     1234     750      1375     1257     1121     1437     1006     1239     340      1035     720      927      187      437      530      482      1610     178      1369     716      
20       1075     1365     1624     1171     666      490      1206     1430     882      1147     1593     1438     849      930      1434     1732     1324     656      1545     1131     0        1378     1224     1810     1103     342      663      1657     1179     1435     709      979      1235     1108     1187     1420     703      569      988      711      1313     
21       404      1152     1789     1212     1465     1482     463      1078     1421     350      459      481      815      1344     1300     383      672      741      595      1234     1378     0        499      491      356      1068     1027     627      252      1214     676      1786     309      1049     1648     1764     1344     1419     1293     2031     584      
22       680      654      1290     722      1093     1163     43       588      991      201      391      217      433      899      802      643      1076     591      323      750      1224     499      0        670      644      1000     1135     433      582      718      672      1370     192      563      1178     1275     957      1463     834      1767     124      
23       896      1191     1829     1336     1763     1824     664      1079     1656     668      304      483      1098     1560     1326     123      1102     1154     487      1375     1810     491      670      0        848      1524     1517     418      744      1228     1137     2036     582      1194     1813     1872     1627     1905     1487     2414     663      
24       48       1258     1852     1250     1332     1303     601      1217     1349     442      777      734      766      1294     1402     737      441      542      865      1257     1103     356      644      848      0        770      674      928      104      1331     400      1682     476      1088     1622     1778     1232     1070     1266     1792     763      
25       739      1296     1685     1148     826      703      973      1332     979      883      1338     1202     710      989      1396     1436     985      408      1322     1121     342      1068     1000     1524     770      0        376      1426     852      1373     391      1182     970      1042     1298     1517     803      499      1020     1052     1107     
26       629      1569     2023     1456     1201     1078     1098     1581     1341     968      1399     1303     969      1339     1686     1410     714      616      1434     1437     663      1027     1135     1517     674      376      0        1523     777      1647     467      1558     1041     1328     1658     1871     1169     400      1359     1361     1256     
27       974      789      1417     960      1472     1567     454      670      1325     557      173      224      844      1221     918      476      1299     1020     116      1006     1657     627      433      418      928      1426     1523     0        835      819      1076     1702     482      837      1441     1476     1330     1875     1140     2181     354      
28       152      1216     1826     1227     1362     1348     539      1166     1360     384      680      649      762      1298     1363     633      494      584      778      1239     1179     252      582      744      104      852      777      835      0        1286     469      1705     402      1064     1620     1766     1255     1172     1262     1858     696      
29       1359     78       601      286      946      1114     757      149      714      904      931      781      677      609      99       1257     1772     1031     741      340      1435     1214     718      1228     1331     1373     1647     819      1286     0        1203     1032     911      332      688      668      820      1872     518      1709     632      
30       380      1125     1636     1044     970      917      637      1125     1032     519      969      852      537      999      1252     1045     726      197      980      1035     709      676      672      1137     400      391      467      1076     469      1203     0        1330     601      900      1332     1519     889      799      994      1392     791      
31       1680     1006     837      775      363      492      1384     1130     379      1443     1740     1556     972      481      964      2013     2057     1148     1593     720      979      1786     1370     2036     1682     1182     1558     1702     1705     1032     1330     0        1508     867      388      587      450      1548     564      804      1377     
32       518      846      1480     903      1206     1250     154      780      1135     87       369      266      539      1051     995      524      896      579      399      927      1235     309      192      582      476      970      1041     482      402      911      601      1508     0        740      1346     1456     1076     1398     994      1833     295      
33       1109     258      763      164      684      828      591      329      496      705      891      711      363      388      357      1191     1526     717      730      187      1108     1049     563      1194     1088     1042     1328     837      1064     332      900      867      740      0        620      715      545      1540     303      1442     532      
34       1631     680      468      480      525      717      1203     808      318      1298     1509     1331     858      332      606      1811     2037     1135     1341     437      1187     1648     1178     1813     1622     1298     1658     1441     1620     688      1332     388      1346     620      0        235      497      1737     358      1175     1153     
35       1793     687      251      553      760      953      1305     810      543      1419     1568     1400     1014     531      572      1885     2206     1321     1387     530      1420     1764     1275     1872     1778     1517     1871     1476     1766     668      1519     587      1456     715      235      0        724      1966     524      1390     1228     
36       1231     765      921      534      142      294      965      866      181      1006     1341     1158     536      234      791      1593     1614     701      1216     482      703      1344     957      1627     1232     803      1169     1330     1255     820      889      450      1076     545      497      724      0        1241     311      897      984      
37       1026     1795     2153     1640     1226     1058     1432     1832     1422     1318     1765     1651     1209     1451     1892     1801     1087     888      1778     1610     569      1419     1463     1905     1070     499      400      1875     1172     1872     799      1548     1398     1540     1737     1966     1241     0        1494     1146     1578     
38       1277     471      665      233      429      605      855      585      201      942      1186     1004     500      92       481      1475     1686     796      1032     178      988      1293     834      1487     1266     1020     1359     1140     1262     518      994      564      994      303      358      524      311      1494     0        1191     824      
39       1769     1659     1638     1423     764      620      1762     1764     999      1748     2158     1983     1338     1100     1667     2354     2036     1289     2065     1369     711      2031     1767     2414     1792     1052     1361     2181     1858     1709     1392     804      1833     1442     1175     1390     897      1146     1191     0        1826     
40       801      575      1221     680      1125     1213     165      493      997      322      363      180      489      898      723      659      1190     698      239      716      1313     584      124      663      763      1107     1256     354      696      632      791      1377     295      532      1153     1228     984      1578     824      1826     0        
;



Table delta(i,j)                 Distance
         0        1        2        3        4        5        6        7        8        9        10       11       12       13       14       15       16       17       18       19       20       21       22       23       24       25       26       27       28       29       30       31       32       33       34       35       36       37       38       39       40       
0        0        211      187      89       142      177      156      32       157      180      95       137      44       109      169      31       25       52       184      110      97       163      109      109      34       159      93       78       18       54       164      51       44       60       181      103      104      133      27       94       89       
1        211      0        53       172      120      76       98       178      129      54       133      166      172      159      110      208      217      158      41       141      120      79       109      108      189      117      149      187      197      194      46       242      167      196      99       150      140      123      208      118      123      
2        187      53       0        172      71       23       120      155      77       85       131      181      144      165      57       192      188      135      15       97       90       104      106      105      173      65       109      147      171      159      47       210      142      188      46       107      144      136      192      106      108      
3        89       172      172      0        162      174      86       76       182      125      41       48       92       22       183      63       113      75       162      142      106      101      66       67       55       177      130      141      91       124      132      140      80       34       188      141      32       57       66       69       70       
4        142      120      71       162      0        50       148      114      19       131      125      189      98       164      27       157      134      98       80       32       56       138      108      106      140      17       49       82       124      99       90       150      101      164      42       42       143      150      155      94       92       
5        177      76       23       174      50       0        133      146      54       103      133      189      133      170      34       186      175      127      36       79       80       118      109      108      168      42       93       129      160      144      61       195      133      185      24       89       148      145      185      105      105      
6        156      98       120      86       148      133      0        129      166      44       61       69       134      67       156      140      173      114      106      146      107      18       52       53       125      156      143      172      149      167      73       202      123      118      154      151      56       29       143      72       79       
7        32       178      155      76       114      146      129      0        131      149      69       122      18       93       140      43       43       20       152      85       65       134      79       79       29       131      68       66       20       48       132      72       13       59       152      79       82       109      41       62       57       
8        157      129      77       182      19       54       166      131      0        147      145      209      114      184      21       174      148      117      88       47       75       155      127      126      159      12       64       91       139      111      104      161      119      183      37       55       163      170      172      114      112      
9        180      54       85       125      131      103      44       149      147      0        90       113      149      108      132      170      192      131      70       140      107      26       70       70       153      135      142      177      169      177      43       220      140      152      127      147      93       71       172      86       92       
10       95       133      131      41       125      133      61       69       145      90       0        65       78       38       144      80       113      58       121      111      71       70       25       26       64       139      101      122      89       112      91       142      66       62       148      112      18       39       82       31       34       
11       137      166      181      48       189      189      69       122      209      113      65       0        136      29       205      111      161      117      169      176      136      87       82       83       103      202      166      184      139      170      135      188      124      80       208      177      47       44       114      95       99       
12       44       172      144      92       98       133      134      18       114      149      78       136      0        106      125      61       44       20       143      67       54       137      82       82       48       115      50       49       26       34       126      71       12       77       137      61       93       117      58       63       57       
13       109      159      165      22       164      170      67       93       184      108      38       29       106      0        182      85       132      88       154      149      110      83       60       61       75       178      138      154      110      140      121      160      94       56       186      149      21       38       88       70       72       
14       169      110      57       183      27       34       156      140      21       132      144      205      125      182      0        183      162      123      70       60       78       144      123      122      166      11       76       109      151      127      89       178      127      188      16       69       161      164      181      113      112      
15       31       208      192      63       157      186      140      43       174      170      80       111      61       85       183      0        57       59       187      128      106      150      100      100      18       174      112      104      43       82       162      80       55       31       193      122      85       114      4        89       86       
16       25       217      188      113      134      175      173      43       148      192      113      161      44       132      162      57       0        61       187      101      98       178      123      123      58       151      85       60       23       37       171      28       51       86       175      93       124      152      52       105      99       
17       52       158      135      75       98       127      114      20       117      131      58       117      20       88       123      59       61       0        132      72       47       118      63       62       42       115      57       66       38       54       112      89       9        67       134      68       73       97       58       44       38       
18       184      41       15       162      80       36       106      152      88       70       121      169      143      154      70       187      187      132      0        102      88       89       96       95       168      76       112      150      169      160      33       210      139      180      60       112      133      124      187      98       101      
19       110      141      97       142      32       79       146      85       47       140      111      176      67       149      60       128      101      72       102      0        40       140      98       97       113      49       17       50       92       66       102      117      73       139      74       10       129      142      126      81       77       
20       97       120      90       106      56       80       107      65       75       107      71       136      54       110      78       106      98       47       88       40       0        103      58       57       88       71       36       70       80       73       76       122      52       109      87       43       89       102      105      41       37       
21       163      79       104      101      138      118      18       134      155      26       70       87       137      83       144      150      178      118      89       140      103      0        55       55       134      145      139      171      155      168      57       206      127      130      140      146      69       45       152      73       80       
22       109      109      106      66       108      109      52       79       127      70       25       82       82       60       123      100      123      63       96       98       58       55       0        1        82       120      92       120      100      114      66       151      72       86       126      101      38       43       101      20       26       
23       109      108      105      67       106      108      53       79       126      70       26       83       82       61       122      100      123      62       95       97       57       55       1        0        82       118      91       119      99       113      65       151      72       87       125      100      39       45       102      19       25       
24       34       189      173      55       140      168      125      29       159      153      64       103      48       75       166      18       58       42       168      113      88       134      82       82       0        157      97       95       37       75       144      85       40       30       176      108      71       100      19       71       67       
25       159      117      65       177      17       42       156      131      12       135      139      202      115      178      11       174      151      115      76       49       71       145      120      118      157      0        66       97       141      115      92       166      118      180      27       58       156      161      172      108      106      
26       93       149      109      130      49       93       143      68       64       142      101      166      50       138      76       112      85       57       112      17       36       139      92       91       97       66       0        38       75       51       107      102      57       124      90       11       119      136      109      74       68       
27       78       187      147      141      82       129      172      66       91       177      122      184      49       154      109      104      60       66       150      50       70       171      120      119      95       97       38       0        62       23       145      70       60       126      124      40       139      160      101      100      94       
28       18       197      171      91       124      160      149      20       139      169      89       139      26       110      151      43       23       38       169      92       80       155      100      99       37       141      75       62       0        39       151      52       30       68       163      85       101      128      39       82       77       
29       54       194      159      124      99       144      167      48       111      177      112      170      34       140      127      82       37       54       160      66       73       168      114      113      75       115      51       23       39       0        150      51       46       106      141      57       127      151      79       94       88       
30       164      46       47       132      90       61       73       132      104      43       91       135      126      121      89       162      171      112      33       102      76       57       66       65       144      92       107      145      151      150      0        197      121      152      84       110      101      90       163      72       76       
31       51       242      210      140      150      195      202      72       161      220      142      188      71       160      178      80       28       89       210      117      122      206      151      151      85       166      102      70       52       51       197      0        79       111      192      108      153      181      76       133      127      
32       44       167      142      80       101      133      123      13       119      140      66       124      12       94       127      55       51       9        139      73       52       127      72       72       40       118      57       60       30       46       121      79       0        68       139      68       81       105      53       54       48       
33       60       196      188      34       164      185      118      59       183      152      62       80       77       56       188      31       86       67       180      139      109      130      86       87       30       180      124      126      68       106      152      111      68       0        196      135      61       89       35       82       80       
34       181      99       46       188      42       24       154      152      37       127      148      208      137      186      16       193      175      134      60       74       87       140      126      125      176      27       90       124      163      141      84       192      139      196      0        84       164      165      192      119      118      
35       103      150      107      141      42       89       151      79       55       147      112      177      61       149      69       122      93       68       112      10       43       146      101      100      108      58       11       40       85       57       110      108      68       135      84       0        130      145      120      83       78       
36       104      140      144      32       143      148      56       82       163      93       18       47       93       21       161      85       124      73       133      129      89       69       38       39       71       156      119      139      101      127      101      153      81       61       164      130      0        29       87       48       52       
37       133      123      136      57       150      145      29       109      170      71       39       44       117      38       164      114      152      97       124      142      102      45       43       45       100      161      136      160      128      151      90       181      105      89       165      145      29       0        117      62       67       
38       27       208      192      66       155      185      143      41       172      172      82       114      58       88       181      4        52       58       187      126      105      152      101      102      19       172      109      101      39       79       163      76       53       35       192      120      87       117      0        90       86       
39       94       118      106      69       94       105      72       62       114      86       31       95       63       70       113      89       105      44       98       81       41       73       20       19       71       108      74       100      82       94       72       133      54       82       119      83       48       62       90       0        6        
40       89       123      108      70       92       105      79       57       112      92       34       99       57       72       112      86       99       38       101      77       37       80       26       25       67       106      68       94       77       88       76       127      48       80       118      78       52       67       86       6        0        
;

