

sets
i        orders          /0*40/
k        routes          /1*40/
p        positions       /0*40/
;

alias(i,j)
alias(i,h)
alias(i,hh)
alias(i,jj)
alias(k,kk)
                            Parameters

rho(i)	Processing time
/
0	0
1	48
2	41
3	8
4	18
5	39
6	95
7	59
8	17
9	82
10	85
11	73
12	19
13	19
14	70
15	41
16	53
17	63
18	27
19	67
20	28
21	34
22	39
23	29
24	76
25	85
26	25
27	57
28	1
29	58
30	90
31	27
32	43
33	34
34	73
35	96
36	62
37	48
38	35
39	62
40	99
/

gamma(i)	Duedate
/
0	0
1	18
2	68
3	91
4	93
5	51
6	80
7	20
8	27
9	9
10	74
11	62
12	22
13	34
14	82
15	46
16	14
17	57
18	75
19	98
20	5
21	17
22	94
23	82
24	58
25	40
26	32
27	64
28	14
29	88
30	58
31	44
32	91
33	78
34	3
35	99
36	62
37	72
38	43
39	15
40	43
/

sigma(i)	Size
/
0	0
1	7
2	2
3	9
4	9
5	5
6	4
7	1
8	8
9	7
10	6
11	1
12	1
13	7
14	7
15	4
16	8
17	3
18	2
19	2
20	2
21	5
22	4
23	7
24	5
25	7
26	3
27	5
28	8
29	5
30	8
31	1
32	8
33	4
34	1
35	6
36	7
37	9
38	8
39	8
40	4
/

epsilon(i)	Priority
/
0	0
1	2
2	2
3	9
4	6
5	4
6	2
7	3
8	3
9	5
10	7
11	4
12	6
13	7
14	9
15	4
16	3
17	6
18	4
19	4
20	1
21	2
22	5
23	3
24	3
25	6
26	4
27	5
28	8
29	6
30	2
31	6
32	1
33	1
34	1
35	3
36	7
37	9
38	7
39	6
40	6
/

psi	Vehicle Capacity
/ 11 /
;

Table kappa(i,j)                 Setup
         0        1        2        3        4        5        6        7        8        9        10       11       12       13       14       15       16       17       18       19       20       21       22       23       24       25       26       27       28       29       30       31       32       33       34       35       36       37       38       39       40       
0        0        717      790      1485     283      1379     1518     819      1398     468      511      305      179      219      366      1409     1498     1483     1647     1166     1196     307      1203     1023     993      471      1676     1517     845      87       818      590      767      1854     1397     1661     812      1780     1448     1021     1861     
1        717      0        1247     1042     636      1041     1134     1048     1166     283      208      477      819      519      571      1439     1448     1454     1400     991      876      672      1288     1247     368      317      1594     800      763      768      203      274      76       1526     679      1403     975      1503     1170     522      1394     
2        790      1247     0        1445     1073     1250     1400     359      1145     973      1071     805      916      953      1146     871      1019     986      1342     944      1117     1098     673      411      1607     1157     1190     1925     741      845      1216     986      1321     1598     1851     1365     449      1480     1232     1209     1769     
3        1485     1042     1445     0        1569     221      145      1087     423      1085     1122     1185     1653     1392     1542     940      825      861      507      520      329      1612     956      1136     1251     1312     867      963      727      1569     838      943      1079     517      1014     494      996      546      342      522      375      
4        283      636      1073     1569     0        1499     1626     1070     1554     483      466      423      237      185      99       1636     1707     1698     1804     1330     1315     43       1437     1280     820      323      1881     1418     1017     251      795      626      660      1989     1284     1815     1048     1930     1591     1063     1942     
5        1379     1041     1250     221      1499     0        151      891      212      1026     1080     1092     1554     1316     1486     722      617      650      373      309      184      1542     735      923      1305     1276     682      1120     566      1466     843      888      1092     493      1148     370      804      462      153      529      522      
6        1518     1134     1400     145      1626     151      0        1041     307      1147     1194     1226     1691     1445     1607     823      698      736      362      457      324      1669     862      1064     1369     1388     727      1107     716      1604     932      1006     1178     395      1155     349      955      407      216      613      370      
7        819      1048     359      1087     1070     891      1041     0        792      810      912      696      985      908      1118     609      728      703      1002     585      761      1105     397      213      1417     1049     908      1637     403      897      968      774      1124     1253     1581     1023     96       1141     876      895      1410     
8        1398     1166     1145     423      1554     212      307      792      0        1102     1171     1133     1577     1368     1554     517      405      439      250      234      298      1596     561      781      1460     1365     477      1326     552      1486     978      974      1225     469      1346     262      718      381      94       685      644      
9        468      283      973      1085     483      1026     1147     810      1102     0        101      195      603      313      460      1277     1316     1314     1350     893      844      526      1103     1019     633      269      1478     1060     606      535      349      142      352      1519     951      1359     750      1470     1129     582      1458     
10       511      208      1071     1122     466      1080     1194     912      1171     101      0        276      623      322      423      1370     1402     1403     1417     970      902      507      1199     1120     538      195      1562     1005     694      566      329      197      267      1574     887      1423     851      1532     1191     605      1490     
11       305      477      805      1185     423      1092     1226     696      1133     195      276      0        468      238      442      1226     1288     1280     1384     907      908      465      1034     910      813      359      1460     1252     593      385      532      291      542      1576     1145     1395     655      1512     1174     715      1561     
12       179      819      916      1653     237      1554     1691     985      1577     603      623      468      0        301      337      1582     1674     1659     1826     1345     1370     234      1375     1184     1045     529      1853     1617     1024     91       947      737      856      2031     1488     1839     984      1958     1626     1176     2029     
13       219      519      953      1392     185      1316     1445     908      1368     313      322      238      301      0        210      1460     1526     1517     1618     1144     1132     228      1264     1121     774      251      1699     1318     832      251      649      454      560      1804     1193     1629     878      1745     1405     895      1767     
14       366      571      1146     1542     99       1486     1607     1118     1554     460      423      442      337      210      0        1668     1730     1723     1804     1336     1304     115      1474     1331     727      254      1901     1338     1030     346      744      601      587      1978     1201     1813     1088     1927     1585     1028     1912     
15       1409     1439     871      940      1636     722      823      609      517      1277     1370     1226     1582     1460     1668     0        168      125      581      504      725      1675     211      461      1785     1544     320      1787     678      1492     1289     1186     1510     834      1782     608      598      697      606      1066     1128     
16       1498     1448     1019     825      1707     617      698      728      405      1316     1402     1288     1674     1526     1730     168      0        44       421      465      659      1748     346      608      1778     1585     180      1719     709      1583     1282     1211     1515     669      1728     448      698      531      483      1029     979      
17       1483     1454     986      861      1698     650      736      703      439      1314     1403     1280     1659     1517     1723     125      44       0        465      481      683      1738     314      574      1789     1583     206      1746     708      1568     1292     1213     1523     714      1751     492      678      575      520      1047     1022     
18       1647     1400     1342     507      1804     373      362      1002     250      1350     1417     1384     1826     1618     1804     581      421      465      0        481      523      1847     701      951      1676     1611     388      1468     801      1734     1206     1220     1455     260      1509     26       938      139      230      899      564      
19       1166     991      944      520      1330     309      457      585      234      893      970      907      1345     1144     1336     504      465      481      481      0        230      1373     454      616      1314     1160     602      1284     320      1253     818      773      1056     702      1278     495      502      615      301      566      825      
20       1196     876      1117     329      1315     184      324      761      298      844      902      908      1370     1132     1304     725      659      683      523      230      0        1358     684      829      1163     1097     765      1064     400      1282     683      707      932      674      1068     526      668      631      293      387      684      
21       307      672      1098     1612     43       1542     1669     1105     1596     526      507      465      234      228      115      1675     1748     1738     1847     1373     1358     0        1475     1314     842      357      1922     1449     1059     264      834      669      693      2032     1313     1858     1085     1973     1634     1105     1985     
22       1203     1288     673      956      1437     735      862      397      561      1103     1199     1034     1375     1264     1474     211      346      314      701      454      684      1475     0        262      1645     1365     520      1718     527      1285     1156     1025     1362     961      1696     726      391      832      655      973      1204     
23       1023     1247     411      1136     1280     923      1064     213      781      1019     1120     910      1184     1121     1331     461      608      574      951      616      829      1314     262      0        1615     1262     779      1788     542      1098     1151     973      1323     1210     1744     975      271      1085     873      1037     1423     
24       993      368      1607     1251     820      1305     1369     1417     1460     633      538      813      1045     774      727      1785     1778     1789     1676     1314     1163     842      1645     1615     0        523      1913     663      1118     1020     497      643      292      1763     513      1675     1343     1764     1447     778      1562     
25       471      317      1157     1312     323      1276     1388     1049     1365     269      195      359      529      251      254      1544     1585     1583     1611     1160     1097     357      1365     1262     523      0        1748     1095     875      497      495      391      336      1769     962      1618     999      1728     1387     792      1678     
26       1676     1594     1190     867      1881     682      727      908      477      1478     1562     1460     1853     1699     1901     320      180      206      388      602      765      1922     520      779      1913     1748     0        1802     874      1761     1420     1368     1659     596      1824     412      879      457      532      1148     949      
27       1517     800      1925     963      1418     1120     1107     1637     1326     1060     1005     1252     1617     1318     1338     1787     1719     1746     1468     1284     1064     1449     1718     1788     663      1095     1802     0        1246     1568     729      977      761      1456     151      1456     1544     1507     1272     752      1145     
28       845      763      741      727      1017     566      716      403      552      606      694      593      1024     832      1030     678      709      708      801      320      400      1059     527      542      1118     875      874      1246     0        933      630      508      836      1015     1203     815      306      934      609      497      1083     
29       87       768      845      1569     251      1466     1604     897      1486     535      566      385      91       251      346      1492     1583     1568     1734     1253     1282     264      1285     1098     1020     497      1761     1568     933      0        883      663      811      1941     1444     1748     894      1867     1536     1098     1944     
30       818      203      1216     838      795      843      932      968      978      349      329      532      947      649      744      1289     1282     1292     1206     818      683      834      1156     1151     497      495      1420     729      630      883      0        248      249      1325     638      1208     884      1306     975      319      1193     
31       590      274      986      943      626      888      1006     774      974      142      197      291      737      454      601      1186     1211     1213     1220     773      707      669      1025     973      643      391      1368     977      508      663      248      0        350      1381     882      1227     701      1336     995      441      1315     
32       767      76       1321     1079     660      1092     1178     1124     1225     352      267      542      856      560      587      1510     1515     1523     1455     1056     932      693      1362     1323     292      336      1659     761      836      811      249      350      0        1572     632      1457     1051     1555     1224     566      1424     
33       1854     1526     1598     517      1989     493      395      1253     469      1519     1574     1576     2031     1804     1978     834      669      714      260      702      674      2032     961      1210     1763     1769     596      1456     1015     1941     1325     1381     1572     0        1522     235      1184     139      406      1006     388      
34       1397     679      1851     1014     1284     1148     1155     1581     1346     951      887      1145     1488     1193     1201     1782     1728     1751     1509     1278     1068     1313     1696     1744     513      962      1824     151      1203     1444     638      882      632      1522     0        1500     1491     1561     1301     722      1235     
35       1661     1403     1365     494      1815     370      349      1023     262      1359     1423     1395     1839     1629     1813     608      448      492      26       495      526      1858     726      975      1675     1618     412      1456     815      1748     1208     1227     1457     235      1500     0        958      120      233      899      539      
36       812      975      449      996      1048     804      955      96       718      750      851      655      984      878      1088     598      698      678      938      502      668      1085     391      271      1343     999      879      1544     306      894      884      701      1051     1184     1491     958      0        1078     799      800      1325     
37       1780     1503     1480     546      1930     462      407      1141     381      1470     1532     1512     1958     1745     1927     697      531      575      139      615      631      1973     832      1085     1764     1728     457      1507     934      1867     1306     1336     1555     139      1561     120      1078     0        341      992      505      
38       1448     1170     1232     342      1591     153      216      876      94       1129     1191     1174     1626     1405     1585     606      483      520      230      301      293      1634     655      873      1447     1387     532      1272     609      1536     975      995      1224     406      1301     233      799      341      0        669      551      
39       1021     522      1209     522      1063     529      613      895      685      582      605      715      1176     895      1028     1066     1029     1047     899      566      387      1105     973      1037     778      792      1148     752      497      1098     319      441      566      1006     722      899      800      992      669      0        885      
40       1861     1394     1769     375      1942     522      370      1410     644      1458     1490     1561     2029     1767     1912     1128     979      1022     564      825      684      1985     1204     1423     1562     1678     949      1145     1083     1944     1193     1315     1424     388      1235     539      1325     505      551      885      0        
;



Table delta(i,j)                 Distance
         0        1        2        3        4        5        6        7        8        9        10       11       12       13       14       15       16       17       18       19       20       21       22       23       24       25       26       27       28       29       30       31       32       33       34       35       36       37       38       39       40       
0        0        39270    18810    14520    14370    13860    17070    28470    27390    32430    37290    32550    13050    22500    9450     32910    26160    21030    9420     31140    17400    25500    15510    28770    18780    12030    9540     24450    11100    28560    42150    34500    40140    16890    34890    21390    37620    3750     39210    33480    28020    
1        39270    0        940      836      834      856      943      541      399      397      182      602      986      857      1061     342      549      768      1072     740      1030     509      992      944      707      915      1038     501      1113     959      163      448      293      845      412      966      332      1235     50       730      403      
2        18810    940      0        333      465      343      62       864      582      913      805      1040     200      891      627      626      776      172      640      1077     862      696      773      337      327      489      327      493      267      332      973      1013     847      672      1005     934      752      645      961      502      711      
3        14520    836      333      0        131      23       281      588      437      677      759      758      206      560      336      613      498      285      351      771      534      439      445      635      142      171      206      335      316      635      923      767      854      339      769      601      771      438      840      700      495      
4        14370    834      465      131      0        124      412      502      444      615      784      663      322      432      249      660      416      405      262      660      405      377      317      762      220      82       276      354      413      763      940      695      896      208      702      469      821      401      829      806      456      
5        13860    856      343      23       124      0        288      596      457      690      781      765      203      556      316      636      507      304      330      773      521      451      432      650      165      153      189      356      307      650      944      779      877      331      781      592      794      415      859      721      510      
6        17070    943      62       281      412      288      0        832      572      890      817      1007     138      841      565      642      742      181      579      1037     805      667      715      399      295      431      265      478      217      394      986      989      869      619      983      881      775      584      961      552      690      
7        28470    541      864      588      502      596      832      0        381      161      610      175      794      322      645      610      90       723      651      250      518      171      505      1052     538      560      776      410      903      1061     699      202      758      392      220      432      733      843      509      961      216      
8        27390    399      582      437      444      457      572      381      0        357      342      539      595      600      685      256      321      414      697      631      720      232      660      694      310      527      640      102      721      705      495      461      466      504      444      698      408      845      404      580      167      
9        32430    397      913      677      615      690      890      161      357      0        496      216      875      483      787      537      212      755      794      347      679      239      662      1052     597      683      878      424      993      1063     559      103      642      538      93       592      634      982      359      921      202      
10       37290    182      805      759      784      781      817      610      342      496      0        712      881      900      1027     180      591      637      1040     840      1047     526      995      772      619      867      951      431      1005     788      169      571      147      840      538      1006     153      1183     228      549      422      
11       32550    602      1040     758      663      765      1007     175      539      216      712      0        964      377      773      747      264      899      777      142      590      346      602      1223     713      713      939      581      1071     1232     766      160      858      521      196      474      850      972      560      1117     372      
12       13050    986      200      206      322      203      138      794      595      875      881      964      0        753      436      714      704      274      449      977      692      640      602      538      287      320      127      493      126      532      1049     968      951      526      967      780      860      445      998      680      684      
13       22500    857      891      560      432      556      841      322      600      483      900      377      753      0        437      856      310      798      437      294      213      377      237      1158     590      442      686      575      831      1162     1008     500      1042     228      527      110      1000     629      828      1137     477      
14       9450     1061     627      336      249      316      565      645      685      787      1027     773      436      437      0        909      575      619      14       723      289      569      211      955      462      172      323      600      462      953      1178     848      1143     253      863      411      1070     199      1051     1037     665      
15       32910    342      626      613      660      636      642      610      256      537      180      747      714      856      909      0        566      461      922      857      973      482      910      602      471      741      794      313      836      617      346      631      241      754      603      955      161      1048     378      403      396      
16       26160    549      776      498      416      507      742      90       321      212      591      264      704      310      575      566      0        638      582      319      483      92       456      973      449      478      688      334      814      981      699      279      736      326      290      418      700      770      524      895      172      
17       21030    768      172      285      405      304      181      723      414      755      637      899      274      798      619      461      638      0        634      950      809      552      723      360      208      457      383      331      385      364      806      857      689      597      847      858      595      689      789      423      552      
18       9420     1072     640      351      262      330      579      651      697      794      1040     777      449      437      14       922      582      634      0        725      283      578      208      969      476      186      335      613      473      966      1190     854      1156     259      870      408      1083     195      1062     1051     675      
19       31140    740      1077     771      660      773      1037     250      631      347      840      142      977      294      723      857      319      950      725      0        501      411      531      1291     752      695      933      653      1073     1299     904      302      987      485      338      371      972      919      699      1210     466      
20       17400    1030     862      534      405      521      805      518      720      679      1047     590      692      213      289      973      483      809      283      501      0        525      89       1167     612      374      596      666      741      1168     1173     707      1182     225      733      137      1128     455      1007     1195     632      
21       25500    509      696      439      377      451      667      171      232      239      526      346      640      377      569      482      92       552      578      411      525      0        483      882      371      449      638      242      755      890      647      328      666      337      329      480      623      757      491      803      106      
22       15510    992      773      445      317      432      715      505      660      662      995      602      602      237      211      910      456      723      208      531      89       483      0        1079     529      284      508      599      654      1080     1128     703      1126     156      725      199      1067     394      973      1115     589      
23       28770    944      337      635      762      650      399      1052     694      1052     772      1223     538      1158     955      602      973      360      969      1291     1167     882      1079     0        568      804      665      642      591      17       918      1155     753      958      1138     1219     661      983      980      269      856      
24       18780    707      327      142      220      165      295      538      310      597      619      713      287      590      462      471      449      208      476      752      612      371      529      568      0        290      333      207      412      572      785      695      712      394      690      653      629      579      715      587      400      
25       12030    915      489      171      82       153      431      560      527      683      867      713      320      442      172      741      478      457      186      695      374      449      284      804      290      0        243      436      389      803      1023     758      978      215      767      459      902      319      910      869      533      
26       9540     1038     327      206      276      189      265      776      640      878      951      939      127      686      323      794      688      383      335      933      596      638      508      665      333      243      0        537      146      659      1117     964      1034     459      968      697      946      318      1044     800      700      
27       24450    501      493      335      354      356      478      410      102      424      431      581      493      575      600      313      334      331      613      653      666      242      599      642      207      436      537      0        619      651      590      527      543      444      515      664      473      752      507      568      222      
28       11100    1113     267      316      413      307      217      903      721      993      1005     1071     126      831      462      836      814      385      473      1073     741      755      654      591      412      389      146      619      0        582      1174     1084     1071     604      1085     843      979      415      1124     769      805      
29       28560    959      332      635      763      650      394      1061     705      1063     788      1232     532      1162     953      617      981      364      966      1299     1168     890      1080     17       572      803      659      651      582      0        935      1166     769      960      1149     1222     678      977      995      287      867      
30       42150    163      973      923      940      944      986      699      495      559      169      766      1049     1008     1178     346      699      806      1190     904      1173     647      1128     918      785      1023     1117     590      1174     935      0        611      182      977      575      1117     259      1341     209      676      541      
31       34500    448      1013     767      695      779      989      202      461      103      571      160      968      500      848      631      279      857      854      302      707      328      703      1155     695      758      964      527      1084     1166     611      0        715      595      36       605      716      1045     403      1020     305      
32       40140    293      847      854      896      877      869      758      466      642      147      858      951      1042     1143     241      736      689      1156     987      1182     666      1126     753      712      978      1034     543      1071     769      182      715      0        970      681      1147     95       1287     344      501      565      
33       16890    845      672      339      208      331      619      392      504      538      840      521      526      228      253      754      326      597      259      485      225      337      156      958      394      215      459      444      604      960      977      595      970      0        612      263      911      452      828      972      441      
34       34890    412      1005     769      702      781      983      220      444      93       538      196      967      527      863      603      290      847      870      338      733      329      725      1138     690      767      968      515      1085     1149     575      36       681      612      0        634      684      1060     367      996      294      
35       21390    966      934      601      469      592      881      432      698      592      1006     474      780      110      411      955      418      858      408      371      137      480      199      1219     653      459      697      664      843      1222     1117     605      1147     263      634      0        1102     588      938      1218     584      
36       37620    332      752      771      821      794      775      733      408      634      153      850      860      1000     1070     161      700      595      1083     972      1128     623      1067     661      629      902      946      473      979      678      259      716      95       911      684      1102     0        1208     380      417      528      
37       3750     1235     645      438      401      415      584      843      845      982      1183     972      445      629      199      1048     770      689      195      919      455      757      394      983      579      319      318      752      415      977      1341     1045     1287     452      1060     588      1208     0        1229     1112     848      
38       39210    50       961      840      829      859      961      509      404      359      228      560      998      828      1051     378      524      789      1062     699      1007     491      973      980      715      910      1044     507      1124     995      209      403      344      828      367      938      380      1229     0        772      387      
39       33480    730      502      700      806      721      552      961      580      921      549      1117     680      1137     1037     403      895      423      1051     1210     1195     803      1115     269      587      869      800      568      769      287      676      1020     501      972      996      1218     417      1112     772      0        747      
40       28020    403      711      495      456      510      690      216      167      202      422      372      684      477      665      396      172      552      675      466      632      106      589      856      400      533      700      222      805      867      541      305      565      441      294      584      528      848      387      747      0        
;

