

sets
i        orders          /0*10/
k        routes          /1*10/
p        positions       /0*10/
;

alias(i,j)
alias(i,h)
alias(i,hh)
alias(i,jj)
alias(k,kk)
                            Parameters

rho(i)	Processing time
/
0	0
1	20
2	63
3	76
4	35
5	3
6	12
7	56
8	2
9	92
10	52
/

gamma(i)	Duedate
/
0	0
1	63
2	86
3	52
4	46
5	30
6	45
7	56
8	34
9	9
10	37
/

sigma(i)	Size
/
0	0
1	7
2	8
3	2
4	8
5	6
6	7
7	9
8	8
9	4
10	5
/

epsilon(i)	Priority
/
0	0
1	6
2	6
3	1
4	7
5	9
6	9
7	4
8	1
9	5
10	9
/

psi	Vehicle Capacity
/ 15 /
;

Table kappa(i,j)                 Setup
         0        1        2        3        4        5        6        7        8        9        10       
0        0        828      594      291      141      1106     566      461      687      691      62       
1        828      0        938      823      807      448      877      549      280      481      884      
2        594      938      0        873      727      953      60       913      666      501      633      
3        291      823      873      0        150      1192     838      304      780      854      280      
4        141      807      727      150      0        1134     694      360      714      756      140      
5        1106     448      953      1192     1134     0        901      960      420      468      1168     
6        566      877      60       838      694      901      0        863      606      444      609      
7        461      549      913      304      360      960      863      0        583      718      490      
8        687      280      666      780      714      420      606      583      0        204      748      
9        691      481      501      854      756      468      444      718      204      0        752      
10       62       884      633      280      140      1168     609      490      748      752      0        
;



Table delta(i,j)                 Distance
         0        1        2        3        4        5        6        7        8        9        10       
0        0        7        36       24       44       15       18       42       32       34       37       
1        7        0        43       32       52       22       26       49       39       41       44       
2        36       43       0        16       24       21       25       27       33       10       6        
3        24       32       16       0        20       11       9        20       18       9        14       
4        44       52       24       20       0        32       26       6        19       15       18       
5        15       22       21       11       32       0        11       31       26       19       22       
6        18       26       25       9        26       11       0        23       16       18       23       
7        42       49       27       20       6        31       23       0        13       17       21       
8        32       39       33       18       19       26       16       13       0        22       28       
9        34       41       10       9        15       19       18       17       22       0        5        
10       37       44       6        14       18       22       23       21       28       5        0        
;

