

sets
i        orders          /0*10/
k        routes          /1*10/
p        positions       /0*10/
;

alias(i,j)
alias(i,h)
alias(i,hh)
alias(i,jj)
alias(k,kk)
                            Parameters

rho(i)	Processing time
/
0	0
1	58
2	59
3	83
4	23
5	33
6	33
7	73
8	2
9	21
10	25
/

gamma(i)	Duedate
/
0	0
1	66
2	95
3	92
4	93
5	67
6	28
7	75
8	60
9	44
10	72
/

sigma(i)	Size
/
0	0
1	1
2	7
3	5
4	5
5	8
6	9
7	7
8	4
9	1
10	6
/

epsilon(i)	Priority
/
0	0
1	4
2	6
3	3
4	9
5	2
6	6
7	6
8	6
9	7
10	8
/

psi	Vehicle Capacity
/ 20 /
;

Table kappa(i,j)                 Setup
         0        1        2        3        4        5        6        7        8        9        10       
0        0        483      480      681      847      106      731      1001     754      907      992      
1        483      0        168      665      543      560      381      1077     334      608      784      
2        480      168      0        814      710      530      545      1221     484      774      952      
3        681      665      814      0        430      782      473      415      593      449      387      
4        847      543      710      430      0        951      165      775      269      65       268      
5        106      560      530      782      951      0        832      1086     849      1012     1098     
6        731      381      545      473      165      832      0        864      126      229      426      
7        1001     1077     1221     415      775      1086     864      0        990      766      593      
8        754      334      484      593      269      849      126      990      0        323      537      
9        907      608      774      449      65       1012     229      766      323      0        222      
10       992      784      952      387      268      1098     426      593      537      222      0        
;



Table delta(i,j)                 Distance
         0        1        2        3        4        5        6        7        8        9        10       
0        0        34       36       26       40       17       53       17       55       42       32       
1        34       0        36       12       29       17       23       34       24       19       12       
2        36       36       0        41       13       29       37       19       40       25       24       
3        26       12       41       0        37       13       36       32       36       30       21       
4        40       29       13       37       0        28       24       27       27       13       16       
5        17       17       29       13       28       0        36       18       37       26       15       
6        53       23       37       36       24       36       0        46       3        12       20       
7        17       34       19       32       27       18       46       0        48       34       26       
8        55       24       40       36       27       37       3        48       0        15       22       
9        42       19       25       30       13       26       12       34       15       0        10       
10       32       12       24       21       16       15       20       26       22       10       0        
;

