

sets
i        orders          /0*10/
k        routes          /1*10/
p        positions       /0*10/
;

alias(i,j)
alias(i,h)
alias(i,hh)
alias(i,jj)
alias(k,kk)
                            Parameters

rho(i)	Processing time
/
0	0
1	42
2	97
3	67
4	50
5	44
6	24
7	53
8	68
9	76
10	48
/

gamma(i)	Duedate
/
0	0
1	63
2	12
3	79
4	18
5	80
6	18
7	53
8	38
9	2
10	5
/

sigma(i)	Size
/
0	0
1	5
2	2
3	7
4	6
5	5
6	8
7	3
8	5
9	3
10	3
/

epsilon(i)	Priority
/
0	0
1	6
2	2
3	7
4	4
5	6
6	8
7	3
8	7
9	9
10	3
/

psi	Vehicle Capacity
/ 25 /
;

Table kappa(i,j)                 Setup
         0        1        2        3        4        5        6        7        8        9        10       
0        0        498      1172     760      293      280      490      1076     678      1010     930      
1        498      0        757      262      221      317      666      976      210      825      988      
2        1172     757      0        574      889      897      1006     752      751      551      999      
3        760      262      574      0        475      551      853      1000     176      815      1092     
4        293      221      889      475      0        116      487      926      425      814      868      
5        280      317      897      551      116      0        371      842      527      749      761      
6        490      666      1006     853      487      371      0        636      874      638      441      
7        1076     976      752      1000     926      842      636      0        1123     206      322      
8        678      210      751      176      425      527      874      1123     0        950      1173     
9        1010     825      551      815      814      749      638      206      950      0        464      
10       930      988      999      1092     868      761      441      322      1173     464      0        
;



Table delta(i,j)                 Distance
         0        1        2        3        4        5        6        7        8        9        10       
0        0        10       43       37       44       20       47       34       17       27       38       
1        10       0        33       28       39       22       37       24       18       24       31       
2        43       33       0        18       38       44       8        10       46       36       24       
3        37       28       18       0        20       30       15       10       46       19       6        
4        44       39       38       20       0        28       32       30       58       17       14       
5        20       22       44       30       28       0        44       34       37       12       28       
6        47       37       8        15       32       44       0        13       52       34       19       
7        34       24       10       10       30       34       13       0        39       26       16       
8        17       18       46       46       58       37       52       39       0        42       49       
9        27       24       36       19       17       12       34       26       42       0        17       
10       38       31       24       6        14       28       19       16       49       17       0        
;

