

sets
i        orders          /0*20/
k        routes          /1*20/
p        positions       /0*20/
;

alias(i,j)
alias(i,h)
alias(i,hh)
alias(i,jj)
alias(k,kk)
                            Parameters

rho(i)	Processing time
/
0	0
1	44
2	6
3	17
4	3
5	42
6	87
7	30
8	76
9	29
10	95
11	56
12	22
13	30
14	38
15	60
16	91
17	99
18	60
19	76
20	28
/

gamma(i)	Duedate
/
0	0
1	77
2	27
3	21
4	11
5	95
6	71
7	66
8	87
9	22
10	71
11	24
12	82
13	51
14	21
15	67
16	91
17	21
18	99
19	68
20	15
/

sigma(i)	Size
/
0	0
1	6
2	1
3	6
4	6
5	1
6	8
7	7
8	4
9	2
10	1
11	7
12	5
13	7
14	6
15	1
16	5
17	1
18	3
19	5
20	6
/

epsilon(i)	Priority
/
0	0
1	8
2	6
3	3
4	8
5	3
6	7
7	1
8	6
9	1
10	1
11	1
12	1
13	2
14	2
15	6
16	1
17	3
18	8
19	3
20	9
/

psi	Vehicle Capacity
/ 57 /
;

Table kappa(i,j)                 Setup
         0        1        2        3        4        5        6        7        8        9        10       11       12       13       14       15       16       17       18       19       20       
0        0        695      675      712      671      635      748      752      380      424      388      359      250      611      342      585      55       556      247      771      484      
1        695      0        760      1262     1171     412      82       745      908      375      498      384      819      532      925      306      716      1004     943      1311     1040     
2        675      760      0        695      575      359      842      103      483      441      351      497      523      229      1015     453      635      423      799      720      564      
3        712      1262     695      0        121      968      1337     794      361      889      769      882      477      853      892      1008     660      280      591      58       233      
4        671      1171     575      121      0        859      1248     674      295      796      674      797      424      741      893      906      617      171      592      147      193      
5        635      412      359      968      859      0        493      333      657      222      257      299      621      130      961      115      622      689      846      1007     778      
6        748      82       842      1337     1248     493      0        826      980      453      577      455      887      615      954      389      772      1081     994      1386     1113     
7        752      745      103      794      674      333      826      0        585      466      398      531      618      219      1094     441      716      525      892      817      668      
8        380      908      483      361      295      657      980      585      0        540      426      525      130      562      645      674      325      180      364      414      132      
9        424      375      441      889      796      222      453      466      540      0        123      77       467      256      741      161      420      628      652      936      671      
10       388      498      351      769      674      257      577      398      426      123      0        151      369      224      726      249      369      505      588      815      556      
11       359      384      497      882      797      299      455      531      525      77       151      0        436      328      667      228      362      633      595      932      657      
12       250      819      523      477      424      621      887      618      130      467      369      436      0        547      531      616      195      307      277      533      244      
13       611      532      229      853      741      130      615      219      562      256      224      328      547      0        950      226      587      572      796      888      675      
14       342      925      1015     892      893      961      954      1094     645      741      726      667      531      950      0        894      379      824      302      950      702      
15       585      306      453      1008     906      115      389      441      674      161      249      228      616      226      894      0        581      735      813      1051     802      
16       55       716      635      660      617      622      772      716      325      420      369      362      195      587      379      581      0        501      233      718      431      
17       556      1004     423      280      171      689      1081     525      180      628      505      633      307      572      824      735      501      0        537      317      166      
18       247      943      799      591      592      846      994      892      364      652      588      595      277      796      302      813      233      537      0        649      402      
19       771      1311     720      58       147      1007     1386     817      414      936      815      932      533      888      950      1051     718      317      649      0        289      
20       484      1040     564      233      193      778      1113     668      132      671      556      657      244      675      702      802      431      166      402      289      0        
;



Table delta(i,j)                 Distance
         0        1        2        3        4        5        6        7        8        9        10       11       12       13       14       15       16       17       18       19       20       
0        0        1010     1790     410      370      1650     1210     1300     2170     850      1750     640      1850     470      2130     1060     1680     660      1230     1020     1850     
1        1010     0        83       62       82       148      83       167      164      51       102      116      119      65       157      33       121      82       42       114      85       
2        1790     83       0        142      165      145      95       200      121      130      57       199      75       135      111      74       99       136      57       147      60       
3        410      62       142      0        25       159      103      145      198      48       148      66       160      32       193      73       150      62       91       103      144      
4        370      82       165      25       0        182      128      161      224      52       173      40       186      54       218      98       175      83       115      123      160      
5        1650     148      145      159      182      0        65       82       73       189      91       222      80       127      76       115      48       99       113      64       198      
6        1210     83       95       103      128      65       0        105      96       126      61       169      65       76       91       50       47       57       50       53       139      
7        1300     167      200      145      161      82       105      0        155      190      159      194      154      115      158      143      122      88       151      55       241      
8        2170     164      121      198      224      73       96       155      0        214      67       265      48       172      10       133      48       151      122      127      181      
9        850      51       130      48       52       189      126      190      214      0        154      73       170      74       207      80       169      102      93       142      112      
10       1750     102      57       148      173      91       61       159      67       154      0        212      19       128      57       75       43       116      60       112      116      
11       640      116      199      66       40       222      169      194      265      73       212      0        226      94       259      137      216      122      153      162      185      
12       1850     119      75       160      186      80       65       154      48       170      19       226      0        138      38       90       33       123      76       112      134      
13       470      65       135      32       54       127      76       115      172      74       128      94       138      0        167      61       123      30       78       71       150      
14       2130     157      111      193      218      76       91       158      10       207      57       259      38       167      0        126      44       147      114      126      171      
15       1060     33       74       73       98       115      50       143      133      80       75       137      90       61       126      0        88       64       17       88       98       
16       1680     121      99       150      175      48       47       122      48       169      43       216      33       123      44       88       0        102      80       83       155      
17       660      82       136      62       83       99       57       88       151      102      116      122      123      30       147      64       102      0        79       41       162      
18       1230     42       57       91       115      113      50       151      122      93       60       153      76       78       114      17       80       79       0        96       89       
19       1020     114      147      103      123      64       53       55       127      142      112      162      112      71       126      88       83       41       96       0        185      
20       1850     85       60       144      160      198      139      241      181      112      116      185      134      150      171      98       155      162      89       185      0        
;

