

sets
i        orders          /0*40/
k        routes          /1*40/
p        positions       /0*40/
;

alias(i,j)
alias(i,h)
alias(i,hh)
alias(i,jj)
alias(k,kk)
                            Parameters

rho(i)	Processing time
/
0	0
1	38
2	89
3	84
4	39
5	52
6	93
7	38
8	86
9	69
10	44
11	65
12	13
13	73
14	11
15	79
16	12
17	41
18	10
19	44
20	10
21	86
22	47
23	33
24	72
25	8
26	2
27	72
28	10
29	99
30	76
31	33
32	85
33	99
34	1
35	15
36	18
37	61
38	82
39	84
40	51
/

gamma(i)	Duedate
/
0	0
1	3
2	43
3	10
4	86
5	75
6	97
7	57
8	65
9	10
10	80
11	97
12	97
13	72
14	13
15	66
16	23
17	30
18	72
19	21
20	94
21	66
22	63
23	93
24	11
25	3
26	62
27	12
28	31
29	85
30	4
31	8
32	63
33	52
34	45
35	30
36	91
37	57
38	33
39	63
40	60
/

sigma(i)	Size
/
0	0
1	9
2	1
3	5
4	8
5	9
6	3
7	4
8	3
9	7
10	8
11	6
12	9
13	7
14	6
15	2
16	8
17	1
18	9
19	6
20	7
21	7
22	6
23	6
24	2
25	3
26	8
27	4
28	7
29	8
30	9
31	1
32	7
33	3
34	7
35	3
36	5
37	5
38	6
39	9
40	6
/

epsilon(i)	Priority
/
0	0
1	8
2	5
3	2
4	8
5	1
6	4
7	1
8	7
9	4
10	5
11	4
12	4
13	5
14	3
15	3
16	9
17	1
18	1
19	1
20	6
21	4
22	7
23	9
24	9
25	9
26	8
27	8
28	8
29	2
30	2
31	3
32	6
33	7
34	2
35	5
36	1
37	7
38	4
39	2
40	6
/

psi	Vehicle Capacity
/ 12 /
;

Table kappa(i,j)                 Setup
         0        1        2        3        4        5        6        7        8        9        10       11       12       13       14       15       16       17       18       19       20       21       22       23       24       25       26       27       28       29       30       31       32       33       34       35       36       37       38       39       40       
0        0        126      323      317      205      311      142      307      252      166      258      250      182      247      276      249      148      260      395      146      201      288      311      100      100      334      160      183      117      216      359      208      142      146      352      79       268      319      57       166      360      
1        126      0        347      218      235      285      156      311      141      159      158      125      117      198      157      287      240      285      304      229      82       298      220      120      88       309      157      75       8        236      374      272      178      235      307      97       222      215      73       90       295      
2        323      347      0        320      119      130      195      60       334      187      305      387      250      195      368      76       213      63       330      198      343      55       294      238      400      126      190      317      344      112      40       135      182      207      183      388      184      336      346      436      237      
3        317      218      320      0        268      196      229      261      81       203      60       134      140      131      89       305      356      284      88       335      140      267      27       239      306      212      208      142      224      254      325      334      258      347      170      315      137      17       282      282      123      
4        205      235      119      268      0        139      79       108      255      82       233      297      157      138      290      51       120      55       308      99       246      85       246      120      282      155      81       219      231      18       154      68       63       112      196      269      143      280      227      321      232      
5        311      285      130      196      139      0        170      70       227      145      194      287      169      91       258      146      259      118      199      238      253      84       169      211      359      24       151      232      285      120      129      200      179      251      59       355      70       212      311      375      108      
6        142      156      195      229      79       170      0        168      195      29       181      229      95       119      229      130      126      131      289      106      175      151      213      45       206      192      23       148      151      82       226      123      30       118      214      195      136      238      152      242      233      
7        307      311      60       261      108      70       168      0        281      153      250      336      204      140      314      90       223      63       270      204      295      24       235      214      373      69       157      271      309      92       67       152      166      216      125      364      126      277      321      401      178      
8        252      141      334      81       255      227      195      281      0        176      34       62       100      140      35       300      318      285      169      300      60       279      93       191      228      248      179      69       148      245      348      315      226      310      221      239      157      74       210      201      187      
9        166      159      187      203      82       145      29       153      176      0        159      216      77       90       211      132      153      126      260      132      164      139      186      66       220      168      6        137      157      78       215      138      55       144      187      212      108      213      169      249      203      
10       258      158      305      60       233      194      181      250      34       159      0        96       87       110      64       276      307      259      145      287      84       250      64       185      246      214      162      82       164      222      317      296      212      299      186      255      125      61       222      227      154      
11       250      125      387      134      297      287      229      336      62       216      96       0        140      198      47       346      343      334      220      326      54       332      152      212      201      308      217      81       134      291      404      352      259      336      283      218      217      123      199      158      249      
12       182      117      250      140      157      169      95       204      100      77       87       140      0        81       134      205      220      194      213      201      92       196      130      99       199      193      79       67       119      150      271      215      126      212      189      200      105      146      159      205      183      
13       247      198      195      131      138      91       119      140      140      90       110      198      81       0        174      173      239      153      173      217      161      140      108      149      278      114      96       141      200      123      207      206      143      230      109      277      24       145      235      286      114      
14       276      157      368      89       290      258      229      314      35       211      64       47       134      174      0        335      351      320      173      333      75       313      109      222      240      278      214      93       165      280      381      350      260      343      246      254      189      77       230      203      208      
15       249      287      76       305      51       146      130      90       300      132      276      346      205      173      335      0        139      28       334      122      296      67       281      171      331      154      132      269      282      55       115      62       112      132      205      317      171      318      276      372      250      
16       148      240      213      356      120      259      126      223      318      153      307      343      220      239      351      139      0        162      412      22       288      200      339      130      247      276      148      262      233      139      253      79       98       9        315      226      251      365      196      307      346      
17       260      285      63       284      55       118      131      63       285      126      259      334      194      153      320      28       162      0        309      144      287      39       259      175      336      126      128      260      282      48       98       89       119      154      177      324      148      298      282      373      223      
18       395      304      330      88       308      199      289      270      169      260      145      220      213      173      173      334      412      309      0        390      228      282      84       309      392      205      266      228      309      291      323      376      315      403      151      400      165      96       365      370      94       
19       146      229      198      335      99       238      106      204      300      132      287      326      201      217      333      122      22       144      390      0        272      181      318      114      243      255      127      245      221      118      238      67       76       12       294      223      229      344      190      299      324      
20       201      82       343      140      246      253      175      295      60       164      84       54       92       161      75       296      288      287      228      272      0        289      148      158      168      276      165      27       90       241      363      299      205      281      259      180      183      135      154      143      235      
21       288      298      55       267      85       84       151      24       279      139      250      332      196      140      313      67       200      39       282      181      289      0        241      196      357      89       142      264      296      71       76       128      145      192      143      347      130      282      304      388      193      
22       311      220      294      27       246      169      213      235      93       186      64       152      130      108      109      281      339      259      84       318      148      241      0        228      309      184      191      145      226      231      298      313      241      330      143      316      111      44       281      291      99       
23       100      120      238      239      120      211      45       214      191      66       185      212      99       149      222      171      130      175      309      114      158      196      228      0        161      234      60       132      114      127      271      151      59       123      252      150      170      245      107      202      263      
24       100      88       400      306      282      359      206      373      228      220      246      201      199      278      240      331      247      336      392      243      168      357      309      161      0        383      216      164      83       288      432      300      219      245      388      24       302      302      55       71       381      
25       334      309      126      212      155      24       192      69       248      168      214      308      193      114      278      154      276      126      205      255      276      89       184      234      383      0        174      256      310      136      118      212      200      267      56       378      92       228      335      399      112      
26       160      157      190      208      81       151      23       157      179      6        162      217      79       96       214      132      148      128      266      127      165      142      191      60       216      174      0        138      154      80       218      136      50       139      193      207      114      217      164      246      210      
27       183      75       317      142      219      232      148      271      69       137      82       81       67       141      93       269      262      260      228      245      27       264      145      132      164      256      138      0        81       215      338      272      178      255      243      173      164      140      142      151      224      
28       117      8        344      224      231      285      151      309      148      157      164      134      119      200      165      282      233      282      309      221      90       296      226      114      83       310      154      81       0        233      372      266      173      228      308      91       224      221      65       92       298      
29       216      236      112      254      18       120      82       92       245      78       222      291      150      123      280      55       139      48       291      118      241      71       231      127      288      136      80       215      233      0        144      85       74       130      177      277      126      267      234      324      214      
30       359      374      40       325      154      129      226      67       348      215      317      404      271      207      381      115      253      98       323      238      363      76       298      271      432      118      218      338      372      144      0        175      217      247      173      421      192      341      378      464      229      
31       208      272      135      334      68       200      123      152      315      138      296      352      215      206      350      62       79       89       376      67       299      128      313      151      300      212      136      272      266      85       175      0        95       73       259      283      211      346      246      351      299      
32       142      178      182      258      63       179      30       166      226      55       212      259      126      143      260      112      98       119      315      76       205      145      241      59       219      200      50       178      173      74       217      95       0        89       229      205      157      267      164      261      253      
33       146      235      207      347      112      251      118      216      310      144      299      336      212      230      343      132      9        154      403      12       281      192      330      123      245      267      139      255      228      130      247      73       89       0        306      225      242      356      193      303      337      
34       352      307      183      170      196      59       214      125      221      187      186      283      189      109      246      205      315      177      151      294      259      143      143      252      388      56       193      243      308      177      173      259      229      306      0        386      85       187      344      393      57       
35       79       97       388      315      269      355      195      364      239      212      255      218      200      277      254      317      226      324      400      223      180      347      316      150      24       378      207      173      91       277      421      283      205      225      386      0        300      313      43       95       383      
36       268      222      184      137      143      70       136      126      157      108      125      217      105      24       189      171      251      148      165      229      183      130      111      170      302      92       114      164      224      126      192      211      157      242      85       300      0        152      258      310      96       
37       319      215      336      17       280      212      238      277      74       213      61       123      146      145      77       318      365      298      96       344      135      282      44       245      302      228      217      140      221      267      341      346      267      356      187      313      152      0        282      275      140      
38       57       73       346      282      227      311      152      321      210      169      222      199      159      235      230      276      196      282      365      190      154      304      281      107      55       335      164      142      65       234      378      246      164      193      344      43       258      282      0        111      343      
39       166      90       436      282      321      375      242      401      201      249      227      158      205      286      203      372      307      373      370      299      143      388      291      202      71       399      246      151      92       324      464      351      261      303      393      95       310      275      111      0        375      
40       360      295      237      123      232      108      233      178      187      203      154      249      183      114      208      250      346      223      94       324      235      193      99       263      381      112      210      224      298      214      229      299      253      337      57       383      96       140      343      375      0        
;



Table delta(i,j)                 Distance
         0        1        2        3        4        5        6        7        8        9        10       11       12       13       14       15       16       17       18       19       20       21       22       23       24       25       26       27       28       29       30       31       32       33       34       35       36       37       38       39       40       
0        0        1910     970      1530     1200     1990     1430     740      1330     910      1740     1630     1130     1280     1630     970      1410     800      840      1240     2180     2050     1390     1700     1440     710      1880     1360     360      1060     840      700      710      1180     1980     1030     840      1820     1500     1620     580      
1        1910     0        99       39       168      114      54       127      91       139      33       136      80       160      169      208      60       111      141      85       150      141      66       24       74       152      59       66       195      223      112      164      174      101      7        138      210      17       70       33       168      
2        970      99       0        66       89       114      65       59       44       48       77       94       42       87       114      115      44       26       48       68       141      128      70       82       82       55       91       65       96       130      47       67       77       33       106      97       114      94       54       77       69       
3        1530     39       66       0        147      120      18       88       74       112      41       128      41       141      158      180      40       73       113      49       156      144      32       17       44       121      71       30       160      195      73       133      144      79       46       102      180      29       60       10       136      
4        1200     168      89       147      0        106      151      136      77       43       136      58       132      12       43       53       109      107      47       157      109      99       159      161      171      53       128      154      91       64       129      50       50       67       174      178      64       170      98       157      62       
5        1990     114      114      120      106      0        135      172      69       110      83       48       138      94       79       159      87       140      117      160      36       27       150      123      163      131      55       146      183      171      158      137      144      83       116      205      169      126      65       127      148      
6        1430     54       65       18       151      135      0        73       83       113      58       138      29       146      167      180      51       65       113      31       170      158      14       30       27       119      88       12       153      195      60       131      142      85       61       84       178      41       72       21       132      
7        740      127      59       88       136      172      73       0        103      93       119      153      47       137      168      142      92       32       88       50       200      187      67       103      69       86       142      64       95       155      15       95       103      93       134      42       134      114      109      94       89       
8        1330     91       44       74       77       69       83       103      0        54       59       56       74       68       84       120      34       71       59       99       97       84       94       85       108      72       58       89       123      135      89       82       91       16       97       139      124      94       22       84       90       
9        910      139      48       112      43       110      113      93       54       0        110      72       90       44       77       69       79       64       6        115      127      114      119      127      131      20       112      114      72       84       86       28       37       39       146      135      71       138      76       122      38       
10       1740     33       77       41       136      83       58       119      59       110      0        102      73       127      136      179      33       96       114      88       120      109      73       40       85       126      30       70       172      193      103      137      147      72       38       140      182      43       37       44       143      
11       1630     136      94       128      58       48       138      153      56       72       102      0        130      46       35       111      88       120      79       156      54       42       150      136      164      92       83       146      141      122      141      96       100      60       140      192      122      143      68       137      107      
12       1130     80       42       41       132      138      29       47       74       90       73       130      0        129      154      155      51       36       89       26       170      157      29       57       40       94       99       25       124      170      32       106      116      71       87       68       152      69       72       48       105      
13       1280     160      87       141      12       94       146      137      68       44       127      46       129      0        35       65       102      107      49       155      98       87       155      154      168      58       117      150      101      76       129      57       59       61       165      179      76       163      89       151      69       
14       1630     169      114      158      43       79       167      168      84       77       136      35       154      35       0        92       118      137      83       180      71       63       178      168      191      93       118      173      135      100      159      92       93       83       174      210      105      176      100      168      105      
15       970      208      115      180      53       159      180      142      120      69       179      111      155      65       92       0        148      122      67       177      162      152      184      196      195      60       176      179      61       15       141      49       39       107      215      182      14       207      142      191      52       
16       1410     60       44       40       109      87       51       92       34       79       33       88       51       102      118      148      0        65       82       73       120      108      64       51       77       93       49       60       139      163      76       104      115      42       66       120      150      60       21       50       110      
17       800      111      26       73       107      140      65       32       71       64       96       120      36       107      137      122      65       0        61       55       168      154      65       90       73       62       114      60       88       136      22       73       83       60       118      72       117      102      79       82       70       
18       840      141      48       113      47       117      113      88       59       6        114      79       89       49       83       67       82       61       0        114      133      120      118      128      129      14       117      113      66       82       83       23       33       43       148      131      68       140      80       124      32       
19       1240     85       68       49       157      160      31       50       99       115      88       156      26       155      180      177      73       55       114      0        194      181      19       60       20       117      117      18       141      192      40       128      138      97       91       53       173      70       95       51       126      
20       2180     150      141      156      109      36       170      200      97       127      120      54       170      98       71       162      120      168      133      194      0        13       184      159      198      146      91       180      196      171      187      150      155      108      152      236      173      162      98       163      162      
21       2050     141      128      144      99       27       158      187      84       114      109      42       157      87       63       152      108      154      120      181      13       0        172      149      185      134      82       168      184      161      174      138      143      94       143      223      163      152      86       151      150      
22       1390     66       70       32       159      150      14       67       94       119      73       150      29       155      178      184      64       65       118      19       184      172      0        42       13       123      103      5        153      199      55       135      146      95       73       71       181      51       86       33       135      
23       1700     24       82       17       161      123      30       103      85       127      40       136      57       154      168      196      51       90       128      60       159      149      42       0        50       137      70       41       177      211      89       149      160      93       31       113      196      12       68       9        152      
24       1440     74       82       44       171      163      27       69       108      131      85       164      40       168      191      195      77       73       129      20       198      185      13       50       0        134      115      18       160      209      60       145      156      108      79       66       191      57       99       42       144      
25       710      152      55       121      53       131      119      86       72       20       126      92       94       58       93       60       93       62       14       117      146      134      123      137      134      0        130      119      52       75       82       12       22       56       159      128      58       149      93       132      18       
26       1880     59       91       71       128      55       88       142      58       112      30       83       99       117      118      176      49       114      117      117      91       82       103      70       115      130      0        100      181      190      126      140      149      73       61       167      182      72       38       75       148      
27       1360     66       65       30       154      146      12       64       89       114      70       146      25       150      173      179      60       60       113      18       180      168      5        41       18       119      100      0        149      194      51       130      141      90       72       72       176      52       82       32       130      
28       360      195      96       160      91       183      153      95       123      72       172      141      124      101      135      61       139      88       66       141      196      184      153      177      160      52       181      149      0        70       101      45       42       107      202      131      48       189      143      170      34       
29       1060     223      130      195      64       171      195      155      135      84       193      122      170      76       100      15       163      136      82       192      171      161      199      211      209      75       190      194      70       0        155      63       53       121      229      195      22       222      157      206      66       
30       840      112      47       73       129      158      60       15       89       86       103      141      32       129      159      141      76       22       83       40       187      174      55       89       60       82       126      51       101      155      0        92       102      80       119      50       135      100      94       80       88       
31       700      164      67       133      50       137      131      95       82       28       137      96       106      57       92       49       104      73       23       128      150      138      135      149      145      12       140      130      45       63       92       0        10       67       171      137      46       161      103      144      12       
32       710      174      77       144      50       144      142      103      91       37       147      100      116      59       93       39       115      83       33       138      155      143      146      160      156      22       149      141      42       53       102      10       0        76       181      145      36       171      113      154      15       
33       1180     101      33       79       67       83       85       93       16       39       72       60       71       61       83       107      42       60       43       97       108      94       95       93       108      56       73       90       107      121      80       67       76       0        108      131      110      102      36       90       74       
34       1980     7        106      46       174      116      61       134      97       146      38       140      87       165      174      215      66       118      148      91       152      143      73       31       79       159      61       72       202      229      119      171      181      108      0        144      216      21       76       40       175      
35       1030     138      97       102      178      205      84       42       139      135      140      192      68       179      210      182      120      72       131      53       236      223      71       113      66       128      167      72       131      195      50       137      145      131      144      0        174      123      140      104      130      
36       840      210      114      180      64       169      178      134      124      71       182      122      152      76       105      14       150      117      68       173      173      163      181      196      191      58       182      176      48       22       135      46       36       110      216      174      0        207      146      191      46       
37       1820     17       94       29       170      126      41       114      94       138      43       143      69       163      176      207      60       102      140      70       162      152      51       12       57       149      72       52       189      222      100      161      171      102      21       123      207      0        75       20       164      
38       1500     70       54       60       98       65       72       109      22       76       37       68       72       89       100      142      21       79       80       95       98       86       86       68       99       93       38       82       143      157      94       103      113      36       76       140      146      75       0        69       111      
39       1620     33       77       10       157      127      21       94       84       122      44       137      48       151      168      191      50       82       124      51       163      151      33       9        42       132      75       32       170      206      80       144      154      90       40       104      191      20       69       0        146      
40       580      168      69       136      62       148      132      89       90       38       143      107      105      69       105      52       110      70       32       126      162      150      135      152      144      18       148      130      34       66       88       12       15       74       175      130      46       164      111      146      0        
;

