

sets
i        orders          /0*40/
k        routes          /1*40/
p        positions       /0*40/
;

alias(i,j)
alias(i,h)
alias(i,hh)
alias(i,jj)
alias(k,kk)
                            Parameters

rho(i)	Processing time
/
0	0
1	66
2	93
3	16
4	73
5	6
6	15
7	23
8	79
9	29
10	44
11	41
12	22
13	54
14	40
15	71
16	64
17	86
18	30
19	88
20	87
21	95
22	81
23	60
24	18
25	97
26	29
27	83
28	84
29	21
30	92
31	25
32	98
33	25
34	83
35	49
36	91
37	91
38	22
39	23
40	73
/

gamma(i)	Duedate
/
0	0
1	48
2	56
3	17
4	27
5	24
6	9
7	63
8	67
9	13
10	11
11	31
12	58
13	67
14	49
15	57
16	41
17	51
18	92
19	18
20	71
21	96
22	63
23	89
24	45
25	31
26	97
27	98
28	38
29	42
30	32
31	42
32	61
33	83
34	8
35	40
36	90
37	69
38	8
39	90
40	17
/

sigma(i)	Size
/
0	0
1	4
2	3
3	6
4	2
5	9
6	7
7	4
8	4
9	2
10	5
11	8
12	6
13	2
14	8
15	7
16	2
17	2
18	3
19	1
20	9
21	6
22	3
23	6
24	5
25	2
26	1
27	6
28	1
29	3
30	8
31	6
32	9
33	1
34	9
35	8
36	2
37	6
38	3
39	5
40	2
/

epsilon(i)	Priority
/
0	0
1	6
2	2
3	9
4	1
5	6
6	3
7	4
8	2
9	9
10	5
11	1
12	6
13	9
14	6
15	5
16	1
17	4
18	4
19	7
20	3
21	1
22	7
23	1
24	9
25	4
26	4
27	5
28	2
29	8
30	9
31	6
32	8
33	2
34	6
35	3
36	7
37	2
38	1
39	5
40	6
/

psi	Vehicle Capacity
/ 43 /
;

Table kappa(i,j)                 Setup
         0        1        2        3        4        5        6        7        8        9        10       11       12       13       14       15       16       17       18       19       20       21       22       23       24       25       26       27       28       29       30       31       32       33       34       35       36       37       38       39       40       
0        0        1300     944      442      753      785      1431     976      1862     833      968      1367     949      1198     264      2009     735      624      473      616      1264     1286     1105     455      1163     259      229      819      926      999      741      1550     428      710      271      917      712      1637     308      1312     601      
1        1300     0        395      1723     1884     961      2154     737      1599     1330     1385     718      840      1980     1424     1741     1469     1914     1446     1740     835      215      195      890      486      1265     1500     1926     1271     323      560      1603     1108     1281     1093     620      1334     1618     1461     1493     729      
2        944      395      0        1349     1597     827      1998     706      1718     1173     1261     885      786      1798     1040     1870     1262     1568     1174     1450     926      491      239      507      598      878      1128     1647     1152     73       219      1619     844      1094     714      556      1140     1658     1074     1457     450      
3        442      1723     1349     0        719      1194     1539     1409     2229     1151     1280     1803     1372     1311     327      2368     988      346      709      644      1690     1724     1531     842      1606     488      223      788      1267     1411     1163     1875     831      1038     635      1358     1021     1970     310      1631     1042     
4        753      1884     1597     719      0        1028     835      1304     1803     769      851      1673     1222     621      900      1919     550      441      439      146      1508     1800     1692     1175     1582     990      749      70       902      1634     1377     1388     776      717      1019     1332     670      1491     918      1160     1162     
5        785      961      827      1194     1028     0        1196     277      1098     368      437      652      196      1019     1037     1250     528      1222     610      905      506      822      799      748      566      954      1007     1052     326      823      650      859      364      335      801      343      388      925      1084     658      440      
6        1431     2154     1998     1539     835      1196     0        1428     1360     830      771      1664     1323     234      1649     1423     753      1276     961      894      1475     1998     1995     1733     1716     1690     1516     774      885      2006     1794     934      1197     904      1649     1534     860      1025     1680     816      1557     
7        976      737      706      1409     1304     277      1428     0        1039     623      656      395      104      1269     1207     1194     802      1475     879      1178     297      570      606      808      295      1095     1205     1329     543      679      591      914      594      609      922      150      663      952      1253     768      465      
8        1862     1599     1718     2229     1803     1098     1360     1039     0        1086     970      881      996      1371     2123     154      1283     2154     1535     1742     792      1384     1554     1826     1139     2051     2071     1786     963      1675     1630     436      1434     1191     1899     1184     1214     337      2169     643      1489     
9        833      1330     1173     1151     769      368      830      623      1086     0        135      938      522      651      1096     1220     219      1072     449      678      760      1186     1166     980      918      1065     1015     774      133      1178     977      726      449      123      959      711      129      819      1138     483      744      
10       968      1385     1261     1280     851      437      771      656      970      135      0        925      551      622      1231     1100     313      1184     573      775      739      1226     1232     1102     946      1200     1148     845      114      1260     1075     595      580      259      1091     765      260      690      1274     351      848      
11       1367     718      885      1803     1673     652      1664     395      881      938      925      0        456      1544     1589     1024     1144     1868     1262     1554     188      503      689      1145     287      1466     1596     1692     825      829      860      935      989      959      1287     462      1010     930      1634     888      814      
12       949      840      786      1372     1222     196      1323     104      996      522      551      456      0        1166     1191     1151     707      1415     806      1100     318      675      704      831      397      1090     1176     1244     438      765      651      834      544      516      924      235      569      880      1237     674      492      
13       1198     1980     1798     1311     621      1019     234      1269     1371     651      622      1544     1166     0        1416     1455     539      1063     729      667      1357     1837     1813     1510     1563     1457     1282     566      731      1812     1590     934      980      706      1419     1362     658      1034     1446     763      1352     
14       264      1424     1040     327      900      1037     1649     1207     2123     1096     1231     1589     1191     1416     0        2271     986      633      712      783      1501     1445     1237     534      1363     164      153      970      1190     1105     868      1814     688      973      332      1129     973      1901     46       1576     787      
15       2009     1741     1870     2368     1919     1250     1423     1194     154      1220     1100     1024     1151     1455     2271     0        1411     2283     1670     1866     943      1526     1702     1981     1288     2201     2215     1898     1101     1826     1784     533      1582     1330     2051     1338     1349     429      2316     761      1644     
16       735      1469     1262     988      550      528      753      802      1283     219      313      1144     707      539      986      1411     0        871      282      463      970      1346     1293     981      1094     987      882      556      351      1279     1052     896      443      193      915      865      139      995      1025     654      814      
17       624      1914     1568     346      441      1222     1276     1475     2154     1072     1184     1868     1415     1063     633      2283     871      0        633      428      1728     1879     1718     1077     1714     775      488      502      1202     1621     1361     1763     882      982      880      1458     949      1864     632      1524     1193     
18       473      1446     1174     709      439      610      961      879      1535     449      573      1262     806      729      712      1670     282      633      0        301      1109     1361     1256     801      1148     732      601      480      574      1206     954      1167     338      349      691      896      321      1263     749      924      730      
19       616      1740     1450     644      146      905      894      1178     1742     678      775      1554     1100     667      783      1866     463      428      301      0        1395     1661     1548     1030     1450     861      637      204      811      1488     1231     1341     634      609      879      1198     566      1443     806      1105     1017     
20       1264     835      926      1690     1508     506      1475     297      792      760      739      188      318      1357     1501     943      970      1728     1109     1395     0        627      766      1101     354      1392     1492     1522     642      882      856      775      862      790      1219     415      839      783      1547     706      759      
21       1286     215      491      1724     1800     822      1998     570      1384     1186     1226     503      675      1837     1445     1526     1346     1879     1361     1661     627      0        252      923      290      1294     1501     1836     1113     419      584      1400     1029     1154     1114     480      1207     1410     1486     1303     687      
22       1105     195      239      1531     1692     799      1995     606      1554     1166     1232     689      704      1813     1237     1702     1293     1718     1256     1548     766      252      0        704      414      1079     1308     1736     1119     167      369      1507     918      1109     905      471      1160     1533     1274     1374     534      
23       455      890      507      842      1175     748      1733     808      1826     980      1102     1145     831      1510     534      1981     981      1077     801      1030     1101     923      704      0        885      375      622      1235     1018     571      339      1606     541      867      206      690      896      1673     571      1394     342      
24       1163     486      598      1606     1582     566      1716     295      1139     918      946      287      397      1563     1363     1288     1094     1714     1148     1450     354      290      414      885      0        1228     1390     1611     834      545      581      1116     835      901      1046     256      954      1133     1407     1012     575      
25       259      1265     878      488      990      954      1690     1095     2051     1065     1200     1466     1090     1457     164      2201     987      775      732      861      1392     1294     1079     375      1228     0        288      1058     1145     944      713      1767     630      942      182      1004     951      1848     196      1534     654      
26       229      1500     1128     223      749      1007     1516     1205     2071     1015     1148     1596     1176     1282     153      2215     882      488      601      637      1492     1501     1308     622      1390     288      0        819      1120     1189     939      1740     645      895      415      1145     888      1830     169      1498     822      
27       819      1926     1647     788      70       1052     774      1329     1786     774      845      1692     1244     566      970      1898     556      502      480      204      1522     1836     1736     1235     1611     1058     819      0        905      1683     1428     1365     818      732      1083     1365     683      1469     989      1142     1209     
28       926      1271     1152     1267     902      326      885      543      963      133      114      825      438      731      1190     1101     351      1202     574      811      642      1113     1119     1018     834      1145     1120     905      0        1149     970      624      516      228      1023     651      254      711      1234     389      748      
29       999      323      73       1411     1634     823      2006     679      1675     1178     1260     829      765      1812     1105     1826     1279     1621     1206     1488     882      419      167      571      545      944      1189     1683     1149     0        261      1593     872      1105     777      531      1153     1628     1141     1439     476      
30       741      560      219      1163     1377     650      1794     591      1630     977      1075     860      651      1590     868      1784     1052     1361     954      1231     856      584      369      339      581      713      939      1428     970      261      0        1482     627      890      536      446      934      1531     907      1301     237      
31       1550     1603     1619     1875     1388     859      934      914      436      726      595      935      834      934      1814     533      896      1763     1167     1341     775      1400     1507     1606     1116     1767     1740     1365     624      1593     1482     0        1137     845      1637     1063     854      104      1858     243      1295     
32       428      1108     844      831      776      364      1197     594      1434     449      580      989      544      980      688      1582     443      882      338      634      862      1029     918      541      835      630      645      818      516      872      627      1137     0        330      510      579      355      1219     734      905      396      
33       710      1281     1094     1038     717      335      904      609      1191     123      259      959      516      706      973      1330     193      982      349      609      790      1154     1109     867      901      942      895      732      228      1105     890      845      330      0        838      673      53       935      1016     603      653      
34       271      1093     714      635      1019     801      1649     922      1899     959      1091     1287     924      1419     332      2051     915      880      691      879      1219     1114     905      206      1046     182      415      1083     1023     777      536      1637     510      838      0        825      856      1713     371      1411     473      
35       917      620      556      1358     1332     343      1534     150      1184     711      765      462      235      1362     1129     1338     865      1458     896      1198     415      480      471      690      256      1004     1145     1365     651      531      446      1063     579      673      825      0        726      1102     1174     910      353      
36       712      1334     1140     1021     670      388      860      663      1214     129      260      1010     569      658      973      1349     139      949      321      566      839      1207     1160     896      954      951      888      683      254      1153     934      854      355      53       856      726      0        948      1015     611      697      
37       1637     1618     1658     1970     1491     925      1025     952      337      819      690      930      880      1034     1901     429      995      1864     1263     1443     783      1410     1533     1673     1133     1848     1830     1469     711      1628     1531     104      1219     935      1713     1102     948      0        1945     340      1354     
38       308      1461     1074     310      918      1084     1680     1253     2169     1138     1274     1634     1237     1446     46       2316     1025     632      749      806      1547     1486     1274     571      1407     196      169      989      1234     1141     907      1858     734      1016     371      1174     1015     1945     0        1619     831      
39       1312     1493     1457     1631     1160     658      816      768      643      483      351      888      674      763      1576     761      654      1524     924      1105     706      1303     1374     1394     1012     1534     1498     1142     389      1439     1301     243      905      603      1411     910      611      340      1619     0        1098     
40       601      729      450      1042     1162     440      1557     465      1489     744      848      814      492      1352     787      1644     814      1193     730      1017     759      687      534      342      575      654      822      1209     748      476      237      1295     396      653      473      353      697      1354     831      1098     0        
;



Table delta(i,j)                 Distance
         0        1        2        3        4        5        6        7        8        9        10       11       12       13       14       15       16       17       18       19       20       21       22       23       24       25       26       27       28       29       30       31       32       33       34       35       36       37       38       39       40       
0        0        4320     7740     3510     5940     8970     6330     3000     8250     4440     1740     4470     5430     6960     6390     9180     3780     5550     960      8040     5130     4740     240      2340     7680     3450     3660     2250     4380     5820     3150     2340     5010     1230     8490     3780     5460     9390     1830     3720     2910     
1        4320     0        115      231      61       154      67       136      199      87       177      164      92       279      271      302      226      143      150      178      212      105      151      109      200      244      226      160      25       134      156      171      180      174      139      220      85       307      114      216      237      
2        7740     115      0        345      62       42       58       223      227      147      283      260      120      373      369      368      319      217      266      198      309      188      265      207      246      360      321      258      124      158      264      270      273      284      41       332      109      371      218      307      346      
3        3510     231      345      0        291      381      290      216      278      260      156      127      291      145      121      244      215      189      90       283      111      185      117      195      247      33       208      186      221      309      91       184      135      135      360      33       290      253      178      219      138      
4        5940     61       62       291      0        104      47       162      227      89       220      222      69       337      329      349      257      190      208      201      270      155      204      144      236      303      259      195      78       113      217      208      237      222      96       281      58       353      155      246      284      
5        8970     154      42       381      104      0        91       265      233      189      325      288      160      398      396      382      361      239      304      204      337      215      305      249      258      398      363      300      160      196      297      312      299      325      27       366      150      384      259      349      388      
6        6330     67       58       290      47       91       0        196      183      130      244      202      115      314      310      314      289      160      215      156      251      129      219      173      196      307      290      224      68       160      207      236      214      242      72       275      104      318      180      279      304      
7        3000     136      223      216      162      265      196      0        322      78       77       229      113      327      310      387      95       244      130      306      262      208      99       33       313      211      97       42       153      106      193      52       248      91       258      226      120      394      44       83       142      
8        8250     199      227      278      227      233      183      322      0        287      331      151      287      211      222      156      395      93       256      29       179      118      283      290      37       309      392      330      175      331      193      340      145      317      207      248      277      156      285      389      368      
9        4440     87       147      260      89       189      130      78       287      0        149      232      35       343      330      382      173      225      170      265      275      187      151      74       287      263      176      118      112      53       209      129      251      157      185      261      41       388      89       161      215      
10       1740     177      283      156      220      325      244      77       331      149      0        208      185      285      265      363      68       242      88       321      228      212      52       77       313      142      63       36       186      184      163      30       226      21       313      173      190      371      65       67       66       
11       4470     164      260      127      222      288      202      229      151      232      208      0        251      115      108      158      276      63       121      156      49       73       156      197      120      158      271      220      144      285      47       226      19       190      264      98       246      165      185      274      228      
12       5430     92       120      291      69       160      115      113      287      35       185      251      0        364      353      394      206      235      201      263      296      197      185      109      291      295      209      153      117      44       233      164      269      192      160      289      11       400      124      193      251      
13       6960     279      373      145      337      398      314      327      211      343      285      115      364      0        24       110      351      159      200      230      68       184      236      297      174      176      345      308      259      396      135      310      100      265      372      116      360      118      283      352      281      
14       6390     271      369      121      329      396      310      310      222      330      265      108      353      24       0        133      330      160      181      238      59       181      216      280      184      152      323      288      251      383      121      290      97       244      371      93       349      141      266      331      258      
15       9180     302      368      244      349      382      314      387      156      382      363      158      394      110      133      0        431      159      275      183      138      197      311      354      125      277      426      378      278      433      200      383      139      344      355      212      387      8        343      430      373      
16       3780     226      319      215      257      361      289      95       395      173      68       276      206      351      330      431      0        308      156      383      295      277      120      116      379      195      8        67       240      190      231      56       294      87       354      237      214      439      114      13       88       
17       5550     143      217      189      190      239      160      244      93       225      242      63       235      159      160      159      308      0        163      93       105      38       192      210      71       218      304      245      118      275      101      253      65       227      213      161      228      164      203      303      275      
18       960      150      266      90       208      304      215      130      256      170      88       121      201      200      181      275      156      163      0        251      140      141      36       105      233      96       151      107      146      219      75       110      138      69       287      95       201      283      89       155      112      
19       8040     178      198      283      201      204      156      306      29       265      321      156      263      230      238      183      383      93       251      0        191      110      276      274      60       312      381      317      155      308      194      327      153      309      177      254      253      184      271      376      362      
20       5130     212      309      111      270      337      251      262      179      275      228      49       296      68       59       138      295      105      140      191      0        122      176      231      144      144      289      246      192      328      69       250      39       208      312      78       291      146      217      295      235      
21       4740     105      188      185      155      215      129      208      118      187      212      73       197      184      181      197      277      38       141      110      122      0        166      174      105      210      274      212      80       237      94       221      84       199      190      161      190      202      168      271      252      
22       240      151      265      117      204      305      219      99       283      151      52       156      185      236      216      311      120      192      36       276      176      166      0        80       263      113      115      72       154      196      111      74       174      34       290      128      187      319      63       118      89       
23       2340     109      207      195      144      249      173      33       290      74       77       197      109      297      280      354      116      210      105      274      231      174      80       0        279      193      117      51       124      116      162      63       216      83       239      201      113      361      17       107      142      
24       7680     200      246      247      236      258      196      313      37       287      313      120      291      174      184      125      379      71       233      60       144      105      263      279      0        278      376      316      175      334      166      325      112      298      230      216      282      127      273      374      344      
25       3450     244      360      33       303      398      307      211      309      263      142      158      295      176      152      277      195      218      96       312      144      210      113      193      278      0        187      175      238      309      118      172      167      123      378      66       296      286      176      200      112      
26       3660     226      321      208      259      363      290      97       392      176      63       271      209      345      323      426      8        304      151      381      289      274      115      117      376      187      0        66       239      195      226      55       289      82       355      230      217      434      113      19       80       
27       2250     160      258      186      195      300      224      42       330      118      36       220      153      308      288      378      67       245      107      317      246      212      72       51       316      175      66       0        173      149      178      12       239      53       291      200      159      385      47       59       99       
28       4380     25       124      221      78       160      68       153      175      112      186      144      117      259      251      278      240      118      146      155      192      80       154      124      175      238      239      173      0        159      141      184      159      180      140      208      109      283      126      231      242      
29       5820     134      158      309      113      196      160      106      331      53       184      285      44       396      383      433      190      275      219      308      328      237      196      116      334      309      195      149      159      0        262      159      303      196      199      312      55       439      133      176      249      
30       3150     156      264      91       217      297      207      193      193      209      163      47       233      135      121      200      231      101      75       194      69       94       111      162      166      118      226      178      141      262      0        183      63       144      275      69       230      208      148      230      181      
31       2340     171      270      184      208      312      236      52       340      129      30       226      164      310      290      383      56       253      110      327      250      221      74       63       325      172      55       12       184      159      183      0        244      49       303      200      171      391      58       49       90       
32       5010     180      273      135      237      299      214      248      145      251      226      19       269      100      97       139      294      65       138      153      39       84       174      216      112      167      289      239      159      303      63       244      0        207      274      104      263      146      204      292      244      
33       1230     174      284      135      222      325      242      91       317      157      21       190      192      265      244      344      87       227      69       309      208      199      34       83       298      123      82       53       180      196      144      49       207      0        312      152      196      352      68       87       62       
34       8490     139      41       360      96       27       72       258      207      185      313      264      160      372      371      355      354      213      287      177      312      190      290      239      230      378      355      291      140      199      275      303      274      312      0        344      149      357      248      342      375      
35       3780     220      332      33       281      366      275      226      248      261      173      98       289      116      93       212      237      161      95       254      78       161      128      201      216      66       230      200      208      312      69       200      104      152      344      0        287      220      184      239      165      
36       5460     85       109      290      58       150      104      120      277      41       190      246      11       360      349      387      214      228      201      253      291      190      187      113      282      296      217      159      109      55       230      171      263      196      149      287      0        392      128      202      256      
37       9390     307      371      253      353      384      318      394      156      388      371      165      400      118      141      8        439      164      283      184      146      202      319      361      127      286      434      385      283      439      208      391      146      352      357      220      392      0        350      438      381      
38       1830     114      218      178      155      259      180      44       285      89       65       185      124      283      266      343      114      203      89       271      217      168      63       17       273      176      113      47       126      133      148      58       204      68       248      184      128      350      0        105      129      
39       3720     216      307      219      246      349      279      83       389      161      67       274      193      352      331      430      13       303      155      376      295      271      118      107      374      200      19       59       231      176      230      49       292      87       342      239      202      438      105      0        97       
40       2910     237      346      138      284      388      304      142      368      215      66       228      251      281      258      373      88       275      112      362      235      252      89       142      344      112      80       99       242      249      181      90       244      62       375      165      256      381      129      97       0        
;

