

sets
i        orders          /0*40/
k        routes          /1*40/
p        positions       /0*40/
;

alias(i,j)
alias(i,h)
alias(i,hh)
alias(i,jj)
alias(k,kk)
                            Parameters

rho(i)	Processing time
/
0	0
1	30
2	37
3	36
4	76
5	24
6	42
7	55
8	26
9	8
10	55
11	41
12	49
13	32
14	30
15	78
16	11
17	5
18	47
19	17
20	66
21	4
22	54
23	53
24	41
25	77
26	69
27	49
28	7
29	52
30	13
31	75
32	58
33	65
34	10
35	1
36	92
37	9
38	45
39	65
40	77
/

gamma(i)	Duedate
/
0	0
1	88
2	11
3	38
4	89
5	41
6	23
7	96
8	35
9	46
10	61
11	54
12	95
13	99
14	13
15	34
16	6
17	25
18	57
19	26
20	93
21	97
22	56
23	97
24	28
25	44
26	16
27	96
28	99
29	90
30	31
31	20
32	17
33	2
34	56
35	39
36	15
37	65
38	38
39	86
40	88
/

sigma(i)	Size
/
0	0
1	7
2	8
3	8
4	9
5	5
6	8
7	2
8	1
9	6
10	6
11	2
12	6
13	5
14	2
15	6
16	1
17	5
18	6
19	1
20	3
21	5
22	1
23	1
24	8
25	8
26	1
27	9
28	5
29	9
30	5
31	5
32	6
33	8
34	2
35	2
36	2
37	9
38	1
39	9
40	8
/

epsilon(i)	Priority
/
0	0
1	9
2	8
3	2
4	3
5	4
6	3
7	4
8	4
9	8
10	7
11	2
12	9
13	9
14	2
15	5
16	1
17	6
18	5
19	5
20	8
21	6
22	4
23	2
24	8
25	6
26	3
27	2
28	8
29	8
30	4
31	7
32	7
33	4
34	5
35	8
36	8
37	8
38	3
39	7
40	4
/

psi	Vehicle Capacity
/ 16 /
;

Table kappa(i,j)                 Setup
         0        1        2        3        4        5        6        7        8        9        10       11       12       13       14       15       16       17       18       19       20       21       22       23       24       25       26       27       28       29       30       31       32       33       34       35       36       37       38       39       40       
0        0        2306     1122     874      1593     305      678      355      867      292      1759     556      1322     1977     1989     1312     832      1008     1164     863      353      1296     822      641      1260     1843     769      1567     801      924      300      1473     998      1994     745      676      1040     2019     1355     1888     1058     
1        2306     0        2001     1827     921      2017     2624     2062     1585     2182     667      1763     986      1085     1977     994      1780     1677     1762     1772     2409     1014     2243     2019     1656     1166     1978     930      2337     1449     2114     837      1315     1820     1562     2051     1270     1599     1725     1065     1752     
2        1122     2001     0        1615     1081     920      1794     1253     613      1300     1753     1084     1282     2243     2657     1199     417      375      239      1562     1463     1159     1803     484      357      2162     1614     1071     1824     770      831      1287     977      2596     1025     1573     1151     2520     2012     2151     269      
3        874      1827     1615     0        1453     793      834      520      1053     595      1173     532      932      1186     1127     990      1201     1311     1521     66       735      1003     415      1197     1551     1039     161      1425     510      959      947      1127     840      1121     624      260      720      1149     481      1108     1413     
4        1593     921      1081     1453     0        1288     2082     1454     753      1565     839      1138     572      1427     2124     485      907      777      841      1387     1798     461      1828     1162     735      1406     1558     28       1902     669      1341     416      649      2007     930      1589     733      1851     1609     1352     840      
5        305      2017     920      793      1288     0        899      337      569      381      1498     325      1040     1777     1916     1022     569      738      915      761      571      1003     891      445      997      1653     742      1262     905      619      156      1181     703      1896     471      678      765      1887     1260     1685     804      
6        678      2624     1794     834      2082     899      0        633      1444     534      1990     944      1664     2007     1712     1693     1468     1637     1814     874      332      1691     477      1311     1896     1857     673      2054     382      1444     963      1849     1434     1772     1152     582      1395     1874     1205     1934     1703     
7        355      2062     1253     520      1454     337      633      0        821      120      1471     316      1078     1637     1642     1091     879      1035     1227     508      351      1084     554      782      1295     1499     429      1426     570      811      468      1252     811      1642     529      350      798      1664     1001     1550     1114     
8        867      1585     613      1053     753      569      1444     821      0        910      1203     555      713      1646     2049     648      224      262      472      994      1127     613      1318     433      499      1557     1088     730      1364     166      594      775      373      1984     433      1072     541      1906     1412     1554     370      
9        292      2182     1300     595      1565     381      534      120      910      0        1590     432      1198     1741     1700     1210     946      1109     1294     594      234      1202     542      819      1369     1601     479      1537     537      914      483      1371     925      1709     645      384      917      1745     1073     1656     1182     
10       1759     667      1753     1173     839      1498     1990     1471     1203     1590     0        1202     491      596      1399     559      1426     1383     1535     1123     1805     597      1587     1619     1466     605      1329     826      1684     1040     1621     474      851      1257     1027     1409     737      1066     1063     531      1484     
11       556      1763     1084     532      1138     325      944      316      555      432      1202     0        776      1452     1625     781      673      800      1006     484      666      771      763      669      1052     1327     537      1110     812      511      477      942      494      1593     212      517      493      1570     967      1361     895      
12       1322     986      1282     932      572      1040     1664     1078     713      1198     491      776      0        970      1565     98       936      907      1076     868      1428     137      1334     1128     1025     909      1060     547      1419     549      1151     194      362      1458     576      1113     283      1324     1037     882      1013     
13       1977     1085     2243     1186     1427     1777     2007     1637     1646     1741     596      1452     970      0        898      1063     1869     1868     2045     1163     1915     1104     1542     2015     1996     151      1345     1412     1644     1481     1924     1033     1273     737      1342     1447     1111     514      843      93       1976     
14       1989     1977     2657     1127     2124     1916     1712     1642     2049     1700     1399     1625     1565     898      0        1662     2242     2308     2514     1155     1776     1697     1257     2292     2507     813      1220     2102     1337     1909     2071     1708     1720     166      1634     1318     1546     401      658      912      2419     
15       1312     994      1199     990      485      1022     1693     1091     648      1210     559      781      98       1063     1662     0        868      826      988      925      1443     41       1384     1072     933      1005     1110     459      1466     489      1123     161      323      1556     573      1156     297      1422     1125     975      930      
16       832      1780     417      1201     907      569      1468     879      224      946      1426     673      936      1869     2242     868      0        178      348      1147     1139     832      1414     258      429      1777     1210     888      1446     390      533      988      596      2184     608      1177     760      2116     1594     1776     236      
17       1008     1677     375      1311     777      738      1637     1035     262      1109     1383     800      907      1868     2308     826      178      0        210      1253     1310     787      1557     424      260      1788     1337     761      1594     403      711      923      606      2239     694      1314     782      2154     1673     1776     111      
18       1164     1762     239      1521     841      915      1814     1227     472      1294     1535     1006     1076     2045     2514     988      348      210      0        1464     1483     947      1758     535      128      1972     1544     832      1792     605      863      1064     802      2442     905      1518     979      2350     1882     1955     112      
19       863      1772     1562     66       1387     761      874      508      994      594      1123     484      868      1163     1155     925      1147     1253     1464     0        752      937      472      1153     1491     1018     206      1359     565      896      916      1063     774      1140     563      293      654      1155     501      1082     1357     
20       353      2409     1463     735      1798     571      332      351      1127     234      1805     666      1428     1915     1776     1443     1139     1310     1483     752      0        1436     535      979      1568     1770     589      1770     486      1142     631      1603     1159     1806     879      483      1148     1868     1187     1833     1373     
21       1296     1014     1159     1003     461      1003     1691     1084     613      1202     597      771      137      1104     1697     41       832      787      947      937      1436     0        1393     1040     892      1046     1119     434      1472     456      1100     178      301      1593     561      1161     297      1461     1153     1016     890      
22       822      2243     1803     415      1828     891      477      554      1318     542      1587     763      1334     1542     1257     1384     1414     1557     1758     472      535      1393     0        1336     1813     1391     274      1800     101      1264     1016     1529     1189     1304     930      248      1099     1398     728      1473     1646     
23       641      2019     484      1197     1162     445      1311     782      433      819      1619     669      1128     2015     2292     1072     258      424      535      1153     979      1040     1336     0        645      1910     1171     1142     1350     584      347      1206     769      2252     686      1117     910      2210     1635     1921     438      
24       1260     1656     357      1551     735      997      1896     1295     499      1369     1466     1052     1025     1996     2507     933      429      260      128      1491     1568     892      1813     645      0        1932     1587     728      1853     605      960      992      786      2427     928      1568     962      2324     1887     1907     206      
25       1843     1166     2162     1039     1406     1653     1857     1499     1557     1601     605      1327     909      151      813      1005     1777     1788     1972     1018     1770     1046     1391     1910     1932     0        1196     1388     1493     1394     1802     998      1185     661      1230     1299     1017     460      694      105      1898     
26       769      1978     1614     161      1558     742      673      429      1088     479      1329     537      1060     1345     1220     1110     1210     1337     1544     206      589      1119     274      1171     1587     1196     0        1529     361      1015     888      1254     924      1232     677      106      826      1281     601      1267     1433     
27       1567     930      1071     1425     28       1262     2054     1426     730      1537     826      1110     547      1412     2102     459      888      761      832      1359     1770     434      1800     1142     728      1388     1529     0        1873     643      1317     395      621      1986     902      1560     705      1832     1584     1335     827      
28       801      2337     1824     510      1902     905      382      570      1364     537      1684     812      1419     1644     1337     1466     1446     1594     1792     565      486      1472     101      1350     1853     1493     361      1873     0        1319     1020     1613     1257     1391     991      313      1177     1491     826      1574     1679     
29       924      1449     770      959      669      619      1444     811      166      914      1040     511      549      1481     1909     489      390      403      605      896      1142     456      1264     584      605      1394     1015     643      1319     0        681      624      208      1837     338      1016     380      1751     1282     1388     515      
30       300      2114     831      947      1341     156      963      468      594      483      1621     477      1151     1924     2071     1123     533      711      863      916      631      1100     1016     347      960      1802     888      1317     1020     681      0        1277     800      2052     598      817      885      2043     1416     1832     757      
31       1473     837      1287     1127     416      1181     1849     1252     775      1371     474      942      194      1033     1708     161      988      923      1064     1063     1603     178      1529     1206     992      998      1254     395      1613     624      1277     0        479      1591     734      1305     455      1437     1214     952      1019     
32       998      1315     977      840      649      703      1434     811      373      925      851      494      362      1273     1720     323      596      606      802      774      1159     301      1189     769      786      1185     924      621      1257     208      800      479      0        1641     282      945      176      1548     1109     1180     718      
33       1994     1820     2596     1121     2007     1896     1772     1642     1984     1709     1257     1593     1458     737      166      1556     2184     2239     2442     1140     1806     1593     1304     2252     2427     661      1232     1986     1391     1837     2052     1591     1641     0        1580     1334     1465     234      640      757      2351     
34       745      1562     1025     624      930      471      1152     529      433      645      1027     212      576      1342     1634     573      608      694      905      563      879      561      930      686      928      1230     677      902      991      338      598      734      282      1580     0        682      296      1526     986      1249     801      
35       676      2051     1573     260      1589     678      582      350      1072     384      1409     517      1113     1447     1318     1156     1177     1314     1518     293      483      1161     248      1117     1568     1299     106      1560     313      1016     817      1305     945      1334     682      0        865      1387     706      1368     1406     
36       1040     1270     1151     720      733      765      1395     798      541      917      737      493      283      1111     1546     297      760      782      979      654      1148     297      1099     910      962      1017     826      705      1177     380      885      455      176      1465     296      865      0        1372     944      1017     894      
37       2019     1599     2520     1149     1851     1887     1874     1664     1906     1745     1066     1570     1324     514      401      1422     2116     2154     2350     1155     1868     1461     1398     2210     2324     460      1281     1832     1491     1751     2043     1437     1548     234      1526     1387     1372     0        681      545      2266     
38       1355     1725     2012     481      1609     1260     1205     1001     1412     1073     1063     967      1037     843      658      1125     1594     1673     1882     501      1187     1153     728      1635     1887     694      601      1584     826      1282     1416     1214     1109     640      986      706      944      681      0        788      1783     
39       1888     1065     2151     1108     1352     1685     1934     1550     1554     1656     531      1361     882      93       912      975      1776     1776     1955     1082     1833     1016     1473     1921     1907     105      1267     1335     1574     1388     1832     952      1180     757      1249     1368     1017     545      788      0        1885     
40       1058     1752     269      1413     840      804      1703     1114     370      1182     1484     895      1013     1976     2419     930      236      111      112      1357     1373     890      1646     438      206      1898     1433     827      1679     515      757      1019     718      2351     801      1406     894      2266     1783     1885     0        
;



Table delta(i,j)                 Distance
         0        1        2        3        4        5        6        7        8        9        10       11       12       13       14       15       16       17       18       19       20       21       22       23       24       25       26       27       28       29       30       31       32       33       34       35       36       37       38       39       40       
0        0        5700     4440     9690     10950    9210     9990     3540     9060     8910     3720     9510     9210     4530     2520     6930     8340     10800    3030     9330     6000     7680     11430    5370     5730     4380     8700     6720     8100     2160     3210     2910     5250     3210     8160     2190     5130     10980    11790    7710     11340    
1        5700     0        173      168      195      117      219      116      181      134      175      208      130      134      220      95       91       216      91       127      213      120      230      213      198      257      100      309      129      131      251      127      26       102      121      231      263      198      235      84       234      
2        4440     173      0        222      367      270      203      63       181      209      24       186      232      41       98       142      258      245      146      295      55       288      268      42       43       97       253      135      299      164      254      69       147      175      179      122      310      271      284      258      260      
3        9690     168      222      0        252      138      84       208      61       35       241      85       59       189      313      92       162      50       244      183      221      253      62       238      211      319      133      332      254      285      407      230      164      264      51       333      430      49       70       195      67       
4        10950    195      367      252      0        117      335      312      303      225      370      332      194      326      412      249      111      296      266      76       400      117      294      404      386      452      128      502      103      294      388      322      220      259      241      420      362      241      285      112      307      
5        9210     117      270      138      117      0        219      223      187      108      278      216      78       228      333      137      38       185      206      45       295      132      187      303      281      363      17       402      127      245      359      239      135      212      124      346      357      136      181      77       198      
6        9990     219      203      84       335      219      0        215      38       110      227      17       141      183      301      125      238      60       275      263      182      323      81       204      177      291      211      285      326      313      430      236      206      300      103      325      466      117      102      267      67       
7        3540     116      63       208      312      223      215      0        183      186      58       198      202      38       111      117      206      243      85       242      114      226      263      106      100      141      206      195      238      109      217      21       91       114      158      128      263      253      277      200      260      
8        9060     181      181      61       303      187      38       183      0        79       203      29       111      155      277      86       203      64       239      230      169      286      87       189      161      273      177      277      289      277      396      205      168      263      66       300      429      105      106      230      79       
9        8910     134      209      35       225      108      110      186      79       0        226      107      32       173      295      69       129      86       213      152      217      218      97       231      205      307      100      328      219      255      377      207      132      232      30       314      397      68       101      160      102      
10       3720     175      24       241      370      278      227      58       203      226      0        210      246      53       74       157      262      266      135      299      76       285      289      58       67       85       260      136      296      146      231      56       149      161      196      98       289      289      305      259      282      
11       9510     208      186      85       332      216      17       198      29       107      210      0        139      167      284      112      232      71       260      259      165      315      93       188      160      274      207      270      318      297      414      220      193      286      95       308      451      124      114      259      81       
12       9210     130      232      59       194      78       141      202      111      32       246      139      0        193      313      89       104      107      216      123      244      198      112      257      232      329      74       356      197      258      380      222      134      232      57       330      393      69       111      139      122      
13       4530     134      41       189      326      228      183      38       155      173      53       167      193      0        124      104      216      218      122      253      82       251      239      79       67       136      211      176      261      147      253      56       107      151      143      145      301      236      254      217      234      
14       2520     220      98       313      412      333      301      111      277      295      74       284      313      124      0        225      312      341      151      348      137      314      363      113      133      61       316      139      327      141      184      94       198      170      266      24       254      360      378      300      356      
15       6930     95       142      92       249      137      125      117      86       69       157      112      89       104      225      0        139      133      155      173      159      207      151      169      145      240      123      268      213      195      317      138      81       178      41       244      345      136      162      156      150      
16       8340     91       258      162      111      38       238      206      203      129      262      232      104      216      312      139      0        211      177      36       289      96       216      294      275      347      31       393      93       213      325      219      114      179      137      323      320      169      213      39       226      
17       10800    216      245      50       296      185      60       243      64       86       266      71       107      218      341      133      211      0        288      230      233      304      23       253      225      338      181      340      304      328      450      265      210      310      96       363      476      61       42       245      17       
18       3030     91       146      244      266      206      275      85       239      213      135      260      216      122      151      155      177      288      0        209      200      162      305      189      186      202      190      269      175      41       163      78       82       29       193      155      190      281      314      156      306      
19       9330     127      295      183      76       45       263      242      230      152      299      259      123      253      348      173      36       230      209      0        326      99       231      331      311      383      52       429      91       244      350      255      151      209      166      358      339      180      225      56       243      
20       6000     213      55       221      400      295      182      114      169      217      76       165      244      82       137      159      289      233      200      326      0        332      256      25       15       111      279      111      342      219      307      124      187      228      187      162      365      269      275      295      245      
21       7680     120      288      253      117      132      323      226      286      218      285      315      198      251      314      207      96       304      162      99       332      0        311      330      317      361      127      421      14       184      271      231      145      148      220      318      247      264      309      58       319      
22       11430    230      268      62       294      187      81       263      87       97       289      93       112      239      363      151      216      23       305      231      256      311      0        276      248      361      185      363      310      346      468      285      226      326      112      385      492      53       21       252      16       
23       5370     213      42       238      404      303      204      106      189      231      58       188      257      79       113      169      294      253      189      331      25       330      276      0        28       86       286      99       340      204      286      111      187      217      201      137      347      287      295      297      267      
24       5730     198      43       211      386      281      177      100      161      205      67       160      232      67       133      145      275      225      186      311      15       317      248      28       0        114      265      123      327      206      298      111      172      214      175      158      354      260      267      280      239      
25       4380     257      97       319      452      363      291      141      273      307      85       274      329      136      61       240      347      338      202      383      111      361      361      86       114      0        345      79       373      199      244      131      232      224      277      78       315      368      379      340      352      
26       8700     100      253      133      128      17       211      206      177      100      260      207      74       211      316      123      31       181      190      52       279      127      185      286      265      345      0        386      124      229      345      221      118      196      113      329      345      137      182      69       195      
27       6720     309      135      332      502      402      285      195      277      328      136      270      356      176      139      268      393      340      269      429      111      421      363      99       123      79       386      0        433      272      323      192      283      294      299      157      394      380      382      393      351      
28       8100     129      299      254      103      127      326      238      289      219      296      318      197      261      327      213      93       304      175      91       342      14       310      340      327      373      124      433      0        198      285      243      154      162      223      331      260      262      307      59       319      
29       2160     131      164      285      294      245      313      109      277      255      146      297      258      147      141      195      213      328      41       244      219      184      346      204      206      199      229      272      198      0        122      95       124      35       234      139      154      323      355      188      346      
30       3210     251      254      407      388      359      430      217      396      377      231      414      380      253      184      317      325      450      163      350      307      271      468      286      298      244      345      323      285      122      0        197      246      149      356      166      77       445      478      294      467      
31       2910     127      69       230      322      239      236      21       205      207      56       220      222      56       94       138      219      265      78       255      124      231      285      111      111      131      221      192      243      95       197      0        104      106      180      109      246      275      299      210      281      
32       5250     26       147      164      220      135      206      91       168      132      149      193      134      107      198      81       114      210      82       151      187      145      226      187      172      232      118      283      154      124      246      104      0        100      114      211      266      199      233      110      228      
33       3210     102      175      264      259      212      300      114      263      232      161      286      232      151      170      178      179      310      29       209      228      148      326      217      214      224      196      294      162      35       149      106      100      0        214      171      166      299      334      153      328      
34       8160     121      179      51       241      124      103      158      66       30       196      95       57       143      266      41       137      96       193      166      187      220      112      201      175      277      113      299      223      234      356      180      114      214      0        285      380      95       121      164      113      
35       2190     231      122      333      420      346      325      128      300      314      98       308      330      145      24       244      323      363      155      358      162      318      385      137      158      78       329      157      331      139      166      109      211      171      285      0        238      380      400      309      379      
36       5130     263      310      430      362      357      466      263      429      397      289      451      393      301      254      345      320      476      190      339      365      247      492      347      354      315      345      394      260      154      77       246      266      166      380      238      0        462      499      284      494      
37       10980    198      271      49       241      136      117      253      105      68       289      124      69       236      360      136      169      61       281      180      269      264      53       287      260      368      137      380      262      323      445      275      199      299      95       380      462      0        44       206      68       
38       11790    235      284      70       285      181      102      277      106      101      305      114      111      254      378      162      213      42       314      225      275      309      21       295      267      379      182      382      307      355      478      299      233      334      121      400      499      44       0        250      36       
39       7710     84       258      195      112      77       267      200      230      160      259      259      139      217      300      156      39       245      156      56       295      58       252      297      280      340      69       393      59       188      294      210      110      153      164      309      284      206      250      0        260      
40       11340    234      260      67       307      198      67       260      79       102      282      81       122      234      356      150      226      17       306      243      245      319      16       267      239      352      195      351      319      346      467      281      228      328      113      379      494      68       36       260      0        
;

