

sets
i        orders          /0*40/
k        routes          /1*40/
p        positions       /0*40/
;

alias(i,j)
alias(i,h)
alias(i,hh)
alias(i,jj)
alias(k,kk)
                            Parameters

rho(i)	Processing time
/
0	0
1	97
2	53
3	47
4	55
5	84
6	27
7	89
8	33
9	33
10	36
11	13
12	46
13	64
14	20
15	54
16	93
17	13
18	93
19	14
20	19
21	27
22	15
23	76
24	81
25	24
26	14
27	33
28	63
29	31
30	46
31	49
32	94
33	81
34	96
35	70
36	54
37	3
38	29
39	73
40	49
/

gamma(i)	Duedate
/
0	0
1	64
2	55
3	70
4	55
5	55
6	76
7	29
8	61
9	1
10	90
11	14
12	74
13	98
14	29
15	6
16	44
17	76
18	91
19	51
20	8
21	28
22	52
23	10
24	5
25	42
26	93
27	27
28	33
29	79
30	64
31	36
32	60
33	49
34	33
35	49
36	48
37	42
38	40
39	71
40	4
/

sigma(i)	Size
/
0	0
1	2
2	5
3	5
4	6
5	4
6	6
7	6
8	9
9	1
10	2
11	6
12	8
13	6
14	1
15	2
16	7
17	7
18	3
19	7
20	6
21	4
22	4
23	9
24	9
25	9
26	4
27	8
28	3
29	9
30	2
31	7
32	5
33	6
34	7
35	2
36	5
37	2
38	1
39	6
40	8
/

epsilon(i)	Priority
/
0	0
1	3
2	1
3	1
4	2
5	6
6	4
7	7
8	6
9	3
10	9
11	7
12	8
13	8
14	5
15	9
16	8
17	1
18	1
19	2
20	1
21	4
22	9
23	2
24	3
25	3
26	7
27	5
28	3
29	9
30	7
31	2
32	8
33	5
34	5
35	9
36	3
37	1
38	5
39	9
40	6
/

psi	Vehicle Capacity
/ 44 /
;

Table kappa(i,j)                 Setup
         0        1        2        3        4        5        6        7        8        9        10       11       12       13       14       15       16       17       18       19       20       21       22       23       24       25       26       27       28       29       30       31       32       33       34       35       36       37       38       39       40       
0        0        1152     605      1212     1012     1679     1406     1023     1285     1034     1028     360      493      1669     1207     1291     782      775      1409     1482     930      1482     439      1274     1237     336      431      1157     499      230      429      614      580      1736     1743     697      1868     911      545      1317     710      
1        1152     0        1186     1009     1212     896      739      925      168      1248     821      1408     1378     635      168      1134     1352     1645     1137     476      893      908      1524     355      1219     1435     1025     538      1264     1186     1250     1173     1242     737      1114     979      1195     880      1186     418      1530     
2        605      1186     0        1658     1550     1955     1708     1474     1252     1577     1442     470      292      1493     1310     1761     1374     474      1854     1321     1384     1829     572      1448     1741     552      977      1439     163      833      219      18       74       1523     2089     1208     2203     1362     1129     1143     355      
3        1212     1009     1658     0        388      683      468      189      1161     409      225      1573     1678     1610     880      126      740      1974     198      1476     282      399      1644     741      231      1542     795      485      1633     1054     1578     1656     1675     1721     606      528      731      303      785      1425     1891     
4        1012     1212     1550     388      0        1070     837      315      1378     35       424      1361     1504     1845     1122     378      369      1786     521      1688     320      788      1410     1028     258      1313     584      768      1488     809      1424     1553     1550     1949     986      346      1108     332      493      1600     1721     
5        1679     896      1955     683      1070     0        275      794      970      1092     720      2020     2067     1296     729      739      1403     2362     628      1233     856      285      2115     545      887      2013     1332     527      1984     1586     1947     1947     1995     1406     266      1108     306      864      1390     1267     2259     
6        1406     739      1708     468      837      275      0        540      852      863      455      1750     1805     1249     575      556      1149     2101     485      1149     592      172      1844     391      693      1742     1058     269      1727     1310     1687     1701     1744     1361     391      839      496      599      1120     1146     2002     
7        1023     925      1474     189      315      794      540      0        1087     347      110      1383     1488     1550     820      287      610      1784     387      1401     92       527      1455     714      307      1353     608      453      1445     868      1389     1473     1489     1657     764      345      892      113      615      1329     1702     
8        1285     168      1252     1161     1378     970      852      1087     0        1414     981      1517     1468     467      285      1285     1520     1721     1278     315      1059     1024     1636     461      1376     1551     1186     681      1347     1335     1340     1238     1314     571      1207     1147     1276     1046     1350     297      1604     
9        1034     1248     1577     409      35       1092     863      347      1414     0        456      1380     1526     1880     1157     387      367      1807     530      1723     355      809      1427     1061     259      1331     608      800      1513     827      1448     1580     1576     1985     1000     377      1122     368      508      1636     1743     
10       1028     821      1442     225      424      720      455      110      981      456      0        1386     1477     1442     711      346      697      1775     414      1296     137      471      1466     604      400      1363     634      344      1424     894      1372     1439     1462     1550     724      390      851      144      670      1228     1688     
11       360      1408     470      1573     1361     2020     1750     1383     1517     1380     1386     0        209      1844     1490     1651     1096     432      1770     1661     1291     1835     121      1583     1593     86       788      1494     308      553      253      487      408      1894     2098     1056     2221     1271     878      1486     395      
12       493      1378     292      1678     1504     2067     1805     1488     1468     1526     1477     209      0        1752     1481     1766     1267     298      1876     1575     1395     1905     288      1595     1722     296      920      1540     135      714      128      311      221      1792     2169     1180     2289     1375     1036     1397     217      
13       1669     635      1493     1610     1845     1296     1249     1550     467      1880     1442     1844     1752     0        731      1731     1982     1964     1709     187      1525     1418     1965     877      1831     1893     1632     1125     1620     1754     1632     1476     1564     112      1556     1612     1599     1512     1803     358      1846     
14       1207     168      1310     880      1122     729      575      820      285      1157     711      1490     1481     731      0        1003     1303     1758     993      597      802      746      1603     187      1099     1509     1019     397      1374     1209     1353     1299     1362     841      946      929      1027     792      1162     572      1646     
15       1291     1134     1761     126      378      739      556      287      1285     387      346      1651     1766     1731     1003     0        746      2060     142      1600     376      454      1716     859      148      1615     865      606      1728     1119     1671     1760     1774     1842     616      596      735      398      830      1551     1982     
16       782      1352     1374     740      369      1403     1149     610      1520     367      697      1096     1267     1982     1303     746      0        1528     889      1809     562      1130     1122     1254     625      1034     426      1016     1281     554      1211     1381     1358     2078     1345     374      1470     560      248      1691     1480     
17       775      1645     474      1974     1786     2362     2101     1784     1721     1807     1775     432      298      1964     1758     2060     1528     0        2172     1795     1691     2203     428      1881     2011     499      1206     1836     383      983      414      490      407      1991     2467     1470     2587     1671     1308     1617     118      
18       1409     1137     1854     198      521      628      485      387      1278     530      414      1770     1876     1709     993      142      889      2172     0        1589     480      352      1839     831      282      1737     988      598      1831     1245     1776     1852     1872     1821     479      720      596      501      965      1556     2090     
19       1482     476      1321     1476     1688     1233     1149     1401     315      1723     1296     1661     1575     187      597      1600     1809     1795     1589     0        1370     1321     1782     763      1691     1708     1450     995      1444     1568     1452     1305     1391     269      1484     1441     1539     1355     1624     178      1676     
20       930      893      1384     282      320      856      592      92       1059     355      137      1291     1395     1525     802      376      562      1691     480      1370     0        600      1364     716      377      1261     518      463      1353     779      1297     1383     1398     1630     846      261      973      22       538      1288     1610     
21       1482     908      1829     399      788      285      172      527      1024     809      471      1835     1905     1418     746      454      1130     2203     352      1321     600      0        1922     563      601      1819     1104     407      1837     1363     1792     1823     1860     1531     263      861      386      613      1138     1317     2108     
22       439      1524     572      1644     1410     2115     1844     1455     1636     1427     1466     121      288      1965     1603     1716     1122     428      1839     1782     1364     1922     0        1690     1649     102      851      1592     409      601      363      590      505      2015     2183     1120     2308     1345     919      1607     425      
23       1274     355      1448     741      1028     545      391      714      461      1061     604      1583     1595     877      187      859      1254     1881     831      763      716      563      1690     0        969      1593     1026     262      1497     1243     1469     1438     1495     989      758      888      840      710      1146     755      1772     
24       1237     1219     1741     231      258      887      693      307      1376     259      400      1593     1722     1831     1099     148      625      2011     282      1691     377      601      1649     969      0        1551     805      709      1694     1048     1634     1741     1748     1941     761      542      878      399      741      1629     1939     
25       336      1435     552      1542     1313     2013     1742     1353     1551     1331     1363     86       296      1893     1509     1615     1034     499      1737     1708     1261     1819     102      1593     1551     0        750      1490     393      504      334      569      492      1947     2080     1019     2205     1242     824      1535     474      
26       431      1025     977      795      584      1332     1058     608      1186     608      634      788      920      1632     1019     865      426      1206     988      1450     518      1104     851      1026     805      750      0        843      905      260      840      981      971      1719     1358     269      1485     501      187      1315     1138     
27       1157     538      1439     485      768      527      269      453      681      800      344      1494     1540     1125     397      606      1016     1836     598      995      463      407      1592     262      709      1490     843      0        1460     1084     1421     1432     1475     1236     656      664      765      460      937      957      1735     
28       499      1264     163      1633     1488     1984     1727     1445     1347     1513     1424     308      135      1620     1374     1728     1281     383      1831     1444     1353     1837     409      1497     1694     393      905      1460     0        728      71       180      99       1658     2099     1154     2217     1331     1041     1266     275      
29       230      1186     833      1054     809      1586     1310     868      1335     827      894      553      714      1754     1209     1119     554      983      1245     1568     779      1363     601      1243     1048     504      260      1084     728      0        658      841      810      1832     1618     525      1745     762      324      1415     929      
30       429      1250     219      1578     1424     1947     1687     1389     1340     1448     1372     253      128      1632     1353     1671     1211     414      1776     1452     1297     1792     363      1469     1634     334      840      1421     71       658      0        235      166      1674     2055     1092     2174     1275     972      1275     316      
31       614      1173     18       1656     1553     1947     1701     1473     1238     1580     1439     487      311      1476     1299     1760     1381     490      1852     1305     1383     1823     590      1438     1741     569      981      1432     180      841      235      0        92       1506     2083     1209     2196     1361     1135     1127     371      
32       580      1242     74       1675     1550     1995     1744     1489     1314     1576     1462     408      221      1564     1362     1774     1358     407      1872     1391     1398     1860     505      1495     1748     492      971      1475     99       810      166      92       0        1596     2121     1211     2237     1376     1115     1213     290      
33       1736     737      1523     1721     1949     1406     1361     1657     571      1985     1550     1894     1792     112      841      1842     2078     1991     1821     269      1630     1531     2015     989      1941     1947     1719     1236     1658     1832     1674     1506     1596     0        1667     1710     1708     1617     1893     418      1873     
34       1743     1114     2089     606      986      266      391      764      1207     1000     724      2098     2169     1556     946      616      1345     2467     479      1484     846      263      2183     758      761      2080     1358     656      2099     1618     2055     2083     2121     1667     0        1107     127      860      1380     1505     2371     
35       697      979      1208     528      346      1108     839      345      1147     377      390      1056     1180     1612     929      596      374      1470     720      1441     261      861      1120     888      542      1019     269      664      1154     525      1092     1209     1211     1710     1107     0        1235     247      281      1331     1397     
36       1868     1195     2203     731      1108     306      496      892      1276     1122     851      2221     2289     1599     1027     735      1470     2587     596      1539     973      386      2308     840      878      2205     1485     765      2217     1745     2174     2196     2237     1708     127      1235     0        988      1507     1573     2490     
37       911      880      1362     303      332      864      599      113      1046     368      144      1271     1375     1512     792      398      560      1671     501      1355     22       613      1345     710      399      1242     501      460      1331     762      1275     1361     1376     1617     860      247      988      0        526      1272     1589     
38       545      1186     1129     785      493      1390     1120     615      1350     508      670      878      1036     1803     1162     830      248      1308     965      1624     538      1138     919      1146     741      824      187      937      1041     324      972      1135     1115     1893     1380     281      1507     526      0        1494     1252     
39       1317     418      1143     1425     1600     1267     1146     1329     297      1636     1228     1486     1397     358      572      1551     1691     1617     1556     178      1288     1317     1607     755      1629     1535     1315     957      1266     1415     1275     1127     1213     418      1505     1331     1573     1272     1494     0        1498     
40       710      1530     355      1891     1721     2259     2002     1702     1604     1743     1688     395      217      1846     1646     1982     1480     118      2090     1676     1610     2108     425      1772     1939     474      1138     1735     275      929      316      371      290      1873     2371     1397     2490     1589     1252     1498     0        
;



Table delta(i,j)                 Distance
         0        1        2        3        4        5        6        7        8        9        10       11       12       13       14       15       16       17       18       19       20       21       22       23       24       25       26       27       28       29       30       31       32       33       34       35       36       37       38       39       40       
0        0        6300     10080    10620    2460     8700     10140    7380     11220    11820    11910    12660    10500    12990    12060    1080     8880     7770     9240     10530    8460     5970     5910     14910    7920     6990     10530    12930    8370     12570    3960     6510     5760     14400    5460     8370     9720     8700     13050    9480     5160     
1        6300     0        126      318      132      326      338      39       423      308      307      310      392      280      321      195      225      332      116      141      160      17       73       375      142      230      216      308      217      354      228      290      217      354      225      111      115      372      293      107      256      
2        10080    126      0        347      258      393      384      90       484      304      300      285      452      222      319      318      254      414      69       25       176      139      160      331      170      298      194      273      256      358      334      378      302      310      314      114      12       453      243      35       353      
3        10620    318      347      0        346      114      57       311      161      87       94       138      134      217      82       318      95       169      278      372      172      330      247      198      183      121      169      162      100      73       232      175      162      192      175      236      338      188      197      364      202      
4        2460     132      258      346      0        307      343      170      400      368      369      387      373      382      378      81       270      290      239      272      236      120      138      459      217      229      305      392      256      402      161      246      196      441      192      217      247      327      388      237      201      
5        8700     326      393      114      307      0        64       332      97       198      205      248      66       316      195      255      153      56       326      417      222      333      254      312      223      97       250      271      144      186      158      76       114      304      115      279      381      76       300      400      118      
6        10140    338      384      57       343      64       0        336      107      145      152      195      78       273      139      302      130      120      315      409      207      347      265      254      214      115      218      220      128      123      208      136      148      249      156      270      374      133      254      397      173      
7        7380     39       90       311      170      332      336      0        428      290      288      286      396      248      304      228      215      344      79       107      143      54       80       347      128      235      191      281      211      339      251      305      229      327      239      85       78       384      263      76       274      
8        11220    423      484      161      400      97       107      428      0        247      254      298      32       379      239      342      234      115      416      509      309      430      351      348      313      193      325      323      229      214      244      157      210      346      209      370      473      91       359      494      203      
9        11820    308      304      87       368      198      145      290      247      0        7        50       222      135      14       358      98       251      237      327      148      322      245      116      165      172      110      75       115      54       287      248      213      106      229      206      297      274      112      327      266      
10       11910    307      300      94       369      205      152      288      254      7        0        43       229      128      20       361      101      258      234      323      147      322      245      110      164      177      106      68       118      59       291      254      218      99       234      204      293      281      105      324      271      
11       12660    310      285      138      387      248      195      286      298      50       43       0        272      90       59       387      129      299      224      307      153      326      255      75       173      212      95       25       146      94       323      293      251      60       267      201      280      324      65       313      307      
12       10500    392      452      134      373      66       78       396      32       222      229      272      0        352      214      317      203      95       384      477      277      399      319      327      281      161      295      297      198      193      219      133      180      323      181      338      441      82       332      462      178      
13       12990    280      222      217      382      316      273      248      379      135      128      90       352      0        147      401      172      363      173      240      151      297      244      110      168      258      83       67       187      184      357      348      290      90       307      170      220      392      26       254      350      
14       12060    321      319      82       378      195      139      304      239      14       20       59       214      147      0        366      107      249      252      342      161      335      257      117      178      177      125      85       123      39       291      249      218      110      234      220      312      270      123      342      269      
15       1080     195      318      318      81       255      302      228      342      358      361      387      317      401      366      0        260      227      285      335      250      187      171      462      233      196      319      397      243      383      98       185      156      445      146      252      306      260      402      302      139      
16       8880     225      254      95       270      153      130      215      234      98       101      129      203      172      107      260      0        193      185      279      78       238      156      204      87       86       97       144      17       133      195      176      122      189      140      142      245      226      161      270      181      
17       7770     332      414      169      290      56       120      344      115      251      258      299      95       363      249      227      193      0        350      438      252      335      263      366      249      118      291      321      180      242      130      44       114      358      107      303      402      40       349      417      89       
18       9240     116      69       278      239      326      315      79       416      237      234      224      384      173      252      285      185      350      0        94       107      132      115      277      103      233      129      214      187      290      283      317      241      256      255      47       60       389      190      90       297      
19       10530    141      25       372      272      417      409      107      509      327      323      307      477      240      342      335      279      438      94       0        201      152      182      350      195      322      217      293      281      381      356      401      325      330      337      139      36       477      263      36       375      
20       8460     160      176      172      236      222      207      143      309      148      147      153      277      151      161      250      78       252      107      201      0        174      102      224      19       134      69       156      79       196      213      224      154      205      170      64       167      289      153      192      214      
21       5970     17       139      330      120      333      347      54       430      322      322      326      399      297      335      187      238      335      132      152      174      0        83       391      157      237      232      324      229      368      227      293      222      371      228      128      128      376      310      117      257      
22       5910     73       160      247      138      254      265      80       351      245      245      255      319      244      257      171      156      263      115      182      102      83       0        325      82       157      168      257      147      288      174      224      149      306      158      81       147      304      251      155      194      
23       14910    375      331      198      459      312      254      347      348      116      110      75       327      110      117      462      204      366      277      350      224      391      325      0        243      286      158      67       222      134      399      364      325      20       342      263      328      387      87       362      381      
24       7920     142      170      183      217      223      214      128      313      165      164      173      281      168      178      233      87       249      103      195      19       157      82       243      0        131      88       175      86       212      201      219      146      224      161      56       160      287      172      183      205      
25       6990     230      298      121      229      97       115      235      193      172      177      212      161      258      177      196      86       118      233      322      134      237      157      286      131      0        180      229      70       188      114      91       41       272      57       186      286      156      248      304      95       
26       10530    216      194      169      305      250      218      191      325      110      106      95       295      83       125      319      97       291      129      217      69       232      168      158      88       180      0        91       111      164      275      271      209      138      226      106      187      324      83       219      270      
27       12930    308      273      162      392      271      220      281      323      75       68       25       297      67       85       397      144      321      214      293      156      324      257      67       175      229      91       0        161      119      338      313      266      48       284      197      269      347      41       302      324      
28       8370     217      256      100      256      144      128      211      229      115      118      146      198      187      123      243      17       180      187      281      79       229      147      222      86       70       111      161      0        146      177      161      105      207      122      142      245      215      178      269      164      
29       12570    354      358      73       402      186      123      339      214      54       59       94       193      184      39       383      133      242      290      381      196      368      288      134      212      188      164      119      146      0        302      249      230      132      244      257      350      257      159      380      275      
30       3960     228      334      232      161      158      208      251      244      287      291      323      219      357      291      98       195      130      283      356      213      227      174      399      201      114      275      338      177      302      0        87       73       384      58       240      322      165      352      328      41       
31       6510     290      378      175      246      76       136      305      157      248      254      293      133      348      249      185      176      44       317      401      224      293      224      364      219      91       271      313      161      249      87       0        76       354      65       270      366      83       336      379      46       
32       5760     217      302      162      196      114      148      229      210      213      218      251      180      290      218      156      122      114      241      325      154      222      149      325      146      41       209      266      105      230      73       76       0        311      17       195      289      155      282      303      61       
33       14400    354      310      192      441      304      249      327      346      106      99       60       323      90       110      445      189      358      256      330      205      371      306      20       224      272      138      48       207      132      384      354      311      0        328      243      307      380      67       341      368      
34       5460     225      314      175      192      115      156      239      209      229      234      267      181      307      234      146      140      107      255      337      170      228      158      342      161      57       226      284      122      244      58       65       17       328      0        209      302      147      300      314      44       
35       8370     111      114      236      217      279      270      85       370      206      204      201      338      170      220      252      142      303      47       139      64       128      81       263      56       186      106      197      142      257      240      270      195      243      209      0        103      342      181      127      251      
36       9720     115      12       338      247      381      374      78       473      297      293      280      441      220      312      306      245      402      60       36       167      128      147      328      160      286      187      269      245      350      322      366      289      307      302      103      0        441      241      33       340      
37       8700     372      453      188      327      76       133      384      91       274      281      324      82       392      270      260      226      40       389      477      289      376      304      387      287      156      324      347      215      257      165      83       155      380      147      342      441      0        376      457      126      
38       13050    293      243      197      388      300      254      263      359      112      105      65       332      26       123      402      161      349      190      263      153      310      251      87       172      248      83       41       178      159      352      336      282      67       300      181      241      376      0        274      342      
39       9480     107      35       364      237      400      397      76       494      327      324      313      462      254      342      302      270      417      90       36       192      117      155      362      183      304      219      302      269      380      328      379      303      341      314      127      33       457      274      0        350      
40       5160     256      353      202      201      118      173      274      203      266      271      307      178      350      269      139      181      89       297      375      214      257      194      381      205      95       270      324      164      275      41       46       61       368      44       251      340      126      342      350      0        
;

