
sets
i        orders          /0*40/
k        routes          /1*40/
p        positions       /0*40/
;

alias(i,j)
alias(i,h)
alias(i,hh)
alias(i,jj)
alias(k,kk)
                
                    Parameters

rho(i)	Processing time
/
0	0
1	81
2	94
3	55
4	98
5	4
6	45
7	43
8	83
9	72
10	3
11	71
12	28
13	70
14	77
15	49
16	4
17	24
18	87
19	66
20	83
21	60
22	75
23	86
24	16
25	42
26	50
27	26
28	69
29	80
30	59
31	47
32	69
33	9
34	59
35	87
36	76
37	6
38	11
39	96
40	9
/

gamma(i)	Duedate
/
0	0
1	92
2	43
3	34
4	39
5	96
6	89
7	82
8	88
9	20
10	21
11	4
12	99
13	73
14	37
15	12
16	89
17	75
18	90
19	29
20	9
21	37
22	73
23	97
24	82
25	25
26	51
27	52
28	53
29	21
30	58
31	87
32	80
33	72
34	57
35	23
36	13
37	79
38	67
39	90
40	74
/

sigma(i)	Size
/
0	0
1	6
2	5
3	7
4	6
5	5
6	5
7	6
8	6
9	2
10	5
11	2
12	6
13	2
14	1
15	7
16	5
17	4
18	1
19	4
20	8
21	2
22	8
23	2
24	5
25	9
26	2
27	4
28	7
29	4
30	7
31	5
32	1
33	2
34	4
35	3
36	1
37	9
38	8
39	8
40	3
/

epsilon(i)	Priority
/
0	0
1	8
2	4
3	9
4	9
5	5
6	6
7	3
8	9
9	6
10	5
11	1
12	9
13	5
14	2
15	6
16	2
17	7
18	6
19	4
20	4
21	9
22	2
23	4
24	6
25	7
26	9
27	5
28	6
29	3
30	6
31	5
32	7
33	1
34	5
35	2
36	8
37	7
38	6
39	5
40	7
/

psi	Vehicle Capacity
/ 24 /
;

Table kappa(i,j)                 Setup
         0        1        2        3        4        5        6        7        8        9        10       11       12       13       14       15       16       17       18       19       20       21       22       23       24       25       26       27       28       29       30       31       32       33       34       35       36       37       38       39       40       
0        0        140      219      219      276      99       226      272      129      116      229      175      26       84       130      87       154      180      223      34       304      188      75       260      107      151      317      116      94       231      250      239      99       160      276      38       301      96       141      258      121      
1        140      0        347      155      233      195      151      299      269      245      354      199      162      205      94       117      272      187      237      131      397      145      137      375      40       292      256      207      60       364      270      213      222      166      386      122      399      58       109      339      258      
2        219      347      0        345      356      260      361      257      150      104      18       232      211      223      288      240      79       255      256      248      146      310      215      66       322      115      405      153      312      28       257      315      125      252      88       226      132      314      287      150      101      
3        219      155      345      0        78       310      18       182      334      264      343      117      245      303      89       134      266      94       125      234      332      35       155      344      181      340      103      193      197      369      154      71       239      92       346      180      341      195      77       269      289      
4        276      233      356      78       0        373      88       138      376      294      350      126      301      360      156      188      284      107      102      297      310      93       204      340      256      376      48       219      271      383      117      41       271      120      338      237      322      269      140      249      322      
5        99       195      260      310      373      0        315      369      119      173      276      274      78       37       221      184      218      279      322      76       375      282      174      316      155      155      411      206      135      261      348      338      170      259      336      136      369      137      234      339      161      
6        226      151      361      18       88       315      0        199      345      278      359      135      253      310      95       144      282      112      143      239      350      50       167      361      180      353      105      208      197      385      171      87       253      108      364      189      359      195      86       287      302      
7        272      299      257      182      138      369      199      0        328      233      246      103      290      344      205      202      204      112      62       303      177      165      201      223      305      315      178      168      312      286      29       113      218      133      216      241      191      311      189      122      261      
8        129      269      150      334      376      119      345      328      0        96       167      255      106      84       251      200      134      270      298      141      283      299      178      212      233      36       422      164      216      145      315      336      111      256      233      160      273      219      258      262      70       
9        116      245      104      264      294      173      278      233      96       0        113      168      111      138      195      143      44       187      207      146      202      229      118      147      218      84       341      75       208      119      221      252      25       176      164      123      195      209      196      170      28       
10       229      354      18       343      350      276      359      246      167      113      0        229      223      238      291      244      83       252      249      259      128      309      220      47       330      133      399      155      321      42       248      310      132      251      69       233      114      323      288      136      115      
11       175      199      232      117      126      274      135      103      255      168      229      0        196      253      105      98       158      23       48       204      217      87       100      226      201      251      174      93       208      259      77       84       146      34       228      140      224      207      92       154      196      
12       26       162      211      245      301      78       253      290      106      111      223      196      0        59       157      112      153      203      244      37       307      214      98       258      126      131      342      128      110      220      269      264      100      183      275      64       303      113      168      266      110      
13       84       205      223      303      360      37       310      344      84       138      238      253      59       0        214      171      183      261      300      75       340      272      156      280      166      119      401      178      146      224      325      323      137      242      299      123      333      149      226      306      125      
14       130      94       288      89       156      221      95       205      251      195      291      105      157      214      0        52       209      93       143      145      313      63       77       303      104      263      190      136      116      310      176      127      169      72       311      93       317      115      16       252      216      
15       87       117      240      134      188      184      144      202      200      143      244      98       112      171      52       0        161      97       145      110      279      101      25       260      108      211      229      91       111      259      176      153      118      76       270      49       281      111      57       223      164      
16       154      272      79       266      284      218      282      204      134      44       83       158      153      183      209      161      0        179      188      186      157      231      137      106      249      113      332      74       242      103      196      242      54       174      122      152      150      243      207      127      65       
17       180      187      255      94       107      279      112      112      270      187      252      23       203      261      93       97       179      0        50       207      239      64       105      250      194      269      154      111      203      281      83       66       163      22       252      144      247      201      77       176      214      
18       223      237      256      125      102      322      143      62       298      207      249      48       244      300      143      145      188      50       0        252      211      104      148      238      244      291      150      133      253      284      33       65       187      72       235      188      222      252      127      149      235      
19       34       131      248      234      297      76       239      303      141      146      259      204      37       75       145      110      186      207      252      0        338      206      103      292      93       168      335      150      75       257      280      262      132      186      308      63       334      78       158      292      147      
20       304      397      146      332      310      375      350      177      283      202      128      217      307      340      313      279      157      239      211      338      0        304      262      82       384      253      354      193      382      169      193      277      207      249      62       292      17       383      303      63       218      
21       188      145      310      35       93       282      50       165      299      229      309      87       214      272      63       101      231      64       104      206      304      0        121      311      164      305      129      158      178      334      136      68       204      58       314      149      311      176      48       241      254      
22       75       137      215      155      204      174      167      201      178      118      220      100      98       156      77       25       137      105      148      103      262      121      0        238      122      186      247      70       121      234      177      166      93       85       249      40       263      121      81       208      139      
23       260      375      66       344      340      316      361      223      212      147      47       226      258      280      303      260      106      250      238      292      82       311      238      0        355      179      388      169      348      87       230      302      161      253      21       258      67       350      298      104      154      
24       107      40       322      181      256      155      180      305      233      218      330      201      126      166      104      108      249      194      244      93       384      164      122      355      0        257      284      191      20       336      277      231      197      172      368      96       385      17       121      330      228      
25       151      292      115      340      376      155      353      315      36       84       133      251      131      119      263      211      113      269      291      168      253      305      186      179      257      0        423      158      242      109      304      335      105      257      201      175      242      244      268      238      55       
26       317      256      405      103      48       411      105      178      422      341      399      174      342      401      190      229      332      154      150      335      354      129      247      388      284      423      0        266      301      432      161      90       318      166      385      278      367      299      176      295      369      
27       116      207      153      193      219      206      208      168      164      75       155      93       128      178      136      91       74       111      133      150      193      158      70       169      191      158      266      0        188      176      151      177      53       103      179      98       193      189      133      142      103      
28       94       60       312      197      271      135      197      312      216      208      321      208      110      146      116      111      242      203      253      75       382      178      121      348      20       242      301      188      0        325      285      244      189      180      362      90       381      2        133      329      216      
29       231      364      28       369      383      261      385      286      145      119      42       259      220      224      310      259      103      281      284      257      169      334      234      87       336      109      432      176      325      0        285      342      142      277      108      242      154      326      309      178      109      
30       250      270      257      154      117      348      171      29       315      221      248      77       269      325      176      176      196      83       33       280      193      136      177      230      277      304      161      151      285      285      0        88       203      105      225      217      205      284      161      133      249      
31       239      213      315      71       41       338      87       113      336      252      310      84       264      323      127      153      242      66       65       262      277      68       166      302      231      335      90       177      244      342      88       0        229      81       301      201      288      242      111      215      280      
32       99       222      125      239      271      170      253      218      111      25       132      146      100      137      169      118      54       163      187      132      207      204      93       161      197      105      318      53       189      142      203      229      0        152      176      101      202      190      171      169      50       
33       160      166      252      92       120      259      108      133      256      176      251      34       183      242      72       76       174      22       72       186      249      58       85       253      172      257      166      103      180      277      105      81       152      0        257      123      256      179      58       187      203      
34       276      386      88       346      338      336      364      216      233      164      69       228      275      299      311      270      122      252      235      308      62       314      249      21       368      201      385      179      362      108      225      301      176      257      0        272      46       363      304      94       174      
35       38       122      226      180      237      136      189      241      160      123      233      140      64       123      93       49       152      144      188      63       292      149      40       258      96       175      278      98       90       242      217      201      101      123      272      0        291      91       103      241      136      
36       301      399      132      341      322      369      359      191      273      195      114      224      303      333      317      281      150      247      222      334      17       311      263      67       385      242      367      193      381      154      205      288      202      256      46       291      0        382      308      72       209      
37       96       58       314      195      269      137      195      311      219      209      323      207      113      149      115      111      243      201      252      78       383      176      121      350      17       244      299      189      2        326      284      242      190      179      363      91       382      0        131      329      217      
38       141      109      287      77       140      234      86       189      258      196      288      92       168      226      16       57       207      77       127      158      303      48       81       298      121      268      176      133      133      309      161      111      171      58       304      103      308      131      0        242      219      
39       258      339      150      269      249      339      287      122      262      170      136      154      266      306      252      223      127      176      149      292      63       241      208      104      330      238      295      142      329      178      133      215      169      187      94       241      72       329      242      0        192      
40       121      258      101      289      322      161      302      261      70       28       115      196      110      125      216      164      65       214      235      147      218      254      139      154      228      55       369      103      216      109      249      280      50       203      174      136      209      217      219      192      0        
;



Table delta(i,j)                 Distance
         0        1        2        3        4        5        6        7        8        9        10       11       12       13       14       15       16       17       18       19       20       21       22       23       24       25       26       27       28       29       30       31       32       33       34       35       36       37       38       39       40       
0        0        6570     3000     4080     4860     3210     4800     4140     2400     2430     2640     3840     4320     4350     2970     10320    9030     7620     3060     3360     4830     4740     4320     6030     8250     3720     4680     2520     3450     5670     7230     5100     3510     7650     6840     7290     8640     6360     7440     2010     4500     
1        6570     0        312      128      369      324      137      128      191      187      276      306      130      181      218      337      239      215      278      306      377      173      268      400      154      186      363      270      119      345      374      379      101      235      141      438      169      258      418      183      258      
2        3000     312      0        206      135      72       259      238      132      174      126      155      243      238      181      422      394      346      143      42       111      204      129      178      374      167      128      126      197      214      273      136      213      343      327      219      387      289      250      164      144      
3        4080     128      206      0        299      240      175      150      73       159      219      258      157      197      194      397      320      281      229      189      295      52       140      338      255      57       292      214      32       314      358      306      80       294      222      380      271      283      379      145      129      
4        4860     369      135      299      0        66       266      256      236      185      94       78       258      227      165      355      362      316      97       178      37       315      262      43       376      278      7        99       277      106      160      13       269      305      328      85       384      234      117      186      275      
5        3210     324      72       240      66       0        241      225      173      153      74       90       228      209      146      371      359      310      88       114      54       252      196      109      355      215      59       77       222      145      204      69       222      304      307      151      366      240      178      149      209      
6        4800     137      259      175      266      241      0        26       189      87       174      192      19       46       101      222      149      106      169      272      285      226      278      288      116      214      263      169      144      218      239      279      95       118      68       322      128      122      291      95       276      
7        4140     128      238      150      256      225      26       0        163      72       162      185      7        54       94       246      176      132      160      249      272      201      252      282      136      188      252      157      119      219      245      268      70       143      90       317      150      139      291      76       250      
8        2400     191      132      73       236      173      189      163      0        137      168      208      170      193      166      399      339      294      182      116      227      79       89       277      291      44       229      164      71       269      320      242      107      301      250      319      306      273      328      120      87       
9        2430     187      174      159      185      153      87       72       137      0        91       118      75       64       35       265      221      173      91       193      200      199      218      213      203      174      180      85       128      162      201      196      96       174      155      250      215      136      233      16       221      
10       2640     276      126      219      94       74       174      162      168      91       0        40       165      137      74       299      284      236      17       160      111      246      221      124      286      212      89       5        194      102      157      105      178      229      238      163      296      167      160      93       231      
11       3840     306      155      258      78       90       192      185      208      118      40       0        186      150      91       283      284      237      28       193      107      286      260      96       298      252      77       44       231      63       120      91       211      227      251      132      306      157      121      124      270      
12       4320     130      243      157      258      228      19       7        170      75       165      186      0        50       95       239      169      125      162      255      275      208      259      283      131      195      254      159      126      218      243      270      77       136      84       317      144      134      290      80       257      
13       4350     181      238      197      227      209      46       54       193      64       137      150      50       0        63       206      156      108      130      257      248      244      278      246      149      225      223      133      164      172      193      239      119      110      101      277      158      87       244      78       280      
14       2970     218      181      194      165      146      101      94       166      35       74       91       95       63       0        245      214      166      68       206      185      233      242      188      212      206      161      69       163      128      166      177      130      162      163      223      221      112      200      49       247      
15       10320    337      422      397      355      371      222      246      399      265      299      283      239      206      245      0        108      122      283      451      389      447      483      348      200      431      355      297      366      252      218      367      317      104      195      358      190      133      295      281      485      
16       9030     239      394      320      362      359      149      176      339      221      284      284      169      156      214      108      0        48       272      414      391      372      427      369      93       363      361      281      291      276      263      375      241      57       99       389      82       131      337      234      426      
17       7620     215      346      281      316      310      106      132      294      173      236      237      125      108      166      122      48       0        225      366      344      333      382      325      92       321      314      233      251      235      229      329      201      24       74       348      89       91       299      186      382      
18       3060     278      143      229      97       88       169      160      182      91       17       28       162      130      68       283      272      225      0        178      119      258      238      121      279      226      93       19       203      87       140      109      183      216      231      159      288      152      149      96       247      
19       3360     306      42       189      178      114      272      249      116      193      160      193      255      257      206      451      414      366      178      0        153      177      90       220      385      142      171      160      187      254      312      178      212      366      339      261      399      317      292      180      106      
20       4830     377      111      295      37       54       285      272      227      200      111      107      275      248      185      389      391      344      119      153      0        305      241      72       397      268      34       116      277      143      197      29       275      334      349      109      407      265      152      198      255      
21       4740     173      204      52       315      252      226      201      79       199      246      286      208      244      233      447      372      333      258      177      305      0        107      356      307      37       308      241      81       345      394      321      131      345      275      399      323      330      406      184      93       
22       4320     268      129      140      262      196      278      252      89       218      221      260      259      278      242      483      427      382      238      90       241      107      0        305      379      83       255      219      152      323      379      264      194      388      339      346      395      353      371      202      17       
23       6030     400      178      338      43       109      288      282      277      213      124      96       283      246      188      348      369      325      121      220      72       356      305      0        392      320      50       129      315      96       139      43       302      311      346      42       399      238      81       217      318      
24       8250     154      374      255      376      355      116      136      291      203      286      298      131      149      212      200      93       92       279      385      397      307      379      392      0        305      373      281      231      310      314      388      185      116      48       421      16       176      379      211      375      
25       3720     186      167      57       278      215      214      188      44       174      212      252      195      225      206      431      363      321      226      142      268      37       83       320      305      0        272      208      74       313      363      284      122      330      269      363      321      309      372      158      72       
26       4680     363      128      292      7        59       263      252      229      180      89       77       254      223      161      355      361      314      93       171      34       308      255      50       373      272      0        95       271      109      163      16       263      304      325      92       381      233      123      181      268      
27       2520     270      126      214      99       77       169      157      164      85       5        44       159      133      69       297      281      233      19       160      116      241      219      129      281      208      95       0        188      105      159      111      172      226      233      169      291      165      165      87       228      
28       3450     119      197      32       277      222      144      119      71       128      194      231      126      164      163      366      291      251      203      187      277      81       152      315      231      74       271      188      0        285      328      286      49       263      195      356      247      251      352      114      145      
29       5670     345      214      314      106      145      218      219      269      162      102      63       218      172      128      252      276      235      87       254      143      345      323      96       310      313      109      105      285      0        58       117      258      219      266      113      315      145      72       172      333      
30       7230     374      273      358      160      204      239      245      320      201      157      120      243      193      166      218      263      229      140      312      197      394      379      139      314      363      163      159      328      58       0        170      296      209      275      140      316      138      77       214      388      
31       5100     379      136      306      13       69       279      268      242      196      105      91       270      239      177      367      375      329      109      178      29       321      264      43       388      284      16       111      286      117      170      0        279      318      340      83       397      247      122      197      278      
32       3510     101      213      80       269      222      95       70       107      96       178      211      77       119      130      317      241      201      183      212      275      131      194      302      185      122      263      172      49       258      296      279      0        213      147      342      200      206      329      87       190      
33       7650     235      343      294      305      304      118      143      301      174      229      227      136      110      162      104      57       24       216      366      334      345      388      311      116      330      304      226      263      219      209      318      213      0        96       332      113      74       281      188      389      
34       6840     141      327      222      328      307      68       90       250      155      238      251      84       101      163      195      99       74       231      339      349      275      339      346      48       269      325      233      195      266      275      340      147      96       0        375      60       140      337      163      336      
35       7290     438      219      380      85       151      322      317      319      250      163      132      317      277      223      358      389      348      159      261      109      399      346      42       421      363      92       169      356      113      140      83       342      332      375      0        427      258      67       255      360      
36       8640     169      387      271      384      366      128      150      306      215      296      306      144      158      221      190      82       89       288      399      407      323      395      399      16       321      381      291      247      315      316      397      200      113      60       427      0        177      383      223      390      
37       6360     258      289      283      234      240      122      139      273      136      167      157      134      87       112      133      131      91       152      317      265      330      353      238      176      309      233      165      251      145      138      247      206      74       140      258      177      0        207      152      357      
38       7440     418      250      379      117      178      291      291      328      233      160      121      290      244      200      295      337      299      149      292      152      406      371      81       379      372      123      165      352      72       77       122      329      281      337      67       383      207      0        242      383      
39       2010     183      164      145      186      149      95       76       120      16       93       124      80       78       49       281      234      186      96       180      198      184      202      217      211      158      181      87       114      172      214      197      87       188      163      255      223      152      242      0        205      
40       4500     258      144      129      275      209      276      250      87       221      231      270      257      280      247      485      426      382      247      106      255      93       17       318      375      72       268      228      145      333      388      278      190      389      336      360      390      357      383      205      0        
;

