
sets
i        orders          /0*40/
k        routes          /1*40/
p        positions       /0*40/
;

alias(i,j)
alias(i,h)
alias(i,hh)
alias(i,jj)
alias(k,kk)
                
                    Parameters

rho(i)	Processing time
/
0	0
1	32
2	81
3	24
4	52
5	18
6	42
7	57
8	37
9	4
10	3
11	53
12	47
13	36
14	51
15	39
16	82
17	32
18	4
19	31
20	96
21	18
22	40
23	32
24	20
25	19
26	46
27	99
28	47
29	88
30	49
31	20
32	36
33	90
34	40
35	22
36	58
37	5
38	31
39	42
40	62
/

gamma(i)	Duedate
/
0	0
1	23
2	90
3	95
4	50
5	9
6	72
7	92
8	18
9	97
10	13
11	27
12	47
13	17
14	43
15	57
16	49
17	42
18	98
19	50
20	30
21	7
22	85
23	43
24	93
25	76
26	71
27	57
28	67
29	60
30	19
31	16
32	58
33	80
34	84
35	97
36	68
37	21
38	58
39	29
40	30
/

sigma(i)	Size
/
0	0
1	1
2	3
3	1
4	5
5	4
6	1
7	8
8	3
9	9
10	7
11	9
12	1
13	8
14	7
15	7
16	4
17	4
18	4
19	3
20	6
21	4
22	9
23	4
24	8
25	7
26	6
27	6
28	5
29	9
30	1
31	4
32	9
33	8
34	2
35	3
36	9
37	2
38	8
39	7
40	4
/

epsilon(i)	Priority
/
0	0
1	5
2	2
3	7
4	2
5	2
6	5
7	9
8	3
9	9
10	8
11	3
12	4
13	8
14	3
15	2
16	7
17	3
18	7
19	9
20	9
21	5
22	4
23	3
24	3
25	7
26	5
27	8
28	8
29	3
30	3
31	9
32	1
33	1
34	8
35	3
36	5
37	4
38	8
39	8
40	5
/

psi	Vehicle Capacity
/ 32 /
;

Table kappa(i,j)                 Setup
         0        1        2        3        4        5        6        7        8        9        10       11       12       13       14       15       16       17       18       19       20       21       22       23       24       25       26       27       28       29       30       31       32       33       34       35       36       37       38       39       40       
0        0        126      65       41       30       224      131      287      36       201      94       144      287      62       195      117      292      228      111      295      185      33       289      144      249      127      316      310      255      175      243      85       87       174      69       255      370      314      285      91       184      
1        126      0        150      148      96       99       243      169      97       135      219      21       225      168      283      103      291      340      149      261      300      159      255      237      125      156      314      293      222      231      260      179      137      79       175      152      356      265      166      212      188      
2        65       150      0        103      76       235      173      320      92       254      93       171      344      119      248      176      357      264      176      357      218      79       351      198      274      71       381      374      317      238      308      29       152      167      124      297      434      374      316      75       248      
3        41       148      103      0        60       247      96       294      51       192      96       163      272      21       154      105      260      194      81       270      152      30       265      103      263      168      283      281      233      135      208      117      59       207      29       257      338      293      293      102      155      
4        30       96       76       60       0        194      155      258      17       179      123      114      268      81       212      100      286      253      108      281      211      62       276      161      219      124      310      301      241      181      240      102      85       148      89       228      362      297      255      119      176      
5        224      99       235      247      194      0        342      119      196      174      314      86       243      267      377      186      347      438      238      298      400      257      293      334      63       216      368      337      264      318      329      264      231      81       274      136      399      290      114      304      259      
6        131      243      173      96       155      342      0        377      147      258      103      256      321      75       84       178      264      98       130      300      57       99       296      47       353      244      284      296      269      119      207      172      122      303      67       333      342      330      377      124      185      
7        287      169      320      294      258      119      377      0        252      133      381      148      158      309      386      199      289      463      250      224      433      314      220      354      56       320      306      268      201      313      291      349      254      195      315      52       322      204      6        377      235      
8        36       97       92       51       17       196      147      252      0        165      129      113      253      72       199      84       268      245      90       264      204      63       259      149      216      141      292      283      225      164      223      116      67       157      80       219      344      282      250      127      159      
9        201      135      254      192      179      174      258      133      165      0        287      122      91       200      255      86       173      337      127      128      311      219      122      228      138      283      194      164      91       180      161      281      139      207      204      82       227      130      136      290      101      
10       94       219      93       96       123      314      103      381      129      287      0        238      368      94       187      201      344      180      175      363      134      68       358      143      343      159      366      370      327      205      289      79       154      255      93       348      423      388      379      22       247      
11       144      21       171      163      114      86       256      148      113      122      238      0        210      182      291      104      284      352      154      249      314      176      244      247      105      176      307      283      211      235      257      200      145      85       189      131      347      251      145      231      185      
12       287      225      344      272      268      243      321      158      253      91       368      210      0        276      296      170      140      385      196      67       368      301      65       282      191      375      152      112      61       219      161      370      214      291      279      112      164      47       163      373      137      
13       62       168      119      21       81       267      75       309      72       200      94       182      276      0        133      114      252      173      80       269      132      41       264      82       280      187      275      276      233      120      199      130      62       229      7        269      331      294      308      105      152      
14       195      283      248      154      212      377      84       386      199      255      187      291      296      133      0        194      207      90       140      258      89       170      255      51       374      318      222      243      237      77       152      252      146      354      126      337      279      293      387      208      160      
15       117      103      176      105      100      186      178      199      84       86       201      104      170      114      194      0        195      265      54       181      234      133      176      156      180      218      219      204      141      131      158      200      56       183      119      155      267      197      198      204      87       
16       292      291      357      260      286      347      264      289      268      173      344      284      140      252      207      195      0        295      180      75       293      290      76       217      309      409      24       39       87       144      56       376      204      370      251      238      79       110      293      357      109      
17       228      340      264      194      253      438      98       463      245      337      180      352      385      173      90       265      295      0        213      349      46       196      346      109      444      335      310      333      327      166      242      258      211      401      165      417      365      383      464      202      248      
18       111      149      176      81       108      238      130      250      90       127      175      154      196      80       140      54       180      213      0        189      184      112      184      103      234      232      204      199      152      82       132      196      24       226      83       204      258      213      251      184      73       
19       295      261      357      270      281      298      300      224      264      128      363      249      67       269      258      181      75       349      189      0        339      301      5        256      251      399      85       44       40       185      109      380      211      335      270      175      101      36       229      373      117      
20       185      300      218      152      211      400      57       433      204      311      134      314      368      132      89       234      293      46       184      339      0        151      335      85       410      289      310      329      312      153      238      212      178      359      125      388      367      371      433      156      230      
21       33       159      79       30       62       257      99       314      63       219      68       176      301      41       170      133      290      196      112      301      151      0        296      119      279      148      313      312      263      161      238      89       90       208      45       280      369      323      313      72       186      
22       289      255      351      265      276      293      296      220      259      122      358      244      65       264      255      176      76       346      184      5        335      296      0        252      247      393      87       48       34       182      107      374      206      329      265      171      106      38       225      368      112      
23       144      237      198      103      161      334      47       354      149      228      143      247      282      82       51       156      217      109      103      256      85       119      252      0        336      267      236      250      228      72       160      203      103      306      75       307      294      287      354      162      145      
24       249      125      274      263      219      63       353      56       216      138      343      105      191      280      374      180      309      444      234      251      410      279      247      336      0        268      328      294      222      306      300      304      233      139      287      79       352      238      50       337      236      
25       127      156      71       168      124      216      244      320      141      283      159      176      375      187      318      218      409      335      232      399      289      148      393      267      268      0        434      422      358      302      364      80       209      137      193      308      484      410      315      138      299      
26       316      314      381      283      310      368      284      306      292      194      366      307      152      275      222      219      24       310      204      85       310      313      87       236      328      434      0        41       106      164      77       399      228      393      274      255      57       116      310      380      134      
27       310      293      374      281      301      337      296      268      283      164      370      283      112      276      243      204      39       333      199      44       329      312      48       250      294      422      41       0        73       177      91       395      223      369      276      219      63       75       273      382      126      
28       255      222      317      233      241      264      269      201      225      91       327      211      61       233      237      141      87       327      152      40       312      263      34       228      222      358      106      73       0        160      99       340      173      296      234      150      136      61       205      335      84       
29       175      231      238      135      181      318      119      313      164      180      205      235      219      120      77       131      144      166      82       185      153      161      182      72       306      302      164      177      160      0        88       250      98       308      117      263      222      218      315      221      83       
30       243      260      308      208      240      329      207      291      223      161      289      257      161      199      152      158      56       242      132      109      238      238      107      160      300      364      77       91       99       88       0        325      156      340      197      238      135      145      294      303      71       
31       85       179      29       117      102      264      172      349      116      281      79       200      370      130      252      200      376      258      196      380      212      89       374      203      304      80       399      395      340      250      325      0        172      194      133      326      454      398      346      58       269      
32       87       137      152      59       85       231      122      254      67       139      154      145      214      62       146      56       204      211      24       211      178      90       206      103      233      209      228      223      173      98       156      172      0        210      65       211      282      234      254      162      97       
33       174      79       167      207      148      81       303      195      157      207      255      85       291      229      354      183      370      401      226      335      359      208      329      306      139      137      393      369      296      308      340      194      210      0        236      198      433      335      190      241      268      
34       69       175      124      29       89       274      67       315      80       204      93       189      279      7        126      119      251      165      83       270      125      45       265      75       287      193      274      276      234      117      197      133      65       236      0        274      330      295      314      106      153      
35       255      152      297      257      228      136      333      52       219      82       348      131      112      269      337      155      238      417      204      175      388      280      171      307      79       308      255      219      150      263      238      326      211      198      274      0        275      159      56       346      183      
36       370      356      434      338      362      399      342      322      344      227      423      347      164      331      279      267      79       365      258      101      367      369      106      294      352      484      57       63       136      222      135      454      282      433      330      275      0        119      327      437      185      
37       314      265      374      293      297      290      330      204      282      130      388      251      47       294      293      197      110      383      213      36       371      323      38       287      238      410      116      75       61       218      145      398      234      335      295      159      119      0        209      396      145      
38       285      166      316      293      255      114      377      6        250      136      379      145      163      308      387      198      293      464      251      229      433      313      225      354      50       315      310      273      205      315      294      346      254      190      314      56       327      209      0        374      237      
39       91       212      75       102      119      304      124      377      127      290      22       231      373      105      208      204      357      202      184      373      156      72       368      162      337      138      380      382      335      221      303      58       162      241      106      346      437      396      374      0        257      
40       184      188      248      155      176      259      185      235      159      101      247      185      137      152      160      87       109      248      73       117      230      186      112      145      236      299      134      126      84       83       71       269      97       268      153      183      185      145      237      257      0        
;



Table delta(i,j)                 Distance
         0        1        2        3        4        5        6        7        8        9        10       11       12       13       14       15       16       17       18       19       20       21       22       23       24       25       26       27       28       29       30       31       32       33       34       35       36       37       38       39       40       
0        0        5250     2940     9360     5670     4650     8610     6450     7950     7530     6060     4110     8190     5700     4200     7560     7920     3840     3090     5910     7860     330      8280     5640     4770     1740     1710     5040     2850     8790     8580     5700     5700     4170     9270     8970     2280     5370     3060     4740     2820     
1        5250     0        88       335      208      104      441      290      438      257      82       58       384      43       285      422      371      296      263      331      306      166      447      295      245      233      132      6        176      372      290      95       345      308      375      457      223      353      260      332      117      
2        2940     88       0        281      148      67       353      215      353      207      104      81       302      92       230      336      289      210      198      243      242      92       360      212      217      153      79       82       141      298      243      96       256      238      305      369      164      269      173      256      92       
3        9360     335      281      0        133      232      310      115      394      78       267      359      176      301      440      364      165      300      394      217      54       318      384      168      471      320      342      333      401      109      50       245      270      405      85       337      385      358      269      393      369      
4        5670     208      148      133      0        104      298      94       346      62       152      226      198      180      326      320      184      219      283      181      97       193      344      127      345      212      211      205      273      168      98       128      222      305      168      322      265      285      180      304      236      
5        4650     104      67       232      104      0        365      191      385      154      60       130      290      77       293      364      276      243      258      249      201      152      389      205      285      202      146      101      209      270      188      40       275      293      272      385      227      308      202      306      158      
6        8610     441      353      310      298      365      0        216      114      319      426      419      135      436      315      88       144      163      280      118      265      299      94       171      396      238      345      435      367      206      331      404      97       250      235      27       306      152      185      213      382      
7        6450     290      215      115      94       191      216      0        285      103      245      296      104      268      332      255      89       185      286      108      60       223      277      54       373      211      256      286      310      82       119      221      159      292      94       241      281      243      156      279      289      
8        7950     438      353      394      346      385      114      285      0        383      445      403      233      444      241      30       238      143      217      177      343      276      23       231      329      207      319      432      321      301      403      426      126      175      330      97       254      87       183      135      353      
9        7530     257      207      78       62       154      319      103      383      0        189      282      200      223      387      355      186      268      343      209      66       255      378      153      408      270      273      254      335      149      36       167      257      361      138      345      327      332      231      357      297      
10       6060     82       104      267      152      60       426      245      445      189      0        131      347      39       333      424      332      302      302      309      246      196      449      264      310      254      179      82       236      321      219      24       335      342      319      446      267      365      261      358      178      
11       4110     58       81       359      226      130      419      296      403      282      131      0        380      97       230      390      368      265      213      317      322      127      414      290      187      195      84       53       119      379      317      138      322      260      386      433      172      315      234      288      61       
12       8190     384      302      176      198      290      135      104      233      200      347      380      0        367      358      202      14       190      313      85       138      284      218      90       419      247      325      379      368      71       204      323      129      304      100      162      323      225      183      277      361      
13       5700     43       92       301      180      77       436      268      444      223      39       97       367      0        312      426      353      301      286      322      277      182      451      281      281      246      157      45       209      347      254      56       342      328      348      455      248      362      263      348      150      
14       4200     285      230      440      326      293      315      332      241      387      333      230      358      312      0        245      352      168      46       272      387      141      260      290      90       120      155      279      114      398      421      326      238      66       420      314      66       164      179      106      169      
15       7560     422      336      364      320      364      88       255      30       355      424      390      202      426      245      0        207      126      216      147      313      263      25       202      331      196      308      416      316      271      374      405      98       179      300      75       250      82       163      139      343      
16       7920     371      289      165      184      276      144      89       238      186      332      368      14       353      352      207      0        186      307      81       125      274      224      78       411      240      314      366      358      63       191      308      128      300      92       171      315      224      175      275      350      
17       3840     296      210      300      219      243      163      185      143      268      302      265      190      301      168      126      186      0        125      105      245      139      150      134      238      75       185      289      203      237      295      284      72       113      262      171      144      66       41       93       221      
18       3090     263      198      394      283      258      280      286      217      343      302      213      313      286      46       216      307      125      0        228      341      106      235      244      116      74       131      257      108      352      376      293      197      48       374      282      41       134      133      84       154      
19       5910     331      243      217      181      249      118      108      177      209      309      317      85       322      272      147      81       105      228      0        166      208      169      56       335      164      252      325      288      136      227      287      53       218      163      141      239      146      99       194      289      
20       7860     306      242      54       97       201      265      60       343      66       246      322      138      277      387      313      125      245      341      166      0        269      334      114      422      266      296      302      354      82       66       223      218      351      73       292      333      304      215      339      326      
21       330      166      92       318      193      152      299      223      276      255      196      127      284      182      141      263      274      139      106      208      269      0        287      197      153      68       46       159      86       302      291      186      202      145      317      310      76       189      113      166      83       
22       8280     447      360      384      344      389      94       277      23       378      449      414      218      451      260      25       224      150      235      169      334      287      0        225      348      219      331      440      337      288      396      430      122      195      317      74       270      102      188      154      366      
23       5640     295      212      168      127      205      171      54       231      153      264      290      90       281      290      202      78       134      244      56       114      197      225      0        340      172      237      290      283      108      172      241      105      245      130      195      246      189      111      228      272      
24       4770     245      217      471      345      285      396      373      329      408      310      187      419      281      90       331      411      238      116      335      422      153      348      340      0        171      139      240      76       448      443      309      310      153      466      398      96       249      236      194      131      
25       1740     233      153      320      212      202      238      211      207      270      254      195      247      246      120      196      240      75       74       164      266      68       219      172      171      0        112      227      129      280      302      240      145      94       301      247      75       120      64       104      147      
26       1710     132      79       342      211      146      345      256      319      273      179      84       325      157      155      308      314      185      131      252      296      46       331      237      139      112      0        125      63       337      309      174      248      176      351      356      91       232      159      203      37       
27       5040     6        82       333      205      101      435      286      432      254      82       53       379      45       279      416      366      289      257      325      302      159      440      290      240      227      125      0        170      368      288      95       339      301      371      451      217      346      254      326      111      
28       2850     176      141      401      273      209      367      310      321      335      236      119      368      209      114      316      358      203      108      288      354      86       337      283      76       129      63       170      0        388      371      234      274      156      404      374      68       234      189      191      59       
29       8790     372      298      109      168      270      206      82       301      149      321      379      71       347      398      271      63       237      352      136      82       302      288      108      448      280      337      368      388      0        144      297      187      350      29       233      354      283      218      329      371      
30       8580     290      243      50       98       188      331      119      403      36       219      317      204      254      421      374      191      295      376      227      66       291      396      172      443      302      309      288      371      144      0        198      277      393      127      357      362      357      260      386      333      
31       5700     95       96       245      128      40       404      221      426      167      24       138      323      56       326      405      308      284      293      287      223      186      430      241      309      240      174      95       234      297      198      0        314      330      295      425      260      348      243      344      179      
32       5700     345      256      270      222      275      97       159      126      257      335      322      129      342      238      98       128      72       197      53       218      202      122      105      310      145      248      339      274      187      277      314      0        179      215      112      216      96       88       149      285      
33       4170     308      238      405      305      293      250      292      175      361      342      260      304      328      66       179      300      113      48       218      351      145      195      245      153      94       176      301      156      350      393      330      179      0        374      248      89       98       136      40       201      
34       9270     375      305      85       168      272      235      94       330      138      319      386      100      348      420      300      92       262      374      163      73       317      317      130      466      301      351      371      404      29       127      295      215      374      0        262      373      310      241      355      383      
35       8970     457      369      337      322      385      27       241      97       345      446      433      162      455      314      75       171      171      282      141      292      310      74       195      398      247      356      451      374      233      357      425      112      248      262      0        310      149      199      210      393      
36       2280     223      164      385      265      227      306      281      254      327      267      172      323      248      66       250      315      144      41       239      333      76       270      246      96       75       91       217      68       354      362      260      216      89       373      310      0        167      140      123      112      
37       5370     353      269      358      285      308      152      243      87       332      365      315      225      362      164      82       224      66       134      146      304      189      102      189      249      120      232      346      234      283      357      348      96       98       310      149      167      0        108      61       265      
38       3060     260      173      269      180      202      185      156      183      231      261      234      183      263      179      163      175      41       133      99       215      113      188      111      236      64       159      254      189      218      260      243      88       136      241      199      140      108      0        126      197      
39       4740     332      256      393      304      306      213      279      135      357      358      288      277      348      106      139      275      93       84       194      339      166      154      228      194      104      203      326      191      329      386      344      149      40       355      210      123      61       126      0        231      
40       2820     117      92       369      236      158      382      289      353      297      178      61       361      150      169      343      350      221      154      289      326      83       366      272      131      147      37       111      59       371      333      179      285      201      383      393      112      265      197      231      0        
;

