
sets
i        orders          /0*40/
k        routes          /1*40/
p        positions       /0*40/
;

alias(i,j)
alias(i,h)
alias(i,hh)
alias(i,jj)
alias(k,kk)
                
                    Parameters

rho(i)	Processing time
/
0	0
1	95
2	56
3	29
4	37
5	40
6	44
7	84
8	84
9	53
10	61
11	37
12	30
13	85
14	54
15	75
16	17
17	40
18	73
19	27
20	48
21	18
22	20
23	88
24	24
25	32
26	64
27	36
28	98
29	62
30	52
31	89
32	57
33	78
34	3
35	72
36	62
37	98
38	54
39	22
40	54
/

gamma(i)	Duedate
/
0	0
1	85
2	92
3	16
4	80
5	25
6	58
7	98
8	26
9	4
10	6
11	89
12	85
13	74
14	12
15	68
16	72
17	38
18	26
19	89
20	49
21	55
22	90
23	7
24	68
25	90
26	39
27	23
28	82
29	90
30	69
31	37
32	57
33	87
34	89
35	98
36	77
37	21
38	10
39	40
40	33
/

sigma(i)	Size
/
0	0
1	8
2	2
3	6
4	3
5	8
6	7
7	6
8	4
9	6
10	9
11	7
12	5
13	1
14	5
15	2
16	3
17	6
18	6
19	2
20	3
21	4
22	4
23	4
24	6
25	6
26	7
27	1
28	8
29	1
30	9
31	5
32	5
33	1
34	9
35	5
36	2
37	3
38	2
39	4
40	1
/

epsilon(i)	Priority
/
0	0
1	3
2	1
3	3
4	3
5	3
6	5
7	4
8	9
9	3
10	8
11	4
12	5
13	5
14	2
15	9
16	9
17	7
18	5
19	3
20	9
21	2
22	7
23	5
24	9
25	4
26	7
27	9
28	4
29	5
30	1
31	4
32	9
33	1
34	8
35	6
36	3
37	7
38	5
39	2
40	6
/

psi	Vehicle Capacity
/ 27 /
;

Table kappa(i,j)                 Setup
         0        1        2        3        4        5        6        7        8        9        10       11       12       13       14       15       16       17       18       19       20       21       22       23       24       25       26       27       28       29       30       31       32       33       34       35       36       37       38       39       40       
0        0        211      233      132      74       317      276      228      244      347      242      183      393      304      190      314      86       36       319      206      110      376      99       68       260      420      388      270      191      189      159      49       296      323      336      338      220      101      147      13       254      
1        211      0        146      267      239      202      151      181      117      138      188      55       203      171      37       214      127      218      186      22       131      296      282      144      91       209      225      96       271      106      68       193      111      123      217      127      240      211      65       223      72       
2        233      146      0        205      212      84       48       42       262      197      45       187      191      74       114      84       162      216      88       123      220      159      251      193      236      288      162      239      172      239      108      189      248      246      102      201      116      166      158      239      100      
3        132      267      205      0        58       277      254      177      342      381      188      265      395      278      233      265      157      96       290      251      221      302      63       167      344      467      366      352      71       292      198      98       373      390      293      378      128      55       220      125      275      
4        74       239      212      58       0        292      260      195      298      365      208      226      393      287      209      285      116      38       301      227      170      334      43       118      306      446      375      315      123      246      174      49       338      360      310      359      165      48       183      67       262      
5        317      202      84       277      292      0        51       99       318      195      88       252      148      33       179      22       245      299      26       181      299      98       328      276      283      279      94       283      229      306      185      272      285      271      18       205      163      245      232      324      134      
6        276      151      48       254      260      51       0        83       267      164      78       200      144      28       127      64       199      261      43       130      249      146      299      229      234      253      114      235      218      254      135      234      239      229      68       171      157      214      181      284      86       
7        228      181      42       177      195      99       83       0        295      239      13       216      227      103      146      90       170      205      113      158      236      148      229      200      272      330      190      276      135      267      132      180      287      287      116      243      74       147      181      233      142      
8        244      117      262      342      298      318      267      295      0        198      304      82       288      286      149      331      184      266      301      139      134      414      337      181      46       227      328      54       365      54       167      249      78       117      332      181      346      287      126      257      184      
9        347      138      197      381      365      195      164      239      198      0        239      184      95       163      157      216      261      349      169      140      267      289      408      281      152      90       154      145      365      221      191      323      130      98       199      18       313      329      203      359      105      
10       242      188      45       188      208      88       78       13       304      239      0        226      222      95       154      77       183      219      104      166      248      134      242      213      280      329      180      283      142      277      143      194      293      291      105      244      79       160      193      246      145      
11       183      55       187      265      226      252      200      216      82       184      226      0        256      223      74       262      109      198      239      71       85       344      267      115      80       243      281      89       283      53       85       177      113      141      268      170      264      209      45       196      127      
12       393      203      191      395      393      148      144      227      288      95       222      256      0        127      207      169      308      387      123      196      333      224      435      334      242      150      71       237      362      302      235      359      224      193      144      113      301      351      263      403      140      
13       304      171      74       278      287      33       28       103      286      163      95       223      127      0        151      53       227      289      16       152      276      131      325      257      251      249      88       250      238      277      162      262      251      237      45       173      174      240      207      312      102      
14       190      37       114      233      209      179      127      146      149      157      154      74       207      151      0        188      104      192      167      18       129      270      252      127      128      237      217      133      234      127      35       165      148      158      195      150      203      178      57       202      67       
15       314      214      84       265      285      22       64       90       331      216      77       262      169      53       188      0        246      294      48       193      304      82       319      277      298      301      113      299      214      316      191      268      302      290      30       226      147      237      239      320      150      
16       86       127      162      157      116      245      199      170      184      261      183      109      308      227      104      246      0        91       243      120      73       317      158      30       189      337      307      198      188      135      73       68       222      245      264      253      189      103      67       97       168      
17       36       218      216      96       38       299      261      205      266      349      219      198      387      289      192      294      91       0        304      209      135      350      70       84       277      427      375      287      156      213      158      27       311      336      317      342      189      68       157      31       251      
18       319      186      88       290      301      26       43       113      301      169      104      239      123      16       167      48       243      304      0        167      292      121      338      273      264      253      76       263      247      292      178      277      263      247      32       180      182      254      223      327      116      
19       206      22       123      251      227      181      130      158      139      140      166      71       196      152      18       193      120      209      167      0        137      275      271      142      114      218      211      118      252      124      53       183      131      140      197      132      218      197      67       218      58       
20       110      131      220      221      170      299      249      236      134      267      248      85       333      276      129      304      73       135      292      137      0        379      205      54       155      328      346      165      259      79       114      123      192      223      317      255      261      170      71       123      195      
21       376      296      159      302      334      98       146      148      414      289      134      344      224      131      270      82       317      350      121      275      379      0        362      348      381      369      155      381      238      397      268      327      383      369      89       301      174      286      318      379      232      
22       99       282      251      63       43       328      299      229      337      408      242      267      435      325      252      319      158      70       338      271      205      362      0        155      347      489      413      356      134      284      217      90       380      403      346      402      189      85       225      88       305      
23       68       144      193      167      118      276      229      200      181      281      213      115      334      257      127      277      30       84       273      142      54       348      155      0        194      352      336      203      207      128      100      69       228      255      294      272      214      117      79       81       193      
24       260      91       236      344      306      283      234      272      46       152      280      80       242      251      128      298      189      277      264      114      155      381      347      194      0        184      285      10       358      83       154      257      37       73       296      135      331      288      124      274      148      
25       420      209      288      467      446      279      253      330      227      90       329      243      150      249      237      301      337      427      253      218      328      369      489      352      184      0        220      175      454      266      272      402      149      111      281      89       404      413      273      433      193      
26       388      225      162      366      375      94       114      190      328      154      180      281      71       88       217      113      307      375      76       211      346      155      413      336      285      220      0        282      323      331      237      347      274      249      84       170      257      328      275      396      153      
27       270      96       239      352      315      283      235      276      54       145      283      89       237      250      133      299      198      287      263      118      165      381      356      203      10       175      282      0        364      93       160      266      27       64       296      128      336      296      132      284      148      
28       191      271      172      71       123      229      218      135      365      365      142      283      362      238      234      214      188      156      247      252      259      238      134      207      358      454      323      364      0        321      204      147      382      392      244      365      67       92       239      187      261      
29       189      106      239      292      246      306      254      267      54       221      277      53       302      277      127      316      135      213      292      124      79       397      284      128      83       266      331      93       321      0        134      197      120      156      322      206      309      239      86       203      179      
30       159      68       108      198      174      185      135      132      167      191      143      85       235      162      35       191      73       158      178      53       114      268      217      100      154      272      237      160      204      134      0        131      178      192      203      185      179      143      49       170      95       
31       49       193      189      98       49       272      234      180      249      323      194      177      359      262      165      268      68       27       277      183      123      327      90       69       257      402      347      266      147      197      131      0        290      313      291      316      171      54       135      52       223      
32       296      111      248      373      338      285      239      287      78       130      293      113      224      251      148      302      222      311      263      131      192      383      380      228      37       149      274      27       382      120      178      290      0        39       296      112      350      317      155      309      152      
33       323      123      246      390      360      271      229      287      117      98       291      141      193      237      158      290      245      336      247      140      223      369      403      255      73       111      249      64       392      156      192      313      39       0        280      80       354      335      178      337      146      
34       336      217      102      293      310      18       68       116      332      199      105      268      144      45       195      30       264      317      32       197      317      89       346      294      296      281      84       296      244      322      203      291      296      280      0        211      177      262      249      342      148      
35       338      127      201      378      359      205      171      243      181      18       244      170      113      173      150      226      253      342      180      132      255      301      402      272      135      89       170      128      365      206      185      316      112      80       211      0        316      325      192      350      104      
36       220      240      116      128      165      163      157      74       346      313      79       264      301      174      203      147      189      189      182      218      261      174      189      214      331      404      257      336      67       309      179      171      350      354      177      316      0        121      223      220      213      
37       101      211      166      55       48       245      214      147      287      329      160      209      351      240      178      237      103      68       254      197      170      286      85       117      288      413      328      296      92       239      143      54       317      335      262      325      121      0        164      99       224      
38       147      65       158      220      183      232      181      181      126      203      193      45       263      207      57       239      67       157      223      67       71       318      225      79       124      273      275      132      239      86       49       135      155      178      249      192      223      164      0        160      123      
39       13       223      239      125      67       324      284      233      257      359      246      196      403      312      202      320      97       31       327      218      123      379      88       81       274      433      396      284      187      203      170      52       309      337      342      350      220      99       160      0        265      
40       254      72       100      275      262      134      86       142      184      105      145      127      140      102      67       150      168      251      116      58       195      232      305      193      148      193      153      148      261      179      95       223      152      146      148      104      213      224      123      265      0        
;



Table delta(i,j)                 Distance
         0        1        2        3        4        5        6        7        8        9        10       11       12       13       14       15       16       17       18       19       20       21       22       23       24       25       26       27       28       29       30       31       32       33       34       35       36       37       38       39       40       
0        0        5970     1590     5550     11430    10380    9360     4440     6630     8970     7860     8790     8250     7800     11010    11580    6360     6000     3570     5070     2550     8550     3090     720      9570     4710     9720     9540     4590     5910     660      9750     3720     8940     1830     5700     12750    1740     2280     9360     3660     
1        5970     0        157      186      181      208      136      177      201      106      96       101      148      212      177      187      46       14       246      195      252      164      102      198      185      152      151      165      83       23       195      270      94       222      204      29       237      164      269      268      90       
2        1590     157      0        194      338      292      261      102      228      262      233      257      257      210      318      344      179      156      107      183      96       231      56       42       302      159      273      265      132      161      65       276      103      296      51       143      375      12       112      264      98       
3        5550     186      194      0        322      394      320      284      36       228      167      219      136      369      349      323      155      198      298      23       270      345      182      204      171      38       335      351      106      165      163      434      112      120      237      204      408      207      254      427      120      
4        11430    181      338      322      0        208      127      330      319      94       155      102      204      307      81       9        179      181      415      340      429      217      282      379      204      301      130      172      246      186      376      336      268      286      382      194      111      343      450      343      266      
5        10380    208      292      394      208      0        92       223      410      230      273      234      335      137      129      217      247      195      315      401      350      61       250      331      359      358      82       46       288      231      354      137      291      420      314      190      146      289      389      149      284      
6        9360     136      261      320      127      92       0        223      331      137      184      142      246      181      64       137      167      126      314      331      338      89       208      303      268      288      15       48       219      155      314      209      229      332      295      128      115      261      369      216      223      
7        4440     177      102      284      330      223      223      0        316      278      271      275      314      113      287      338      217      167      93       278      128      162      104      127      355      247      231      208      197      192      165      177      177      370      98       149      336      92       170      164      169      
8        6630     201      228      36       319      410      331      316      0        226      164      217      121      395      354      319      164      215      333      57       307      364      212      241      148      69       346      366      127      178      200      459      140      86       273      223      411      241      291      453      148      
9        8970     106      262      228      94       230      137      278      226      0        62       8        118      288      135      96       89       112      352      246      357      212      207      301      131      207      149      184      155      102      292      332      180      204      310      129      188      269      372      335      179      
10       7860     96       233      167      155      273      184      271      164      62       0        53       62       305      194      156      55       108      333      186      330      243      184      268      91       149      197      227      109      79       251      358      137      148      284      125      249      242      338      358      139      
11       8790     101      257      219      102      234      142      275      217      8        53       0        110      288      142      104      82       109      348      237      352      214      203      296      125      198      155      189      148      96       285      335      173      196      305      126      196      264      366      337      172      
12       8250     148      257      136      204      335      246      314      121      118      62       110      0        361      253      203      101      162      363      159      352      304      216      287      44       133      260      289      125      126      260      416      154      86       308      177      306      268      352      415      159      
13       7800     212      210      369      307      137      181      113      395      288      305      288      361      0        242      317      259      198      194      368      237      93       190      239      396      330      182      145      268      235      275      66       256      433      211      183      276      202      282      58       248      
14       11010    177      318      349      81       129      64       287      354      135      194      142      253      242      0        90       195      171      378      364      400      149      263      360      264      321      60       98       256      191      367      261      272      339      355      177      60       320      428      271      267      
15       11580    187      344      323      9        217      137      338      319      96       156      104      203      317      90       0        183      188      423      342      435      226      288      385      201      303      140      181      250      191      381      345      273      284      389      201      117      349      456      353      271      
16       6360     46       179      155      179      247      167      217      164      89       55       82       101      259      195      183      0        60       278      168      276      208      129      216      140      126      182      203      67       25       203      316      91       176      229      75       254      188      287      314      90       
17       6000     14       156      198      181      195      126      167      215      112      108      109      162      198      171      188      60       0        240      207      248      150      100      197      198      164      141      153      94       38       198      255      102      236      201      17       231      161      268      253      97       
18       3570     246      107      298      415      315      314      93       333      352      333      348      363      194      378      423      278      240      0        285      49       255      149      96       407      265      323      302      238      256      142      249      210      403      61       224      429      95       97       233      205      
19       5070     195      183      23       340      401      331      278      57       246      186      237      159      368      364      342      168      207      285      0        254      350      178      190      194      43       346      360      113      175      147      434      113      142      224      211      423      196      235      426      121      
20       2550     252      96       270      429      350      338      128      307      357      330      352      352      237      400      435      276      248      49       254      0        289      149      67       396      241      349      332      227      257      107      295      198      382      47       234      454      88       48       280      194      
21       8550     164      231      345      217      61       89       162      364      212      243      214      304      93       149      226      208      150      255      350      289      0        190      270      333      308      89       52       239      188      293      121      237      384      252      141      185      227      328      127      230      
22       3090     102      56       182      282      250      208      104      212      207      184      203      216      190      263      288      129      100      149      178      149      190      0        98       260      144      221      217      94       108      106      256      72       267      102      88       322      61       168      248      65       
23       720      198      42       204      379      331      303      127      241      301      268      296      287      239      360      385      216      197      96       190      67       270      98       0        331      174      315      306      162      199      46       304      133      315      36       186      418      42       71       291      129      
24       9570     185      302      171      204      359      268      355      148      131      91       125      44       396      264      201      140      198      407      194      396      333      260      331      0        173      280      313      169      165      303      449      198      86       352      214      311      312      395      449      203      
25       4710     152      159      38       301      358      288      247      69       207      149      198      133      330      321      303      126      164      265      43       241      308      144      174      173      0        303      317      70       132      137      395      74       141      205      168      381      172      230      389      82       
26       9720     151      273      335      130      82       15       231      346      149      197      155      260      182      60       140      182      141      323      346      349      89       221      315      280      303      0        41       234      170      327      205      243      346      306      142      105      273      381      213      238      
27       9540     165      265      351      172      46       48       208      366      184      227      189      289      145      98       181      203      153      302      360      332      52       217      306      313      317      41       0        247      187      324      164      251      374      292      149      132      263      368      172      245      
28       4590     83       132      106      246      288      219      197      127      155      109      148      125      268      256      250      67       94       238      113      227      239      94       162      169      70       234      247      0        65       141      331      29       172      182      98       317      143      230      326      33       
29       5910     23       161      165      186      231      155      192      178      102      79       96       126      235      191      191      25       38       256      175      257      188      108      199      165      132      170      187      65       0        191      293      83       199      210      51       251      168      270      291      80       
30       660      195      65       163      376      354      314      165      200      292      251      285      260      275      367      381      203      198      142      147      107      293      106      46       303      137      327      324      141      191      0        340      113      278      83       189      426      73       93       328      112      
31       9750     270      276      434      336      137      209      177      459      332      358      335      416      66       261      345      316      255      249      434      295      121      256      304      449      395      205      164      331      293      340      0        321      492      274      242      283      267      342      17       313      
32       3720     94       103      112      268      291      229      177      140      180      137      173      154      256      272      273      91       102      210      113      198      237      72       133      198      74       243      251      29       83       113      321      0        195      154      102      332      115      201      314      8        
33       8940     222      296      120      286      420      332      370      86       204      148      196      86       433      339      284      176      236      403      142      382      384      267      315      86       141      346      374      172      199      278      492      195      0        344      250      391      308      371      489      202      
34       1830     204      51       237      382      314      295      98       273      310      284      305      308      211      355      389      229      201      61       224      47       252      102      36       352      205      306      292      182      210      83       274      154      344      0        187      410      41       76       260      149      
35       5700     29       143      204      194      190      128      149      223      129      125      126      177      183      177      201      75       17       224      211      234      141      88       186      214      168      142      149      98       51       189      242      102      250      187      0        237      148      256      239      96       
36       12750    237      375      408      111      146      115      336      411      188      249      196      306      276      60       117      254      231      429      423      454      185      322      418      311      381      105      132      317      251      426      283      332      391      410      237      0        376      485      295      328      
37       1740     164      12       207      343      289      261      92       241      269      242      264      268      202      320      349      188      161      95       196      88       227      61       42       312      172      273      263      143      168      73       267      115      308      41       148      376      0        108      255      110      
38       2280     269      112      254      450      389      369      170      291      372      338      366      352      282      428      456      287      268      97       235      48       328      168      71       395      230      381      368      230      270      93       342      201      371      76       256      485      108      0        327      198      
39       9360     268      264      427      343      149      216      164      453      335      358      337      415      58       271      353      314      253      233      426      280      127      248      291      449      389      213      172      326      291      328      17       314      489      260      239      295      255      327      0        306      
40       3660     90       98       120      266      284      223      169      148      179      139      172      159      248      267      271      90       97       205      121      194      230      65       129      203      82       238      245      33       80       112      313      8        202      149      96       328      110      198      306      0        
;

