

sets
i        orders          /0*20/
k        routes          /1*20/
p        positions       /0*20/
;

alias(i,j)
alias(i,h)
alias(i,hh)
alias(i,jj)
alias(k,kk)
                            Parameters

rho(i)	Processing time
/
0	0
1	32
2	77
3	18
4	91
5	2
6	21
7	44
8	60
9	68
10	98
11	24
12	60
13	58
14	41
15	26
16	72
17	23
18	68
19	23
20	65
/

gamma(i)	Duedate
/
0	0
1	3
2	15
3	26
4	83
5	15
6	48
7	63
8	88
9	82
10	86
11	90
12	30
13	68
14	72
15	98
16	19
17	14
18	34
19	69
20	91
/

sigma(i)	Size
/
0	0
1	9
2	2
3	9
4	5
5	6
6	7
7	5
8	2
9	9
10	8
11	3
12	6
13	4
14	4
15	3
16	8
17	2
18	1
19	2
20	7
/

epsilon(i)	Priority
/
0	0
1	4
2	3
3	1
4	8
5	3
6	3
7	7
8	4
9	4
10	7
11	5
12	7
13	8
14	1
15	7
16	6
17	2
18	5
19	5
20	9
/

psi	Vehicle Capacity
/ 64 /
;

Table kappa(i,j)                 Setup
         0        1        2        3        4        5        6        7        8        9        10       11       12       13       14       15       16       17       18       19       20       
0        0        376      514      196      329      235      922      156      149      684      393      382      345      354      607      167      100      536      539      739      705      
1        376      0        155      182      157      202      700      402      229      333      214      135      157      25       350      520      295      244      314      531      328      
2        514      155      0        329      303      301      575      556      374      177      215      157      203      181      237      642      443      133      396      424      219      
3        196      182      329      0        155      132      809      233      47       505      268      224      203      159      468      351      114      378      378      629      510      
4        329      157      303      155      0        264      857      294      190      476      348      277      282      136      507      494      229      401      222      686      425      
5        235      202      301      132      264      0        698      335      144      458      159      152      111      191      373      342      204      301      479      515      512      
6        922      700      575      809      857      698      0        1033     837      465      542      590      606      721      350      965      902      456      969      183      648      
7        156      402      556      233      294      335      1033     0        197      734      491      457      431      377      699      293      131      611      462      851      714      
8        149      229      374      47       190      144      837      197      0        548      294      260      233      206      501      307      70       416      411      655      557      
9        684      333      177      505      476      458      465      734      548      0        332      306      350      358      209      800      618      177      526      357      186      
10       393      214      215      268      348      159      542      491      294      332      0        79       67       223      214      479      360      158      528      361      433      
11       382      135      157      224      277      152      590      457      260      306      79       0        45       146      244      493      330      155      449      414      376      
12       345      157      203      203      282      111      606      431      233      350      67       45       0        162      268      450      301      191      470      426      421      
13       354      25       181      159      136      191      721      377      206      358      223      146      162      0        371      501      271      266      307      551      351      
14       607      350      237      468      507      373      350      699      501      209      214      244      268      371      0        686      570      108      632      186      382      
15       167      520      642      351      494      342      965      293      307      800      479      493      450      501      686      0        268      635      706      786      847      
16       100      295      443      114      229      204      902      131      70       618      360      330      301      271      570      268      0        486      438      720      621      
17       536      244      133      378      401      301      456      611      416      177      158      155      191      266      108      635      486      0        525      294      312      
18       539      314      396      378      222      479      969      462      411      526      528      449      470      307      632      706      438      525      0        819      395      
19       739      531      424      629      686      515      183      851      655      357      361      414      426      551      186      786      720      294      819      0        543      
20       705      328      219      510      425      512      648      714      557      186      433      376      421      351      382      847      621      312      395      543      0        
;



Table delta(i,j)                 Distance
         0        1        2        3        4        5        6        7        8        9        10       11       12       13       14       15       16       17       18       19       20       
0        0        1140     5670     3900     2580     4440     3480     4200     1800     2100     1920     3990     1440     2760     3690     1680     3360     4650     4230     3360     3540     
1        1140     0        171      144      77       119      79       150      78       74       49       102      85       86       87       43       78       134      157      137      134      
2        5670     171      0        136      103      78       134      121      153      126      125      91       202      100      119      213      114      39       146      174      144      
3        3900     144      136      0        84       158      175      17       70       71       106      156      107      75       169      182      155      127      14       43       14       
4        2580     77       103      84       0        84       91       83       55       26       29       77       100      9        86       121      72       73       98       100      80       
5        4440     119      78       158      84       0        59       151      138      110      87       17       178      88       43       154      43       44       172      183      159      
6        3480     79       134      175      91       59       0        174      131      109      74       43       157      100      15       104      22       96       190      187      171      
7        4200     150      121      17       83       151      174      0        81       76       109      150      122      74       166      191      153      117      25       61       31       
8        1800     78       153      70       55       138      131      81       0        29       56       128      49       54       131      113      117      127      81       59       58       
9        2100     74       126      71       26       110      109      76       29       0        35       101      76       26       106      115      92       98       85       78       64       
10       1920     49       125      106      29       87       74       109      56       35       0        75       91       38       74       92       60       90       120      112      100      
11       3990     102      91       156      77       17       43       150      128      101      75       0        166      82       27       137      26       55       170      177      155      
12       1440     85       202      107      100      178      157      122      49       76       91       166      0        102      161      101      148      173      114      77       93       
13       2760     86       100      75       9        88       100      74       54       26       38       82       102      0        94       129      79       72       90       94       73       
14       3690     87       119      169      86       43       15       166      131      106      74       27       161      94       0        116      14       82       184      185      167      
15       1680     43       213      182      121      154      104      191      113      115      92       137      101      129      116      0        111      175      194      168      171      
16       3360     78       114      155      72       43       22       153      117      92       60       26       148      79       14       111      0        75       170      170      152      
17       4650     134      39       127      73       44       96       117      127      98       90       55       173      72       82       175      75       0        140      160      132      
18       4230     157      146      14       98       172      190      25       81       85       120      170      114      90       184      194      170      140      0        43       23       
19       3360     137      174      43       100      183      187      61       59       78       112      177      77       94       185      168      170      160      43       0        31       
20       3540     134      144      14       80       159      171      31       58       64       100      155      93       73       167      171      152      132      23       31       0        
;

