

sets
i        orders          /0*20/
k        routes          /1*20/
p        positions       /0*20/
;

alias(i,j)
alias(i,h)
alias(i,hh)
alias(i,jj)
alias(k,kk)
                            Parameters

rho(i)	Processing time
/
0	0
1	44
2	24
3	89
4	3
5	68
6	38
7	14
8	93
9	75
10	36
11	17
12	56
13	25
14	18
15	43
16	83
17	30
18	73
19	84
20	69
/

gamma(i)	Duedate
/
0	0
1	42
2	77
3	74
4	82
5	48
6	3
7	23
8	28
9	15
10	68
11	66
12	10
13	80
14	35
15	74
16	85
17	17
18	53
19	75
20	16
/

sigma(i)	Size
/
0	0
1	3
2	6
3	2
4	3
5	7
6	4
7	5
8	2
9	1
10	3
11	3
12	4
13	2
14	3
15	1
16	8
17	5
18	1
19	4
20	9
/

epsilon(i)	Priority
/
0	0
1	6
2	4
3	1
4	2
5	7
6	7
7	2
8	3
9	7
10	1
11	7
12	8
13	2
14	3
15	3
16	2
17	3
18	8
19	3
20	8
/

psi	Vehicle Capacity
/ 55 /
;

Table kappa(i,j)                 Setup
         0        1        2        3        4        5        6        7        8        9        10       11       12       13       14       15       16       17       18       19       20       
0        0        1081     1659     876      762      716      1423     1698     1219     416      1358     996      1561     560      1174     1585     1585     950      1643     900      1815     
1        1081     0        1263     921      1609     387      2025     2174     927      1308     2023     1982     1891     1633     1991     2192     1477     378      2106     403      2292     
2        1659     1263     0        791      1583     1216     1496     1445     444      1527     1574     2015     1102     2134     1752     1610     414      1601     1385     970      1530     
3        876      921      791      0        892      647      1123     1253     371      753      1141     1328     975      1345     1185     1285     733      1115     1185     518      1371     
4        762      1609     1583     892      0        1227     704      1014     1240     352      616      438      988      796      415      851      1326     1614     973      1272     1120     
5        716      387      1216     647      1227     0        1688     1869     798      921      1674     1595     1614     1275     1617     1857     1322     468      1802     255      1989     
6        1423     2025     1496     1123     704      1688     0        326      1333     1011     126      885      476      1489     451      170      1113     2137     304      1631     420      
7        1698     2174     1445     1253     1014     1869     326      0        1382     1297     446      1209     343      1808     772      267      1035     2332     68       1772     121      
8        1219     927      444      371      1240     798      1333     1382     0        1125     1380     1679     1055     1712     1486     1478     550      1221     1314     570      1488     
9        416      1308     1527     753      352      921      1011     1297     1125     0        942      674      1195     628      767      1171     1356     1276     1245     1011     1411     
10       1358     2023     1574     1141     616      1674     126      446      1380     942      0        763      592      1388     326      235      1203     2113     429      1636     531      
11       996      1982     2015     1328     438      1595     885      1209     1679     674      763      0        1293     744      437      975      1736     1931     1189     1675     1289     
12       1561     1891     1102     975      988      1614     476      343      1055     1195     592      1293     0        1775     887      535      692      2082     283      1488     437      
13       560      1633     2134     1345     796      1275     1489     1808     1712     628      1388     744      1775     0        1104     1622     1984     1453     1768     1456     1910     
14       1174     1991     1752     1185     415      1617     451      772      1486     767      326      437      887      1104     0        540      1420     2022     755      1630     851      
15       1585     2192     1610     1285     851      1857     170      267      1478     1171     235      975      535      1622     540      0        1213     2307     283      1796     317      
16       1585     1477     414      733      1326     1322     1113     1035     550      1356     1203     1736     692      1984     1420     1213     0        1764     976      1112     1116     
17       950      378      1601     1115     1614     468      2137     2332     1221     1276     2113     1931     2082     1453     2022     2307     1764     0        2266     652      2452     
18       1643     2106     1385     1185     973      1802     304      68       1314     1245     429      1189     283      1768     755      283      976      2266     0        1704     186      
19       900      403      970      518      1272     255      1631     1772     570      1011     1636     1675     1488     1456     1630     1796     1112     652      1704     0        1890     
20       1815     2292     1530     1371     1120     1989     420      121      1488     1411     531      1289     437      1910     851      317      1116     2452     186      1890     0        
;



Table delta(i,j)                 Distance
         0        1        2        3        4        5        6        7        8        9        10       11       12       13       14       15       16       17       18       19       20       
0        0        86       84       62       117      69       59       58       94       78       14       125      83       56       44       15       7        65       74       78       85       
1        86       0        18       24       34       60       35       62       17       39       85       44       29       31       48       72       80       45       46       8        58       
2        84       18       0        27       50       73       26       73       35       21       80       60       11       28       54       70       79       57       60       17       40       
3        62       24       27       0        56       48       20       46       34       36       61       65       33       11       26       47       56       32       38       16       55       
4        117      34       50       56       0        71       70       78       22       71       118      10       60       65       74       102      110      61       56       42       89       
5        69       60       73       48       71       0        66       10       53       84       77       74       80       56       31       57       61       15       15       56       103      
6        59       35       26       20       70       66       0        62       50       21       53       80       24       10       38       46       55       51       58       28       37       
7        58       62       73       46       78       10       62       0        59       82       68       83       80       53       25       48       51       18       22       57       100      
8        94       17       35       34       22       53       50       59       0        56       95       31       46       44       51       79       88       41       38       22       75       
9        78       39       21       36       71       84       21       82       56       0        70       81       10       30       59       66       75       69       74       35       19       
10       14       85       80       61       118      77       53       68       95       70       0        126      76       53       49       20       18       71       80       76       75       
11       125      44       60       65       10       74       80       83       31       81       126      0        71       75       81       110      118      66       60       52       99       
12       83       29       11       33       60       80       24       80       46       10       76       71       0        29       58       70       79       65       69       27       29       
13       56       31       28       11       65       56       10       53       44       30       53       75       29       0        29       42       51       41       48       23       47       
14       44       48       54       26       74       31       38       25       51       59       49       81       58       29       0        30       37       21       31       41       75       
15       15       72       70       47       102      57       46       48       79       66       20       110      70       42       30       0        9        51       60       63       76       
16       7        80       79       56       110      61       55       51       88       75       18       118      79       51       37       9        0        57       66       72       84       
17       65       45       57       32       61       15       51       18       41       69       71       66       65       41       21       51       57       0        9        40       88       
18       74       46       60       38       56       15       58       22       38       74       80       60       69       48       31       60       66       9        0        43       94       
19       78       8        17       16       42       56       28       57       22       35       76       52       27       23       41       63       72       40       43       0        55       
20       85       58       40       55       89       103      37       100      75       19       75       99       29       47       75       76       84       88       94       55       0        
;

