

sets
i        orders          /0*20/
k        routes          /1*20/
p        positions       /0*20/
;

alias(i,j)
alias(i,h)
alias(i,hh)
alias(i,jj)
alias(k,kk)
                            Parameters

rho(i)	Processing time
/
0	0
1	54
2	21
3	59
4	56
5	93
6	35
7	30
8	22
9	64
10	2
11	77
12	36
13	78
14	55
15	11
16	44
17	52
18	1
19	80
20	87
/

gamma(i)	Duedate
/
0	0
1	43
2	93
3	20
4	4
5	46
6	24
7	38
8	65
9	48
10	60
11	23
12	1
13	65
14	40
15	13
16	74
17	16
18	13
19	58
20	15
/

sigma(i)	Size
/
0	0
1	8
2	8
3	2
4	1
5	5
6	1
7	1
8	2
9	4
10	2
11	9
12	1
13	1
14	7
15	8
16	2
17	2
18	7
19	2
20	7
/

epsilon(i)	Priority
/
0	0
1	8
2	2
3	1
4	3
5	3
6	3
7	6
8	3
9	4
10	2
11	8
12	6
13	1
14	4
15	2
16	3
17	7
18	4
19	5
20	6
/

psi	Vehicle Capacity
/ 118 /
;

Table kappa(i,j)                 Setup
         0        1        2        3        4        5        6        7        8        9        10       11       12       13       14       15       16       17       18       19       20       
0        0        2152     1842     811      1705     893      1969     535      888      915      1289     378      2367     1316     1777     2305     1455     449      1073     260      1103     
1        2152     0        1297     1734     1354     1823     394      1750     1264     1716     867      2065     437      853      1048     502      705      1774     1380     1995     1482     
2        1842     1297     0        1961     2183     2098     1512     1764     1267     2014     1179     1546     1114     1250     257      990      1015     1710     775      1846     742      
3        811      1734     1961     0        917      139      1438     312      694      105      938      1056     2068     914      1795     2046     1160     418      1252     551      1357     
4        1705     1354     2183     917      0        896      961      1170     1141     826      1013     1872     1782     938      1947     1818     1169     1264     1708     1450     1840     
5        893      1823     2098     139      896      0        1509     433      831      106      1053     1167     2171     1023     1929     2154     1276     537      1392     636      1496     
6        1969     394      1512     1438     961      1509     0        1509     1098     1403     708      1949     829      661      1255     882      645      1552     1385     1778     1506     
7        535      1750     1764     312      1170     433      1509     0        546      415      894      745      2033     897      1628     1993     1100     106      1015     289      1105     
8        888      1264     1267     694      1141     831      1098     546      0        748      401      856      1504     437      1103     1456     574      535      600      743      724      
9        915      1716     2014     105      826      106      1403     415      748      0        951      1160     2065     919      1839     2049     1174     521      1322     655      1432     
10       1289     867      1179     938      1013     1053     708      894      401      951      0        1241     1142     78       958      1111     222      909      749      1128     881      
11       378      2065     1546     1056     1872     1167     1949     745      856      1160     1241     0        2215     1289     1520     2137     1360     639      813      560      807      
12       2367     437      1114     2068     1782     2171     829      2033     1504     2065     1142     2215     0        1154     907      125      933      2037     1444     2247     1516     
13       1316     853      1250     914      938      1023     661      897      437      919      78       1289     1154     0        1025     1131     266      921      825      1143     957      
14       1777     1048     257      1795     1947     1929     1255     1628     1103     1839     958      1520     907      1025     0        789      778      1587     710      1745     722      
15       2305     502      990      2046     1818     2154     882      1993     1456     2049     1111     2137     125      1131     789      0        894      1991     1353     2196     1419     
16       1455     705      1015     1160     1169     1276     645      1100     574      1174     222      1360     933      266      778      894      0        1104     739      1317     862      
17       449      1774     1710     418      1264     537      1552     106      535      521      909      639      2037     921      1587     1991     1104     0        949      225      1031     
18       1073     1380     775      1252     1708     1392     1385     1015     600      1322     749      813      1444     825      710      1353     739      949      0        1071     133      
19       260      1995     1846     551      1450     636      1778     289      743      655      1128     560      2247     1143     1745     2196     1317     225      1071     0        1132     
20       1103     1482     742      1357     1840     1496     1506     1105     724      1432     881      807      1516     957      722      1419     862      1031     133      1132     0        
;



Table delta(i,j)                 Distance
         0        1        2        3        4        5        6        7        8        9        10       11       12       13       14       15       16       17       18       19       20       
0        0        28       87       36       93       82       85       56       61       45       33       7        52       44       58       59       76       61       85       25       87       
1        28       0        59       20       78       55       61       45       33       37       6        24       33       35       42       49       48       52       58       27       59       
2        87       59       0        59       69       17       43       73       26       68       54       82       56       67       54       68       12       81       32       76       2        
3        36       20       59       0        59       50       74       65       39       17       25       29       52       14       23       28       51       73       69       17       58       
4        93       78       69       59       0        52       108      118      73       48       80       86       101      50       36       36       71       127      98       69       67       
5        82       55       17       50       52       0        58       80       30       55       53       76       62       55       39       54       21       89       47       67       15       
6        85       61       43       74       108      58       0        44       37       90       54       84       34       88       82       96       37       49       11       87       45       
7        56       45       73       65       118      80       44       0        50       82       40       59       17       80       84       93       62       8        50       70       74       
8        61       33       26       39       73       30       37       50       0        53       28       58       32       51       45       59       14       59       30       55       27       
9        45       37       68       17       48       55       90       82       53       0        42       38       69       2        17       13       62       90       84       20       67       
10       33       6        54       25       80       53       54       40       28       42       0        30       27       39       44       53       43       48       52       33       55       
11       7        24       82       29       86       76       84       59       58       38       30       0        52       36       51       51       72       64       83       17       82       
12       52       33       56       52       101      62       34       17       32       69       27       52       0        67       68       79       44       26       38       60       57       
13       44       35       67       14       50       55       88       80       51       2        39       36       67       0        18       15       60       88       82       19       66       
14       58       42       54       23       36       39       82       84       45       17       44       51       68       18       0        14       50       92       75       36       52       
15       59       49       68       28       36       54       96       93       59       13       53       51       79       15       14       0        64       101      89       34       67       
16       76       48       12       51       71       21       37       62       14       62       43       72       44       60       50       64       0        70       26       67       13       
17       61       52       81       73       127      89       49       8        59       90       48       64       26       88       92       101      70       0        57       76       82       
18       85       58       32       69       98       47       11       50       30       84       52       83       38       82       75       89       26       57       0        83       34       
19       25       27       76       17       69       67       87       70       55       20       33       17       60       19       36       34       67       76       83       0        75       
20       87       59       2        58       67       15       45       74       27       67       55       82       57       66       52       67       13       82       34       75       0        
;

