

sets
i        orders          /0*40/
k        routes          /1*40/
p        positions       /0*40/
;

alias(i,j)
alias(i,h)
alias(i,hh)
alias(i,jj)
alias(k,kk)
                            Parameters

rho(i)	Processing time
/
0	0
1	54
2	81
3	16
4	38
5	56
6	37
7	40
8	60
9	56
10	13
11	99
12	33
13	78
14	59
15	80
16	60
17	78
18	45
19	90
20	28
21	63
22	66
23	50
24	36
25	12
26	70
27	17
28	10
29	6
30	68
31	62
32	25
33	72
34	54
35	1
36	16
37	96
38	90
39	66
40	72
/

gamma(i)	Duedate
/
0	0
1	21
2	20
3	13
4	72
5	48
6	87
7	80
8	11
9	67
10	16
11	34
12	8
13	55
14	20
15	58
16	6
17	74
18	80
19	58
20	58
21	9
22	18
23	74
24	93
25	77
26	55
27	98
28	72
29	82
30	30
31	39
32	15
33	28
34	93
35	83
36	80
37	78
38	92
39	37
40	62
/

sigma(i)	Size
/
0	0
1	6
2	9
3	4
4	3
5	9
6	6
7	1
8	4
9	4
10	8
11	4
12	6
13	7
14	9
15	6
16	9
17	9
18	6
19	5
20	3
21	8
22	6
23	2
24	6
25	7
26	3
27	7
28	4
29	8
30	3
31	6
32	9
33	8
34	3
35	1
36	2
37	7
38	3
39	3
40	4
/

epsilon(i)	Priority
/
0	0
1	7
2	4
3	3
4	2
5	7
6	3
7	6
8	8
9	6
10	2
11	6
12	1
13	6
14	9
15	4
16	3
17	9
18	3
19	2
20	3
21	4
22	6
23	7
24	9
25	6
26	9
27	3
28	1
29	9
30	8
31	7
32	5
33	6
34	2
35	1
36	4
37	6
38	7
39	6
40	2
/

psi	Vehicle Capacity
/ 38 /
;

Table kappa(i,j)                 Setup
         0        1        2        3        4        5        6        7        8        9        10       11       12       13       14       15       16       17       18       19       20       21       22       23       24       25       26       27       28       29       30       31       32       33       34       35       36       37       38       39       40       
0        0        1210     1490     414      596      724      433      1368     607      1348     1345     1053     1240     1814     1337     1934     272      552      1151     807      627      1364     1633     825      1921     1025     348      1053     267      1409     1326     1014     1127     916      1412     831      1341     939      871      638      704      
1        1210     0        734      1497     623      737      1628     950      1765     543      1887     267      1294     1259     790      1200     1162     1515     1215     1199     590      276      990      915      1257     1070     1169     1407     1092     858      1394     1534     1185     799      1310     539      238      1039     402      887      873      
2        1490     734      0        1600     963      1337     1915     354      1880     197      1544     967      842      525      219      492      1572     1532     809      1019     1042     487      257      766      530      744      1271     1094     1262     217      911      1274     792      1468     756      1168     939      776      706      894      1470     
3        414      1497     1600     0        879      1125     487      1390     282      1500     1017     1389     1117     1813     1410     1982     676      179      1047     680      959      1594     1684     842      1947     969      340      852      405      1467     1179     748      1032     1325     1312     1206     1665     895      1112     709      1117     
4        596      623      963      879      0        485      1025     948      1143     795      1450     521      1037     1381     861      1443     614      916      941      749      143      769      1155     550      1454     779      565      1010     474      941      1142     1079     909      687      1147     427      786      708      282      404      584      
5        724      737      1337     1125     485      0        1049     1398     1330     1146     1890     483      1522     1811     1286     1830     540      1226     1426     1209     346      990      1563     1034     1859     1264     902      1477     782      1367     1627     1521     1394     215      1629     198      754      1192     644      876      137      
6        433      1628     1915     487      1025     1049     0        1769     439      1779     1497     1449     1569     2210     1753     2347     509      665      1490     1124     1039     1794     2045     1214     2327     1387     685      1327     658      1821     1641     1234     1471     1200     1757     1198     1740     1305     1303     1040     982      
7        1368     950      354      1390     948      1398     1769     0        1661     447      1198     1129     492      446      168      592      1508     1293     471      745      1063     762      301      556      559      446      1090     766      1113     137      557      952      459      1566     405      1262     1181     504      761      731      1518     
8        607      1765     1880     282      1143     1330     439      1661     0        1782     1122     1641     1353     2076     1688     2254     824      378      1292     933      1209     1873     1958     1119     2214     1230     622      1064     676      1743     1403     927      1280     1515     1552     1436     1922     1160     1387     991      1299     
9        1348     543      197      1500     795      1146     1779     447      1782     0        1570     770      890      715      279      686      1409     1452     838      977      861      318      448      699      727      738      1163     1100     1137     330      975      1267     814      1272     846      973      758      749      525      791      1279     
10       1345     1887     1544     1017     1450     1890     1497     1198     1122     1570     0        1924     706      1432     1329     1685     1613     837      736      706      1588     1827     1464     973      1600     839      1024     481      1143     1332     659      371      757      2106     848      1876     2117     852      1510     1051     1941     
11       1053     267      967      1389     521      483      1449     1129     1641     770      1924     0        1399     1481     982      1448     958      1437     1312     1218     432      540      1217     960      1496     1154     1086     1457     988      1058     1504     1557     1279     532      1450     286      290      1105     424      878      616      
12       1240     1294     842      1117     1037     1522     1569     492      1353     890      706      1399     0        774      631      1007     1452     975      96       445      1179     1176     763      488      936      257      900      315      974      627      106      501      128      1723     199      1441     1532     332      977      665      1614     
13       1814     1259     525      1813     1381     1811     2210     446      2076     715      1432     1481     774      0        525      266      1954     1700     804      1144     1487     1012     268      995      169      845      1527     1089     1556     443      782      1276     807      1962     592      1658     1464     918      1166     1176     1936     
14       1337     790      219      1410     861      1286     1753     168      1688     279      1329     982      631      525      0        597      1449     1331     592      806      963      594      298      568      595      526      1090     875      1094     81       708      1055     574      1441     569      1137     1017     562      641      716      1411     
15       1934     1200     492      1982     1443     1830     2347     592      2254     686      1685     1448     1007     266      597      0        2043     1885     1021     1334     1530     931      301      1143     110      1033     1675     1316     1688     525      1029     1504     1019     1958     838      1659     1378     1095     1195     1307     1962     
16       272      1162     1572     676      614      540      509      1508     824      1409     1613     958      1452     1954     1449     2043     0        823      1359     1038     580      1361     1747     998      2044     1218     598      1296     491      1527     1544     1274     1331     700      1610     694      1248     1133     892      805      481      
17       552      1515     1532     179      916      1226     665      1293     378      1452     837      1437     975      1700     1331     1885     823      0        914      556      1017     1581     1592     766      1841     856      351      693      456      1382     1028     575      902      1434     1174     1283     1700     789      1117     667      1235     
18       1151     1215     809      1047     941      1426     1490     471      1292     838      736      1312     96       804      592      1021     1359     914      0        368      1083     1112     759      392      959      162      815      297      885      600      200      485      32       1628     266      1347     1453     236      888      569      1518     
19       807      1199     1019     680      749      1209     1124     745      933      977      706      1218     445      1144     806      1334     1038     556      368      0        890      1179     1046     292      1286     301      461      270      548      846      522      339      352      1422     634      1176     1422     244      810      346      1276     
20       627      590      1042     959      143      346      1039     1063     1209     861      1588     432      1179     1487     963      1530     580      1017     1083     890      0        781      1250     693      1549     921      667      1153     562      1044     1284     1217     1051     544      1283     287      715      850      336      547      455      
21       1364     276      487      1594     769      990      1794     762      1873     318      1827     540      1176     1012     594      931      1361     1581     1112     1179     781      0        744      887      994      988      1255     1346     1200     649      1268     1497     1085     1071     1154     797      453      978      493      918      1127     
22       1633     990      257      1684     1155     1563     2045     301      1958     448      1464     1217     763      268      298      301      1747     1592     759      1046     1250     744      0        843      299      747      1374     1057     1386     224      806      1244     752      1706     625      1403     1196     804      920      1005     1692     
23       825      915      766      842      550      1034     1214     556      1119     699      973      960      488      995      568      1143     998      766      392      292      693      887      843      0        1115     232      533      497      562      624      592      620      360      1238     618      963      1144     157      540      192      1126     
24       1921     1257     530      1947     1454     1859     2327     559      2214     727      1600     1496     936      169      595      110      2044     1841     959      1286     1549     994      299      1115     0        985      1649     1249     1669     517      949      1436     959      1996     758      1695     1446     1053     1218     1288     1989     
25       1025     1070     744      969      779      1264     1387     446      1230     738      839      1154     257      845      526      1033     1218     856      162      301      921      988      747      232      985      0        703      362      758      555      363      532      130      1465     392      1185     1307     85       730      417      1358     
26       348      1169     1271     340      565      902      685      1090     622      1163     1024     1086     900      1527     1090     1675     598      351      815      461      667      1255     1374     533      1649     703      0        705      122      1153     982      676      793      1116     1080     940      1350     620      777      377      931      
27       1053     1407     1094     852      1010     1477     1327     766      1064     1100     481      1457     315      1089     875      1316     1296     693      297      270      1153     1346     1057     497      1249     362      705      0        805      892      342      188      306      1689     511      1436     1639     370      1037     605      1546     
28       267      1092     1262     405      474      782      658      1113     676      1137     1143     988      974      1556     1094     1688     491      456      885      548      562      1200     1386     562      1669     758      122      805      0        1163     1062     791      860      994      1145     827      1260     673      711      381      808      
29       1409     858      217      1467     941      1367     1821     137      1743     330      1332     1058     627      443      81       525      1527     1382     600      846      1044     649      224      624      517      555      1153     892      1163     0        694      1075     586      1522     540      1217     1082     601      722      782      1492     
30       1326     1394     911      1179     1142     1627     1641     557      1403     975      659      1504     106      782      708      1029     1544     1028     200      522      1284     1268     806      592      949      363      982      342      1062     694      0        513      233      1828     191      1547     1632     436      1083     766      1718     
31       1014     1534     1274     748      1079     1521     1234     952      927      1267     371      1557     501      1276     1055     1504     1274     575      485      339      1217     1497     1244     620      1436     532      676      188      791      1075     513      0        493      1737     692      1505     1760     521      1149     682      1576     
32       1127     1185     792      1032     909      1394     1471     459      1280     814      757      1279     128      807      574      1019     1331     902      32       352      1051     1085     752      360      959      130      793      306      860      586      233      493      0        1595     287      1315     1423     205      856      539      1486     
33       916      799      1468     1325     687      215      1200     1566     1515     1272     2106     532      1723     1962     1441     1958     700      1434     1628     1422     544      1071     1706     1238     1996     1465     1116     1689     994      1522     1828     1737     1595     0        1821     304      749      1395     805      1086     218      
34       1412     1310     756      1312     1147     1629     1757     405      1552     846      848      1450     199      592      569      838      1610     1174     266      634      1283     1154     625      618      758      392      1080     511      1145     540      191      692      287      1821     0        1528     1547     477      1041     808      1731     
35       831      539      1168     1206     427      198      1198     1262     1436     973      1876     286      1441     1658     1137     1659     694      1283     1347     1176     287      797      1403     963      1695     1185     940      1436     827      1217     1547     1505     1315     304      1528     0        563      1120     501      831      333      
36       1341     238      939      1665     786      754      1740     1181     1922     758      2117     290      1532     1464     1017     1378     1248     1700     1453     1422     715      453      1196     1144     1446     1307     1350     1639     1260     1082     1632     1760     1423     749      1547     563      0        1272     614      1099     879      
37       939      1039     776      895      708      1192     1305     504      1160     749      852      1105     332      918      562      1095     1133     789      236      244      850      978      804      157      1053     85       620      370      673      601      436      521      205      1395     477      1120     1272     0        681      334      1282     
38       871      402      706      1112     282      644      1303     761      1387     525      1510     424      977      1166     641      1195     892      1117     888      810      336      493      920      540      1218     730      777      1037     711      722      1083     1149     856      805      1041     501      614      681      0        486      771      
39       638      887      894      709      404      876      1040     731      991      791      1051     878      665      1176     716      1307     805      667      569      346      547      918      1005     192      1288     417      377      605      381      782      766      682      539      1086     808      831      1099     334      486      0        956      
40       704      873      1470     1117     584      137      982      1518     1299     1279     1941     616      1614     1936     1411     1962     481      1235     1518     1276     455      1127     1692     1126     1989     1358     931      1546     808      1492     1718     1576     1486     218      1731     333      879      1282     771      956      0        
;



Table delta(i,j)                 Distance
         0        1        2        3        4        5        6        7        8        9        10       11       12       13       14       15       16       17       18       19       20       21       22       23       24       25       26       27       28       29       30       31       32       33       34       35       36       37       38       39       40       
0        0        273      39       264      253      272      189      64       279      281      288      173      77       111      128      131      244      100      117      228      82       224      288      185      285      255      109      245      131      282      216      258      260      261      148      95       43       245      107      223      215      
1        273      0        305      181      130      5        277      326      8        100      207      388      342      328      239      198      198      328      374      392      304      312      103      158      257      281      367      54       277      181      174      83       132      94       357      196      243      86       172      352      85       
2        39       305      0        303      271      304      222      25       311      319      296      183      73       80       128      170      252      68       78       248      56       256      326      224      286      249      70       280      119      294      227      295      278      283      163      133      82       268      143      249      251      
3        264      181      303      0        288      185      143      328      189      89       364      289      299      364      313      132      340      357      381      259      334      162      91       81       402      408      373      128      344      342      308      98       292      260      262      171      220      245      172      210      112      
4        253      130      271      288      0        125      339      284      127      223      78       410      330      261      160      245      71       266      322      438      246      379      227      233      127      156      315      165      195      54       59       199      7        37       379      218      242      44       190      408      175      
5        272      5        304      185      125      0        280      325      7        105      202      390      342      326      236      200      193      326      373      395      302      315      108      160      252      277      365      58       274      176      170      87       127      89       358      197      243      82       172      354      88       
6        189      277      222      143      339      280      0        246      286      217      404      147      189      300      290      95       368      289      292      119      271      41       222      119      424      411      286      225      309      388      334      210      346      325      124      133      151      308      156      74       192      
7        64       326      25       328      284      325      246      0        331      343      304      195      81       65       133      196      259      51       52       263      49       278      350      250      288      248      45       303      117      304      237      319      291      299      178      159      108      285      168      268      275      
8        279      8        311      189      127      7        286      331      0        107      203      396      349      332      241      207      196      332      379      401      309      321      110      166      254      280      372      63       280      177      173      91       128      90       365      204      250      84       179      360      94       
9        281      100      319      89       223      105      217      343      107      0        302      351      335      364      292      167      286      360      395      336      336      243      7        109      347      363      388      60       328      277      257      27       226      190      321      188      241      179      175      289      71       
10       288      207      296      364      78       202      404      304      203      302      0        456      364      265      170      309      44       273      331      494      259      445      306      305      57       104      325      243      195      26       73       278      75       113      428      275      289      122      249      469      252      
11       173      388      183      289      410      390      147      195      396      351      456      0        113      260      301      191      413      246      220      79       239      150      357      243      458      428      217      343      301      447      383      338      417      408      31       196      168      390      224      111      308      
12       77       342      73       299      330      342      189      81       349      335      364      113      0        146      198      170      319      133      111      184      127      214      342      230      357      322      107      308      192      359      293      315      337      337      98       149      98       321      170      196      275      
13       111      328      80       364      261      326      300      65       332      364      265      260      146      0        100      236      222      13       67       327      30       334      371      283      240      194      63       316      70       269      207      337      267      283      242      193      151      271      193      329      293      
14       128      239      128      313      160      236      290      133      241      292      170      301      198      100      0        205      126      106      163      353      89       330      298      234      158      127      157      237      38       172      107      264      166      184      276      160      145      174      146      340      221      
15       131      198      170      132      245      200      95       196      207      167      309      191      170      236      205      0        272      228      248      197      206      136      173      59       330      320      241      152      229      292      238      150      251      233      160      45       88       215      62       163      117      
16       244      198      252      340      71       193      368      259      196      286      44       413      319      222      126      272      0        230      288      453      215      409      291      275      62       85       282      226      152      49       34       260      72       108      385      237      246      111      211      430      229      
17       100      328      68       357      266      326      289      51       332      360      273      246      133      13       106      228      230      0        58       314      24       323      367      276      250      206      52       313      78       277      213      334      272      286      229      186      141      274      187      317      289      
18       117      374      78       381      322      373      292      52       379      395      331      220      111      67       163      248      288      58       0        294      75       321      403      302      307      261      7        354      136      335      270      371      328      340      209      211      160      327      220      307      327      
19       228      392      248      259      438      395      119      263      401      336      494      79       184      327      353      197      453      314      294      0        304      100      341      236      504      480      291      341      360      481      421      329      445      429      85       219      209      411      247      50       307      
20       82       304      56       334      246      302      271      49       309      336      259      239      127      30       89       206      215      24       75       304      0        306      343      253      240      199      68       289      68       261      196      310      253      266      220      163      121      253      164      303      265      
21       224      312      256      162      379      315      41       278      321      243      445      150      214      334      330      136      409      323      321      100      306      0        247      154      465      452      316      258      347      428      375      240      386      364      134      174      189      347      197      49       227      
22       288      103      326      91       227      108      222      350      110      7        306      357      342      371      298      173      291      367      403      341      343      247      0        115      352      369      395      65       334      281      262      34       230      194      327      195      248      183      182      293      78       
23       185      158      224      81       233      160      119      250      166      109      305      243      230      283      234      59       275      276      302      236      253      154      115      0        336      336      295      105      264      285      242      95       239      213      213      91       142      196      90       194      72       
24       285      257      286      402      127      252      424      288      254      347      57       458      357      240      158      330      62       250      307      504      240      465      352      336      0        54       303      287      172      82       94       322      126      164      431      292      294      170      268      484      291      
25       255      281      249      408      156      277      411      248      280      363      104      428      322      194      127      320      85       206      261      480      199      452      369      336      54       0        257      303      131      125      107      336      158      194      403      278      271      195      258      466      301      
26       109      367      70       373      315      365      286      45       372      388      325      217      107      63       157      241      282      52       7        291      68       316      395      295      303      257      0        347      131      329      264      363      321      333      205      204      153      320      212      302      319      
27       245      54       280      128      165      58       225      303      63       60       243      343      308      316      237      152      226      313      354      341      289      258      65       105      287      303      347      0        274      219      197      34       168      133      312      159      210      121      139      299      35       
28       131      277      119      344      195      274      309      117      280      328      195      301      192      70       38       229      152      78       136      360      68       347      334      264      172      131      131      274      0        200      139      300      200      220      279      184      158      211      174      352      257      
29       282      181      294      342      54       176      388      304      177      277      26       447      359      269      172      292      49       277      335      481      261      428      281      285      82       125      329      219      200      0        66       253      50       87       418      262      279      97       234      454      229      
30       216      174      227      308      59       170      334      237      173      257      73       383      293      207      107      238      34       213      270      421      196      375      262      242      94       107      264      197      139      66       0        231      63       92       354      203      215      90       178      397      197      
31       258      83       295      98       199      87       210      319      91       27       278      338      315      337      264      150      260      334      371      329      310      240      34       95       322      336      363      34       300      253      231      0        203      168      308      166      219      155      151      284      44       
32       260      132      278      292      7        127      346      291      128      226      75       417      337      267      166      251      72       272      328      445      253      386      230      239      126      158      321      168      200      50       63       203      0        38       387      225      250      47       197      415      180      
33       261      94       283      260      37       89       325      299      90       190      113      408      337      283      184      233      108      286      340      429      266      364      194      213      164      194      333      133      220      87       92       168      38       0        377      212      244      17       184      396      149      
34       148      357      163      262      379      358      124      178      365      321      428      31       98       242      276      160      385      229      209      85       220      134      327      213      431      403      205      312      279      418      354      308      387      377      0        165      139      359      193      103      277      
35       95       196      133      171      218      197      133      159      204      188      275      196      149      193      160      45       237      186      211      219      163      174      195      91       292      278      204      159      184      262      203      166      225      212      165      0        53       194      28       193      125      
36       43       243      82       220      242      243      151      108      250      241      289      168      98       151      145      88       246      141      160      209      121      189      248      142      294      271      153      210      158      279      215      219      250      244      139      53       0        227      71       195      178      
37       245      86       268      245      44       82       308      285      84       179      122      390      321      271      174      215      111      274      327      411      253      347      183      196      170      195      320      121      211      97       90       155      47       17       359      194      227      0        166      378      133      
38       107      172      143      172      190      172      156      168      179      175      249      224      170      193      146      62       211      187      220      247      164      197      182      90       268      258      212      139      174      234      178      151      197      184      193      28       71       166      0        220      108      
39       223      352      249      210      408      354      74       268      360      289      469      111      196      329      340      163      430      317      307      50       303      49       293      194      484      466      302      299      352      454      397      284      415      396      103      193      195      378      220      0        266      
40       215      85       251      112      175      88       192      275      94       71       252      308      275      293      221      117      229      289      327      307      265      227      78       72       291      301      319      35       257      229      197      44       180      149      277      125      178      133      108      266      0        
;

