

sets
i        orders          /0*20/
k        routes          /1*20/
p        positions       /0*20/
;

alias(i,j)
alias(i,h)
alias(i,hh)
alias(i,jj)
alias(k,kk)
                            Parameters

rho(i)	Processing time
/
0	0
1	45
2	11
3	25
4	19
5	66
6	12
7	6
8	39
9	15
10	40
11	76
12	6
13	70
14	68
15	19
16	51
17	69
18	16
19	86
20	43
/

gamma(i)	Duedate
/
0	0
1	9
2	97
3	50
4	76
5	49
6	40
7	19
8	58
9	27
10	41
11	95
12	22
13	74
14	25
15	3
16	36
17	80
18	25
19	16
20	35
/

sigma(i)	Size
/
0	0
1	3
2	9
3	3
4	8
5	4
6	5
7	2
8	9
9	8
10	7
11	8
12	9
13	8
14	1
15	8
16	6
17	1
18	8
19	5
20	8
/

epsilon(i)	Priority
/
0	0
1	7
2	4
3	6
4	9
5	2
6	1
7	6
8	3
9	3
10	1
11	2
12	1
13	6
14	8
15	1
16	2
17	5
18	4
19	4
20	2
/

psi	Vehicle Capacity
/ 31 /
;

Table kappa(i,j)                 Setup
         0        1        2        3        4        5        6        7        8        9        10       11       12       13       14       15       16       17       18       19       20       
0        0        201      530      505      412      276      268      430      454      188      571      96       543      265      500      137      395      366      446      438      405      
1        201      0        405      312      610      269      417      488      259      387      724      118      430      101      313      207      464      519      639      573      413      
2        530      405      0        486      828      299      559      894      451      702      784      497      751      303      513      417      869      630      959      961      308      
3        505      312      486      0        917      531      726      609      53       676      1031     410      299      318      33       514      604      827      910      771      655      
4        412      610      828      917      0        530      272      649      866      266      310      508      922      648      913      440      611      239      264      501      564      
5        276      269      299      531      530      0        264      697      479      420      527      291      699      214      544      140      665      346      669      712      145      
6        268      417      559      726      272      264      0        661      673      271      309      353      810      422      729      212      623      102      463      596      294      
7        430      488      894      609      649      697      661      0        586      408      918      410      410      590      583      565      38       738      471      214      834      
8        454      259      451      53       866      479      673      586      0        629      977      360      311      265      66       460      577      774      866      738      605      
9        188      387      702      676      266      420      271      408      629      0        510      271      656      453      667      286      370      333      259      324      519      
10       571      724      784      1031     310      527      309      918      977      510      0        660      1115     719      1036     517      880      207      574      799      476      
11       96       118      497      410      508      291      353      410      360      271      660      0        457      204      404      174      381      453      520      465      433      
12       543      430      751      299      922      699      810      410      311      656      1115     457      0        499      266      622      421      909      828      614      841      
13       265      101      303      318      648      214      422      590      265      453      719      204      499      0        329      212      566      520      711      669      348      
14       500      313      513      33       913      544      729      583      66       667      1036     404      266      329      0        518      578      831      896      749      671      
15       137      207      417      514      440      140      212      565      460      286      517      174      622      212      518      0        531      313      542      572      269      
16       395      464      869      604      611      665      623      38       577      370      880      381      421      566      578      531      0        700      440      193      800      
17       366      519      630      827      239      346      102      738      774      333      207      453      909      520      831      313      700      0        475      649      339      
18       446      639      959      910      264      669      463      471      866      259      574      520      828      711      896      542      440      475      0        277      748      
19       438      573      961      771      501      712      596      214      738      324      799      465      614      669      749      572      193      649      277      0        830      
20       405      413      308      655      564      145      294      834      605      519      476      433      841      348      671      269      800      339      748      830      0        
;



Table delta(i,j)                 Distance
         0        1        2        3        4        5        6        7        8        9        10       11       12       13       14       15       16       17       18       19       20       
0        0        189      542      350      298      384      291      347      371      559      307      57       85       70       466      203      425      417      155      117      310      
1        189      0        407      278      237      432      266      320      255      619      251      181      104      227      454      344      422      288      132      306      145      
2        542      407      0        226      267      449      310      292      173      576      268      498      477      531      337      565      343      125      389      640      264      
3        350      278      226      0        51       247      83       80       84       411      44       297      306      321      194      339      174      126      198      431      193      
4        298      237      267      51       0        241      55       88       104      418      15       246      256      271      221      298      193      154      147      381      175      
5        384      432      449      247      241      0        187      167      331      187      229      330      396      319      147      234      116      371      302      397      414      
6        291      266      310      83       55       187      0        57       156      368      46       235      264      252      189      256      155      204      154      359      226      
7        347      320      292      80       88       167      57       0        164      333      73       291      322      305      134      291      104      204      212      409      262      
8        371      255      173      84       104      331      156      164      0        494      110      325      310      358      269      400      254      50       216      467      134      
9        559      619      576      411      418      187      368      333      494      0        404      508      580      490      239      379      241      526      489      550      593      
10       307      251      268      44       15       229      46       73       110      404      0        253      267      277      206      296      178      159      157      386      189      
11       57       181      498      297      246      330      235      291      325      508      253      0        88       45       408      171      368      373      109      144      280      
12       85       104      477      306      256      396      264      322      310      580      267      88       0        131      451      259      414      353      111      202      231      
13       70       227      531      321      271      319      252      305      358      490      277      45       131      0        413      134      372      407      146      109      323      
14       466      454      337      194      221      147      189      134      269      239      206      408      451      413      0        361      41       293      342      508      387      
15       203      344      565      339      298      234      256      291      400      379      296      171      259      134      361      0        321      451      230      171      408      
16       425      422      343      174      193      116      155      104      254      241      178      368      414      372      41       321      0        285      306      467      364      
17       417      288      125      126      154      371      204      204      50       526      159      373      353      407      293      451      285      0        264      516      152      
18       155      132      389      198      147      302      154      212      216      489      157      109      111      146      342      230      306      264      0        253      181      
19       117      306      640      431      381      397      359      409      467      550      386      144      202      109      508      171      467      516      253      0        423      
20       310      145      264      193      175      414      226      262      134      593      189      280      231      323      387      408      364      152      181      423      0        
;

