

sets
i        orders          /0*40/
k        routes          /1*40/
p        positions       /0*40/
;

alias(i,j)
alias(i,h)
alias(i,hh)
alias(i,jj)
alias(k,kk)
                            Parameters

rho(i)	Processing time
/
0	0
1	71
2	52
3	4
4	52
5	60
6	98
7	51
8	59
9	63
10	70
11	44
12	1
13	22
14	26
15	33
16	4
17	15
18	92
19	28
20	90
21	34
22	89
23	1
24	62
25	29
26	39
27	39
28	87
29	20
30	3
31	68
32	6
33	89
34	9
35	16
36	96
37	93
38	41
39	44
40	56
/

gamma(i)	Duedate
/
0	0
1	1
2	26
3	90
4	10
5	31
6	11
7	19
8	48
9	38
10	58
11	18
12	59
13	82
14	99
15	93
16	85
17	88
18	4
19	95
20	58
21	9
22	99
23	51
24	98
25	68
26	95
27	12
28	99
29	78
30	24
31	72
32	27
33	92
34	12
35	68
36	71
37	98
38	43
39	51
40	5
/

sigma(i)	Size
/
0	0
1	7
2	8
3	6
4	3
5	6
6	6
7	2
8	9
9	3
10	3
11	3
12	2
13	4
14	6
15	4
16	9
17	2
18	4
19	1
20	2
21	2
22	7
23	3
24	8
25	2
26	9
27	1
28	1
29	9
30	7
31	7
32	6
33	1
34	2
35	8
36	8
37	1
38	6
39	5
40	4
/

epsilon(i)	Priority
/
0	0
1	3
2	5
3	7
4	5
5	5
6	3
7	3
8	7
9	6
10	4
11	1
12	9
13	2
14	6
15	8
16	8
17	9
18	9
19	7
20	5
21	3
22	1
23	2
24	8
25	3
26	4
27	7
28	3
29	1
30	5
31	8
32	8
33	7
34	4
35	4
36	5
37	6
38	3
39	7
40	4
/

psi	Vehicle Capacity
/ 28 /
;

Table kappa(i,j)                 Setup
         0        1        2        3        4        5        6        7        8        9        10       11       12       13       14       15       16       17       18       19       20       21       22       23       24       25       26       27       28       29       30       31       32       33       34       35       36       37       38       39       40       
0        0        50       299      348      393      350      384      111      64       56       308      104      119      299      462      382      428      266      81       221      277      285      469      382      408      184      285      320      116      378      362      125      293      192      367      95       34       317      230      328      392      
1        50       0        319      376      406      366      379      63       84       52       307      83       82       313      442      394      410      247      32       193      268      244      459      374      408      166      248      323      75       343      340      84       267      189      386      124      76       277      240      302      375      
2        299      319      0        75       103      54       186      328      237      266      131      259      291      43       328      99       293      222      326      264      174      361      272      203      173      221      334      113      307      371      275      307      274      163      68       203      267      369      95       288      268      
3        348      376      75       0        119      83       242      393      292      324      201      324      358      113      388      126      355      297      386      339      248      436      320      263      217      294      410      179      373      444      345      374      349      236      73       254      315      444      168      361      334      
4        393      406      103      119      0        48       142      404      329      354      136      336      364      93       285      17       256      249      408      309      196      395      206      166      106      279      364      110      382      374      265      379      293      228      46       299      362      394      167      295      242      
5        350      366      54       83       48       0        160      370      287      314      128      301      331      56       306      47       273      235      370      288      183      379      237      181      135      252      351      103      348      373      269      346      284      196      22       255      318      383      131      291      254      
6        384      379      186      242      142      160      0        355      321      332      78       297      314      145      146      127      114      153      369      224      113      287      91       24       48       218      255      78       330      241      130      325      180      192      175      307      361      276      169      170      101      
7        111      63       328      393      404      370      355      0        118      81       290      69       41       314      399      390      369      210      32       147      241      183      428      347      390      136      190      310      24       287      297      31       220      177      391      157      128      217      239      254      335      
8        64       84       237      292      329      287      321      118      0        37       245      72       102      236      407      318      372      213      100      180      217      259      408      321      344      134      253      256      109      340      309      115      247      130      305      40       40       288      166      281      336      
9        56       52       266      324      354      314      332      81       37       0        258      49       71       260      406      342      372      209      63       165      223      235      415      329      359      128      233      273      75       324      306      82       237      141      333      77       53       266      187      272      336      
10       308      307      131      201      136      128      78       290      245      258      0        227      248      88       203      119      166      112      300      175      59       258      169      85       101      155      228      26       266      245      144      261      157      117      149      228      284      257      91       163      138      
11       104      83       259      324      336      301      297      69       72       49       227      0        35       245      360      323      327      164      73       116      185      188      376      292      328      83       184      245      49       274      259      51       188      111      322      102      102      217      170      223      292      
12       119      82       291      358      364      331      314      41       102      71       248      35       0        275      363      350      332      171      59       111      200      166      388      306      348      95       167      268      17       261      261      16       185      136      352      136      125      198      200      220      297      
13       299      313      43       113      93       56       145      314      236      260      88       245      275      0        286      82       250      185      315      234      135      327      233      161      137      195      300      70       292      330      233      290      236      140      78       207      269      333      75       247      225      
14       462      442      328      388      285      306      146      399      407      406      203      360      363      286      0        271      37       196      423      252      195      263      98       125      180      277      235      215      376      168      102      368      180      281      321      405      447      237      288      148      71       
15       382      394      99       126      17       47       127      390      318      342      119      323      350      82       271      0        241      232      394      293      179      378      195      150      93       264      348      93       367      357      249      365      276      213      53       289      352      377      154      278      227      
16       428      410      293      355      256      273      114      369      372      372      166      327      332      250      37       241      0        162      392      223      158      245      89       91       153      244      215      180      346      161      73       338      153      244      289      368      412      222      251      123      35       
17       266      247      222      297      249      235      153      210      213      209      112      164      171      185      196      232      162      0        230      70       53       145      218      140      196      81       115      139      186      154      96       179      52       97       258      216      252      147      138      76       127      
18       81       32       326      386      408      370      369      32       100      63       300      73       59       315      423      394      392      230      0        171      256      214      446      363      401      152      220      318      47       316      321      56       245      184      390      141      102      248      241      279      357      
19       221      193      264      339      309      288      224      147      180      165      175      116      111      234      252      293      223      70       171      0        117      99       286      210      265      54       80       200      124      160      150      116      74       107      311      196      216      117      171      108      189      
20       277      268      174      248      196      183      113      241      217      223      59       185      200      135      195      179      158      53       256      117      0        198      192      106      150      105      169      86       217      196      111      211      101      87       205      210      257      200      101      114      124      
21       285      244      361      436      395      379      287      183      259      235      258      188      166      327      263      378      245      145      214      99       198      0        326      268      333      151      32       284      169      112      174      160      106      206      402      284      289      35       268      123      218      
22       469      459      272      320      206      237      91       428      408      415      169      376      388      233      98       195      89       218      446      286      192      326      0        87       102      294      295      170      404      250      151      397      226      277      248      396      448      307      261      202      107      
23       382      374      203      263      166      181      24       347      321      329      85       292      306      161      125      150      91       140      363      210      106      268      87       0        71       210      236      92       322      218      106      316      162      190      198      309      361      256      176      149      77       
24       408      408      173      217      106      135      48       390      344      359      101      328      348      137      180      93       153      196      401      265      150      333      102      71       0        253      301      87       365      289      178      360      227      219      146      324      382      324      182      218      146      
25       184      166      221      294      279      252      218      136      134      128      155      83       95       195      277      264      244      81       152      54       105      151      294      210      253      0        134      177      112      209      177      106      113      58       274      145      173      171      126      146      208      
26       285      248      334      410      364      351      255      190      253      233      228      184      167      300      235      348      215      115      220      80       169      32       295      236      301      134      0        254      173      96       143      164      74       185      373      273      286      37       244      92       187      
27       320      323      113      179      110      103      78       310      256      273      26       245      268      70       215      93       180      139      318      200      86       284      170      92       87       177      254      0        286      270      166      282      184      134      124      236      295      284      95       188      155      
28       116      75       307      373      382      348      330      24       109      75       266      49       17       292      376      367      346      186      47       124      217      169      404      322      365      112      173      286      0        269      274      9        198      154      369      146      127      202      217      232      311      
29       378      343      371      444      374      373      241      287      340      324      245      274      261      330      168      357      161      154      316      160      196      112      250      218      289      209      96       270      269      0        111      260      102      247      394      354      375      79       292      82       147      
30       362      340      275      345      265      269      130      297      309      306      144      259      261      233      102      249      73       96       321      150      111      174      151      106      178      177      143      166      274      111      0        266      79       189      289      311      349      156      212      51       44       
31       125      84       307      374      379      346      325      31       115      82       261      51       16       290      368      365      338      179      56       116      211      160      397      316      360      106      164      282      9        260      266      0        189      151      367      151      135      193      215      224      304      
32       293      267      274      349      293      284      180      220      247      237      157      188      185      236      180      276      153      52       245      74       101      106      226      162      227      113      74       184      198      102      79       189      0        145      306      257      285      100      191      34       121      
33       192      189      163      236      228      196      192      177      130      141      117      111      136      140      281      213      244      97       184      107      87       206      277      190      219      58       185      134      154      247      189      151      145      0        218      124      171      222      68       173      210      
34       367      386      68       73       46       22       175      391      305      333      149      322      352      78       321      53       289      258      390      311      205      402      248      198      146      274      373      124      369      394      289      367      306      218      0        272      335      405      152      313      272      
35       95       124      203      254      299      255      307      157      40       77       228      102      136      207      405      289      368      216      141      196      210      284      396      309      324      145      273      236      146      354      311      151      257      124      272      0        63       310      142      289      334      
36       34       76       267      315      362      318      361      128      40       53       284      102      125      269      447      352      412      252      102      216      257      289      448      361      382      173      286      295      127      375      349      135      285      171      335      63       0        319      202      319      377      
37       317      277      369      444      394      383      276      217      288      266      257      217      198      333      237      377      222      147      248      117      200      35       307      256      324      171      37       284      202      79       156      193      100      222      405      310      319      0        280      107      199      
38       230      240      95       168      167      131      169      239      166      187      91       170      200      75       288      154      251      138      241      171      101      268      261      176      182      126      244      95       217      292      212      215      191      68       152      142      202      280      0        211      220      
39       328      302      288      361      295      291      170      254      281      272      163      223      220      247      148      278      123      76       279      108      114      123      202      149      218      146      92       188      232      82       51       224      34       173      313      289      319      107      211      0        95       
40       392      375      268      334      242      254      101      335      336      336      138      292      297      225      71       227      35       127      357      189      124      218      107      77       146      208      187      155      311      147      44       304      121      210      272      334      377      199      220      95       0        
;



Table delta(i,j)                 Distance
         0        1        2        3        4        5        6        7        8        9        10       11       12       13       14       15       16       17       18       19       20       21       22       23       24       25       26       27       28       29       30       31       32       33       34       35       36       37       38       39       40       
0        0        60       281      372      169      254      337      263      370      222      279      212      173      196      239      182      154      128      179      261      233      181      210      231      399      210      104      265      176      187      101      184      331      314      147      157      214      90       282      332      211      
1        60       0        257      327      172      223      307      275      344      162      276      231      114      208      192      193      95       134      162      274      186      217      158      250      348      190      66       244      138      137      42       226      328      266      163      149      262      135      232      285      150      
2        281      257      0        160      135      45       62       157      90       247      92       178      275      155      130      152      278      167      102      161      128      239      165      182      219      71       191      16       127      337      261      269      122      142      176      129      309      257      153      148      244      
3        372      327      160      0        276      144      117      317      143      225      251      334      282      308      134      301      297      294      225      322      140      388      173      340      63       201      268      171      196      343      309      416      269      62       316      257      459      381      100      43       230      
4        169      172      135      276      0        131      198      105      221      250      110      76       243      46       177      31       236      41       55       105      172      112      183      92       324      74       121      118      116      293      196      140      161      235      41       31       183      124      222      248      241      
5        254      223      45       144      131      0        84       182      122      202      126      190      231      163      85       156      235      153      83       186      83       243      120      199      197      57       157      42       87       294      222      271      164      111      172      115      314      244      114      121      199      
6        337      307      62       117      198      84       0        210      41       267      140      238      306      217      146      215      313      228      161      215      148      301      189      240      180      130      241      79       170      370      305      331      152      125      239      190      371      319      150      122      266      
7        263      275      157      317      105      182      210      0        214      348      70       56       348      67       256      82       341      141      144      5        251      123      273      44       376      141      227      146      208      398      301      150      92       294      116      134      179      193      294      302      340      
8        370      344      90       143      221      122      41       214      0        309      144      250      347      233      188      234      354      256      192      220      190      317      231      250      206      161      278      106      209      411      344      347      141      162      262      219      385      345      191      156      308      
9        222      162      247      225      250      202      267      348      309      0        314      326      64       296      120      281      84       233      204      349      120      341      82       342      221      212      146      242      139      118      124      360      361      166      268      219      401      282      127      183      11       
10       279      276      92       251      110      126      140      70       144      314      0        109      326      100      207      106      324      151      119      75       204      178      234      106      311      101      217      84       176      383      293      208      52       233      141      126      243      227      240      240      308      
11       212      231      178      334      76       190      238      56       250      326      109      0        316      30       250      45       307      99       128      52       244      69       258      18       388      138      192      164      191      361      262      98       145      300      68       107      134      137      293      312      317      
12       173      114      275      282      243      231      306      348      347      64       326      316      0        288      161      272      22       217      208      348      158      319      117      334      283      225      124      266      151      64       72       333      376      221      252      214      371      246      181      239      55       
13       196      208      155      308      46       163      217      67       233      296      100      30       288      0        220      16       279      74       98       65       214      84       228      46       360      109      164      140      161      335      237      114      143      272      48       77       154      130      263      284      287      
14       239      192      130      134      177      85       146      256      188      120      207      250      161      220      0        208      171      181      122      258      6        287      43       262      162      115      135      128      70       225      176      313      249      74       210      150      356      260      47       93       119      
15       182      193      152      301      31       156      215      82       234      281      106      45       272      16       208      0        263      58       85       81       202      87       214      61       352      100      148      136      147      319      220      116      153      263      35       62       158      121      252      276      272      
16       154      95       278      297      236      235      313      341      354      84       324      307      22       279      171      263      0        207      205      341      168      305      128      325      301      224      115      269      152      59       53       318      375      235      241      207      355      229      196      253      75       
17       128      134      167      294      41       153      228      141      256      233      151      99       217      74       181      58       207      0        70       139      175      110      176      118      337      98       93       150      112      262      162      132      202      246      35       38       176      90       228      262      223      
18       179      162      102      225      55       83       161      144      192      204      119      128      208      98       122      85       205      70       0        145      116      167      131      142      270      31       99       86       65       264      174      194      171      180      91       32       238      160      167      195      196      
19       261      274      161      322      105      186      215      5        220      349      75       52       348      65       258      81       341      139      145      0        254      118      275      39       380      143      226      150      210      398      300      145      97       297      113      134      174      190      297      306      341      
20       233      186      128      140      172      83       148      251      190      120      204      244      158      214      6        202      168      175      116      254      0        281      41       257      168      110      129      125      63       222      171      307      247      80       204      144      350      253      53       99       118      
21       181      217      239      388      112      243      301      123      317      341      178      69       319      84       287      87       305      110      167      118      281      0        286      79       437      186      197      223      221      354      254      29       214      347      77       137      71       93       334      361      331      
22       210      158      165      173      183      120      189      273      231      82       234      258      117      228      43       214      128      176      131      275      41       286      0        273      190      134      110      160      66       181      136      309      279      111      209      152      352      244      74       130      78       
23       231      250      182      340      92       199      240      44       250      342      106      18       334      46       262      61       325      118      142      39       257      79       273      0        396      149      210      169      206      380      281      106      135      310      86       123      137      154      304      321      333      
24       399      348      219      63       324      197      180      376      206      221      311      388      283      360      162      352      301      337      270      380      168      437      190      396      0        251      296      229      231      339      324      465      332      90       362      302      508      421      116      76       228      
25       210      190      71       201      74       57       130      141      161      212      101      138      225      109      115      100      224      98       31       143      110      186      134      149      251      0        125      55       74       284      199      215      151      163      115      60       258      189      155      175      206      
26       104      66       191      268      121      157      241      227      278      146      217      192      124      164      135      148      115      93       99       226      129      197      110      210      296      125      0        178      74       171      76       214      269      210      127      94       255      138      179      228      135      
27       265      244      16       171      118      42       79       146      106      242      84       164      266      140      128      136      269      150      86       150      125      223      160      169      229      55       178      0        116      328      249      253      121      149      160      113      294      240      156      156      238      
28       176      138      127      196      116      87       170      208      209      139      176      191      151      161      70       147      152      112      65       210      63       221      66       206      231      74       74       116      0        212      135      245      225      141      144      86       289      190      117      159      132      
29       187      137      337      343      293      294      370      398      411      118      383      361      64       335      225      319      59       262      264      398      222      354      181      380      339      284      171      328      212      0        100      364      435      282      295      265      399      272      243      300      113      
30       101      42       261      309      196      222      305      301      344      124      293      262      72       237      176      220      53       162      174      300      171      254      136      281      324      199      76       249      135      100      0        266      345      247      195      170      302      176      211      266      113      
31       184      226      269      416      140      271      331      150      347      360      208      98       333      114      313      116      318      132      194      145      307      29       309      106      465      215      214      253      245      364      266      0        241      375      102      163      43       94       359      389      349      
32       331      328      122      269      161      164      152      92       141      361      52       145      376      143      249      153      375      202      171      97       247      214      279      135      332      151      269      121      225      435      345      241      0        264      189      179      272      274      276      266      355      
33       314      266      142      62       235      111      125      294      162      166      233      300      221      272      74       263      235      246      180      297      80       347      111      310      90       163      210      149      141      282      247      375      264      0        272      212      418      330      39       19       170      
34       147      163      176      316      41       172      239      116      262      268      141      68       252      48       210      35       241      35       91       113      204      77       209      86       362      115      127      160      144      295      195      102      189      272      0        60       146      86       257      287      258      
35       157      149      129      257      31       115      190      134      219      219      126      107      214      77       150      62       207      38       32       134      144      137      152      123      302      60       94       113      86       265      170      163      179      212      60       0        207      129      196      227      210      
36       214      262      309      459      183      314      371      179      385      401      243      134      371      154      356      158      355      176      238      174      350      71       352      137      508      258      255      294      289      399      302      43       272      418      146      207      0        127      403      432      391      
37       90       135      257      381      124      244      319      193      345      282      227      137      246      130      260      121      229      90       160      190      253      93       244      154      421      189      138      240      190      272      176      94       274      330      86       129      127      0        307      347      271      
38       282      232      153      100      222      114      150      294      191      127      240      293      181      263      47       252      196      228      167      297      53       334      74       304      116      155      179      156      117      243      211      359      276      39       257      196      403      307      0        57       130      
39       332      285      148      43       248      121      122      302      156      183      240      312      239      284      93       276      253      262      195      306      99       361      130      321      76       175      228      156      159      300      266      389      266      19       287      227      432      347      57       0        187      
40       211      150      244      230      241      199      266      340      308      11       308      317      55       287      119      272      75       223      196      341      118      331      78       333      228      206      135      238      132      113      113      349      355      170      258      210      391      271      130      187      0        
;

