

sets
i        orders          /0*40/
k        routes          /1*40/
p        positions       /0*40/
;

alias(i,j)
alias(i,h)
alias(i,hh)
alias(i,jj)
alias(k,kk)
                            Parameters

rho(i)	Processing time
/
0	0
1	92
2	74
3	11
4	72
5	63
6	85
7	37
8	90
9	22
10	23
11	7
12	63
13	90
14	21
15	55
16	91
17	40
18	81
19	52
20	6
21	82
22	98
23	23
24	62
25	51
26	82
27	79
28	79
29	93
30	84
31	92
32	42
33	95
34	81
35	63
36	46
37	13
38	37
39	67
40	33
/

gamma(i)	Duedate
/
0	0
1	7
2	2
3	16
4	32
5	46
6	72
7	91
8	60
9	40
10	11
11	14
12	30
13	30
14	7
15	67
16	23
17	18
18	79
19	94
20	14
21	61
22	15
23	39
24	9
25	48
26	42
27	46
28	86
29	93
30	97
31	16
32	76
33	73
34	30
35	72
36	90
37	14
38	16
39	9
40	1
/

sigma(i)	Size
/
0	0
1	9
2	8
3	9
4	3
5	1
6	2
7	4
8	3
9	5
10	3
11	9
12	8
13	6
14	2
15	5
16	6
17	3
18	3
19	4
20	1
21	5
22	9
23	2
24	9
25	4
26	5
27	8
28	1
29	9
30	9
31	6
32	5
33	2
34	3
35	4
36	1
37	2
38	1
39	4
40	1
/

epsilon(i)	Priority
/
0	0
1	9
2	3
3	7
4	5
5	8
6	6
7	2
8	9
9	3
10	9
11	8
12	3
13	5
14	7
15	7
16	8
17	1
18	9
19	1
20	9
21	6
22	5
23	8
24	3
25	4
26	8
27	6
28	1
29	5
30	6
31	4
32	6
33	9
34	6
35	3
36	8
37	2
38	2
39	9
40	5
/

psi	Vehicle Capacity
/ 36 /
;

Table kappa(i,j)                 Setup
         0        1        2        3        4        5        6        7        8        9        10       11       12       13       14       15       16       17       18       19       20       21       22       23       24       25       26       27       28       29       30       31       32       33       34       35       36       37       38       39       40       
0        0        2342     2053     3255     2700     1369     1974     1935     1964     1712     1172     1026     3253     1352     2512     1193     292      2018     741      1450     580      2380     2857     1297     666      2565     1393     2086     1035     1530     1942     1924     2990     1785     2374     2716     2273     833      4191     1132     857      
1        2342     0        1140     2918     2062     3707     2745     2013     2195     3315     3455     1956     2781     1948     3249     3535     2093     376      1874     3485     2318     3454     516      1045     2126     550      2593     3535     2036     2432     399      1610     3859     2037     3350     1087     2986     2465     2367     1951     3070     
2        2053     1140     0        3830     2995     3354     3251     2679     2834     3516     3220     2211     3724     2366     3817     3145     1761     850      1963     3459     1751     3902     1430     1141     2185     1684     2897     3824     2289     2836     1016     496      4415     2635     3831     2191     3542     2549     3501     2261     2905     
3        3255     2918     3830     0        855      4015     1512     1338     1291     2477     3600     2233     193      1908     1390     3994     3269     3029     2554     3125     3723     1839     3126     2816     2590     2470     2055     2331     2220     1812     2839     4143     1722     1475     1698     1957     1374     2551     2295     2127     3260     
4        2700     2062     2995     855      0        3687     1427     821      900      2398     3292     1690     730      1378     1634     3621     2652     2181     1961     2940     3092     2022     2286     2035     2066     1625     1778     2387     1705     1504     1993     3332     2161     986      1880     1139     1470     2140     1906     1589     2908     
5        1369     3707     3354     4015     3687     0        2516     2865     2812     1697     418      2069     4072     2334     2870     224      1640     3387     1938     1020     1620     2540     4223     2661     1726     3893     1963     2036     2026     2221     3308     3124     3123     2700     2612     3970     2731     1551     5393     2151     778      
6        1974     2745     3251     1512     1427     2516     0        791      614      993      2098     1102     1594     885      577      2512     2085     2660     1432     1614     2524     712      3158     2110     1343     2544     601      964      1043     460      2474     3401     1163     716      604      2269     309      1162     3331     1023     1782     
7        1935     2013     2679     1338     821      2865     791      0        185      1655     2470     909      1320     584      1238     2802     1932     1985     1219     2141     2385     1495     2394     1573     1279     1764     977      1724     909      706      1791     2916     1846     165      1373     1480     983      1321     2640     804      2087     
8        1964     2195     2834     1291     900      2812     614      185      0        1517     2409     945      1299     624      1054     2762     1988     2158     1274     2040     2443     1312     2579     1715     1299     1949     878      1561     929      605      1965     3054     1663     208      1189     1655     798      1288     2767     840      2037     
9        1712     3315     3516     2477     2398     1697     993      1655     1517     0        1293     1368     2576     1392     1195     1758     1942     3129     1556     691      2287     843      3791     2439     1333     3252     738      385      1286     968      2970     3527     1438     1519     918      3092     1110     974      4285     1364     1115     
10       1172     3455     3220     3600     3292     418      2098     2470     2409     1293     0        1711     3660     1956     2456     471      1462     3156     1624     640      1557     2136     3971     2417     1392     3596     1551     1646     1661     1813     3058     3049     2728     2306     2202     3633     2313     1172     5031     1785     405      
11       1026     1956     2211     2233     1690     2069     1102     909      945      1368     1711     0        2227     326      1679     1970     1045     1761     340      1568     1500     1699     2446     1089     376      1959     687      1630     82       649      1602     2313     2246     759      1640     1929     1411     557      3324     106      1306     
12       3253     2781     3724     193      730      4072     1594     1320     1299     2576     3660     2227     0        1901     1531     4041     3250     2910     2538     3208     3701     1977     2969     2739     2592     2319     2109     2454     2221     1855     2723     4053     1897     1468     1834     1796     1488     2581     2105     2121     3308     
13       1352     1948     2366     1908     1378     2334     885      584      624      1392     1956     326      1901     0        1456     2252     1364     1811     650      1724     1819     1550     2408     1225     695      1860     655      1586     327      489      1634     2523     2049     434      1469     1744     1181     785      3079     220      1559     
14       2512     3249     3817     1390     1634     2870     577      1238     1054     1195     2456     1679     1531     1456     0        2903     2643     3194     2007     1885     3075     449      3630     2677     1903     2991     1118     965      1618     1033     3004     3977     611      1217     311      2644     275      1682     3508     1601     2197     
15       1193     3535     3145     3994     3621     224      2512     2802     2762     1758     471      1970     4041     2252     2903     0        1453     3207     1808     1111     1404     2598     4050     2490     1612     3743     1938     2115     1935     2186     3135     2907     3195     2637     2659     3845     2745     1480     5285     2058     733      
16       292      2093     1761     3269     2652     1640     2085     1932     1988     1942     1462     1045     3250     1364     2643     1453     0        1756     714      1731     455      2555     2604     1057     742      2354     1534     2304     1075     1627     1695     1640     3154     1794     2535     2551     2392     1006     4040     1149     1148     
17       2018     376      850      3029     2181     3387     2660     1985     2158     3129     3156     1761     2910     1811     3194     3207     1756     0        1624     3236     1955     3354     856      742      1876     861      2430     3379     1843     2301     195      1284     3805     1978     3262     1344     2924     2231     2710     1774     2782     
18       741      1874     1963     2554     1961     1938     1432     1219     1274     1556     1624     340      2538     650      2007     1808     714      1624     0        1614     1169     1993     2383     898      253      1973     958      1862     389      973      1491     2018     2560     1080     1947     2036     1742     609      3485     440      1223     
19       1450     3485     3459     3125     2940     1020     1614     2141     2040     691      640      1568     3208     1724     1885     1111     1731     3236     1614     0        1964     1528     3990     2500     1361     3528     1164     1016     1497     1438     3106     3372     2103     1984     1609     3467     1780     1024     4774     1610     630      
20       580      2318     1751     3723     3092     1620     2524     2385     2443     2287     1557     1500     3701     1819     3075     1404     455      1955     1169     1964     0        2958     2811     1342     1185     2652     1958     2663     1529     2070     1935     1506     3566     2249     2949     2910     2829     1407     4403     1604     1338     
21       2380     3454     3902     1839     2022     2540     712      1495     1312     843      2136     1699     1977     1550     449      2598     2555     3354     1993     1528     2958     0        3871     2765     1839     3255     1038     542      1625     1067     3172     4008     618      1429     145      2961     553      1552     3918     1642     1929     
22       2857     516      1430     3126     2286     4223     3158     2394     2579     3791     3971     2446     2969     2408     3630     4050     2604     856      2383     3990     2811     3871     0        1561     2635     663      3060     3991     2525     2880     915      1926     4234     2442     3759     1176     3377     2967     2147     2432     3585     
23       1297     1045     1141     2816     2035     2661     2110     1573     1715     2439     2417     1089     2739     1225     2677     2490     1057     742      898      2500     1342     2765     1561     0        1146     1311     1777     2719     1170     1698     646      1344     3273     1511     2691     1591     2401     1508     3079     1128     2040     
24       666      2126     2185     2590     2066     1726     1343     1279     1299     1333     1392     376      2592     695      1903     1612     742      1876     253      1361     1185     1839     2635     1146     0        2212     804      1658     371      886      1745     2205     2427     1124     1808     2246     1649     366      3672     478      987      
25       2565     550      1684     2470     1625     3893     2544     1764     1949     3252     3596     1959     2319     1860     2991     3743     2354     861      1973     3528     2652     3255     663      1311     2212     0        2514     3418     2032     2308     769      2141     3590     1829     3137     553      2746     2508     1851     1925     3196     
26       1393     2593     2897     2055     1778     1963     601      977      878      738      1551     687      2109     655      1118     1938     1534     2430     958      1164     1958     1038     3060     1777     804      2514     0        949      608      273      2262     2976     1622     823      1003     2364     886      566      3615     656      1204     
27       2086     3535     3824     2331     2387     2036     964      1724     1561     385      1646     1630     2454     1586     965      2115     2304     3379     1862     1016     2663     542      3991     2719     1658     3418     949      0        1549     1111     3211     3863     1087     1614     657      3200     967      1314     4294     1606     1496     
28       1035     2036     2289     2220     1705     2026     1043     909      929      1286     1661     82       2221     327      1618     1935     1075     1843     389      1497     1529     1625     2525     1170     371      2032     608      1549     0        585      1684     2384     2178     753      1570     1988     1352     496      3370     124      1258     
29       1530     2432     2836     1812     1504     2221     460      706      605      968      1813     649      1855     489      1033     2186     1627     2301     973      1438     2070     1067     2880     1698     886      2308     273      1111     585      0        2124     2960     1597     557      997      2123     769      748      3347     579      1453     
30       1942     399      1016     2839     1993     3308     2474     1791     1965     2970     3058     1602     2723     1634     3004     3135     1695     195      1491     3106     1935     3172     915      646      1745     769      2262     3211     1684     2124     0        1422     3615     1787     3077     1204     2734     2091     2616     1609     2676     
31       1924     1610     496      4143     3332     3124     3401     2916     3054     3527     3049     2313     4053     2523     3977     2907     1640     1284     2018     3372     1506     4008     1926     1344     2205     2141     2976     3863     2384     2960     1422     0        4557     2848     3953     2623     3703     2554     3977     2381     2778     
32       2990     3859     4415     1722     2161     3123     1163     1846     1663     1438     2728     2246     1897     2049     611      3195     3154     3805     2560     2103     3566     618      4234     3273     2427     3590     1622     1087     2178     1597     3615     4557     0        1828     619      3222     881      2159     3971     2175     2541     
33       1785     2037     2635     1475     986      2700     716      165      208      1519     2306     759      1468     434      1217     2637     1794     1978     1080     1984     2249     1429     2442     1511     1124     1829     823      1614     753      557      1787     2848     1828     0        1317     1587     950      1156     2791     653      1922     
34       2374     3350     3831     1698     1880     2612     604      1373     1189     918      2202     1640     1834     1469     311      2659     2535     3262     1947     1609     2949     145      3759     2691     1808     3137     1003     657      1570     997      3077     3953     619      1317     0        2831     413      1541     3774     1576     1973     
35       2716     1087     2191     1957     1139     3970     2269     1480     1655     3092     3633     1929     1796     1744     2644     3845     2551     1344     2036     3467     2910     2961     1176     1591     2246     553      2364     3200     1988     2123     1204     2623     3222     1587     2831     0        2423     2484     1492     1867     3227     
36       2273     2986     3542     1374     1470     2731     309      983      798      1110     2313     1411     1488     1181     275      2745     2392     2924     1742     1780     2829     553      3377     2401     1649     2746     886      967      1352     769      2734     3703     881      950      413      2423     0        1452     3370     1329     2024     
37       833      2465     2549     2551     2140     1551     1162     1321     1288     974      1172     557      2581     785      1682     1480     1006     2231     609      1024     1407     1552     2967     1508     366      2508     566      1314     496      748      2091     2554     2159     1156     1541     2484     1452     0        3860     619      774      
38       4191     2367     3501     2295     1906     5393     3331     2640     2767     4285     5031     3324     2105     3079     3508     5285     4040     2710     3485     4774     4403     3918     2147     3079     3672     1851     3615     4294     3370     3347     2616     3977     3971     2791     3774     1492     3370     3860     0        3245     4628     
39       1132     1951     2261     2127     1589     2151     1023     804      840      1364     1785     106      2121     220      1601     2058     1149     1774     440      1610     1604     1642     2432     1128     478      1925     656      1606     124      579      1609     2381     2175     653      1576     1867     1329     619      3245     0        1382     
40       857      3070     2905     3260     2908     778      1782     2087     2037     1115     405      1306     3308     1559     2197     733      1148     2782     1223     630      1338     1929     3585     2040     987      3196     1204     1496     1258     1453     2676     2778     2541     1922     1973     3227     2024     774      4628     1382     0        
;



Table delta(i,j)                 Distance
         0        1        2        3        4        5        6        7        8        9        10       11       12       13       14       15       16       17       18       19       20       21       22       23       24       25       26       27       28       29       30       31       32       33       34       35       36       37       38       39       40       
0        0        627      778      122      913      616      574      719      706      551      315      593      85       314      295      867      310      906      617      901      841      345      698      1002     433      194      591      578      392      195      441      1032     673      798      397      155      166      469      438      639      122      
1        627      0        804      645      1405     1212     1126     1270     1275     576      886      1097     705      861      898      1295     830      1367     961      1107     887      480      897      1529     488      669      916      366      901      819      205      1266     316      836      787      603      463      1013     888      858      731      
2        778      804      0        896      876      952      1314     884      926      257      725      697      775      680      1023     704      635      802      418      345      83       467      222      1032     389      607      385      437      632      900      813      497      518      32       471      907      710      726      546      246      758      
3        122      645      896      0        1006     674      497      797      776      661      405      690      175      413      253      973      418      1005     736      1023     960      448      821      1083     537      316      712      661      496      202      445      1153     744      917      518      56       226      559      551      761      214      
4        913      1405     876      1006     0        425      1082     244      297      913      601      322      835      599      901      183      610      86       483      614      852      926      654      157      938      766      528      1126     528      837      1284     582      1249     860      618      1057     1011     446      518      648      795      
5        616      1212     952      674      425      0        657      182      130      869      327      272      531      356      507      505      396      472      549      829      965      779      748      440      830      547      572      1029     348      477      1048     874      1151     951      515      730      759      233      415      709      496      
6        574      1126     1314     497      1082     657      0        838      788      1113     624      846      547      663      292      1134     700      1121     1031     1344     1364     917      1180     1088     1004     709      1026     1151     740      414      921      1438     1240     1328     859      528      721      718      828      1124     558      
7        719      1270     884      797      244      182      838      0        60       850      404      194      636      416      666      334      441      291      466      704      882      807      666      285      841      604      500      1039     368      615      1125     725      1163     877      509      851      840      258      399      638      597      
8        706      1275     926      776      297      130      788      60       0        878      396      229      621      414      629      395      445      350      509      759      928      820      710      315      859      606      541      1059     378      587      1122     784      1182     920      530      832      835      262      421      680      583      
9        551      576      257      661      913      869      1113     850      878      0        582      657      566      539      822      770      492      857      432      530      337      216      324      1059     133      409      386      226      521      701      560      689      341      286      353      665      460      635      458      292      558      
10       315      886      725      405      601      327      624      404      396      582      0        286      234      44       357      576      90       601      407      720      761      459      563      686      520      220      403      715      117      257      726      820      834      733      253      456      439      154      204      509      194      
11       593      1097     697      690      322      272      846      194      229      657      286      0        517      278      618      296      288      315      282      557      702      625      483      432      652      446      312      849      206      536      966      612      973      692      320      739      689      137      211      451      476      
12       85       705      775      175      835      531      547      636      621      566      234      517      0        239      256      798      243      832      569      865      832      375      672      919      460      169      548      623      321      138      524      988      727      792      356      222      241      389      378      612      40       
13       314      861      680      413      599      356      663      416      414      539      44       278      239      0        391      560      46       592      370      682      717      424      521      693      481      192      363      677      87       284      709      786      797      688      208      461      423      158      166      466      199      
14       295      898      1023     253      901      507      292      666      629      822      357      618      256      391      0        914      421      921      760      1071     1074     630      897      945      716      417      750      872      474      122      698      1177     969      1037     574      302      456      481      557      839      266      
15       867      1295     704      973      183      505      1134     334      395      770      576      296      798      560      914      0        557      100      339      431      675      815      487      339      813      696      385      991      477      830      1194     407      1110     687      518      1019     938      433      436      489      758      
16       310      830      635      418      610      396      700      441      445      492      90       288      243      46       421      557      0        597      340      649      674      383      481      712      437      162      329      634      82       309      684      759      755      644      164      462      403      184      139      425      204      
17       906      1367     802      1005     86       472      1121     291      350      857      601      315      832      592      921      100      597      0        424      529      774      887      583      240      892      747      470      1075     514      848      1256     495      1196     785      582      1054     991      450      490      582      791      
18       617      961      418      736      483      549      1031     466      509      432      407      282      569      370      760      339      340      424      0        312      419      486      200      633      475      424      45       652      290      649      876      420      771      411      221      772      645      343      203      173      535      
19       901      1107     345      1023     614      829      1344     704      759      530      720      557      865      682      1071     431      649      529      312      0        284      683      219      770      634      706      320      749      603      957      1073     159      847      316      508      1052     893      648      515      272      834      
20       841      887      83       960      852      965      1364     882      928      337      761      702      832      717      1074     675      674      774      419      284      0        541      218      1009     467      663      393      520      661      952      895      428      598      51       510      974      782      746      572      259      812      
21       345      480      467      448      926      779      917      807      820      216      459      625      375      424      630      815      383      887      486      683      541      0        464      1054     88       246      443      258      441      514      395      836      374      493      308      449      243      559      413      412      377      
22       698      897      222      821      654      748      1180     666      710      324      563      483      672      521      897      487      481      583      200      219      218      464      0        810      417      506      176      549      455      778      855      373      657      211      322      845      678      532      365      59       645      
23       1002     1529     1032     1083     157      440      1088     285      315      1059     686      432      919      693      945      339      712      240      633      770      1009     1054     810      0        1074     874      676      1267     634      899      1396     729      1390     1017     746      1136     1115     534      641      802      880      
24       433      488      389      537      938      830      1004     841      859      133      520      652      460      481      716      813      437      892      475      634      467      88       417      1074     0        319      430      199      485      598      440      791      323      417      332      537      329      603      441      373      458      
25       194      669      607      316      766      547      709      604      606      409      220      446      169      192      417      696      162      747      424      706      663      246      506      874      319      0        397      505      240      295      521      837      620      624      203      348      244      346      260      447      151      
26       591      916      385      712      528      572      1026     500      541      386      403      312      548      363      750      385      329      470      45       320      393      443      176      676      430      397      0        606      289      636      835      441      725      380      193      745      610      356      198      139      515      
27       578      366      437      661      1126     1029     1151     1039     1059     226      715      849      623      677      872      991      634      1075     652      749      520      258      549      1267     199      505      606      0        684      761      406      909      124      470      530      645      435      802      640      519      630      
28       392      901      632      496      528      348      740      368      378      521      117      206      321      87       474      477      82       514      290      603      661      441      455      634      485      240      289      684      0        370      762      702      807      637      170      543      483      118      90       404      282      
29       195      819      900      202      837      477      414      615      587      701      257      536      138      284      122      830      309      848      649      957      952      514      778      899      598      295      636      761      370      0        628      1068     863      915      455      258      362      399      447      719      143      
30       441      205      813      445      1284     1048     921      1125     1122     560      726      966      524      709      698      1194     684      1256     876      1073     895      395      855      1396     440      521      835      406      762      628      0        1228     418      844      676      399      288      866      766      806      554      
31       1032     1266     497      1153     582      874      1438     725      784      689      820      612      988      786      1177     407      759      495      420      159      428      836      373      729      791      837      441      909      702      1068     1228     0        1005     467      634      1185     1038     724      620      423      955      
32       673      316      518      744      1249     1151     1240     1163     1182     341      834      973      727      797      969      1110     755      1196     771      847      598      374      657      1390     323      620      725      124      807      863      418      1005     0        550      654      721      518      925      764      632      737      
33       798      836      32       917      860      951      1328     877      920      286      733      692      792      688      1037     687      644      785      411      316      51       493      211      1017     417      624      380      470      637      915      844      467      550      0        480      929      734      727      550      242      774      
34       397      787      471      518      618      515      859      509      530      353      253      320      356      208      574      518      164      582      221      508      510      308      322      746      332      203      193      530      170      455      676      634      654      480      0        551      428      282      109      265      326      
35       155      603      907      56       1057     730      528      851      832      665      456      739      222      461      302      1019     462      1054     772      1052     974      449      845      1136     537      348      745      645      543      258      399      1185     721      929      551      0        213      610      593      786      262      
36       166      463      710      226      1011     759      721      840      835      460      439      689      241      423      456      938      403      991      645      893      782      243      678      1115     329      244      610      435      483      362      288      1038     518      734      428      213      0        582      502      621      268      
37       469      1013     726      559      446      233      718      258      262      635      154      137      389      158      481      433      184      450      343      648      746      559      532      534      603      346      356      802      118      399      866      724      925      727      282      610      582      0        182      487      349      
38       438      888      546      551      518      415      828      399      421      458      204      211      378      166      557      436      139      490      203      515      572      413      365      641      441      260      198      640      90       447      766      620      764      550      109      593      502      182      0        314      341      
39       639      858      246      761      648      709      1124     638      680      292      509      451      612      466      839      489      425      582      173      272      259      412      59       802      373      447      139      519      404      719      806      423      632      242      265      786      621      487      314      0        586      
40       122      731      758      214      795      496      558      597      583      558      194      476      40       199      266      758      204      791      535      834      812      377      645      880      458      151      515      630      282      143      554      955      737      774      326      262      268      349      341      586      0        
;

