
sets
i        orders          /0*40/
k        routes          /1*40/
p        positions       /0*40/
;

alias(i,j)
alias(i,h)
alias(i,hh)
alias(i,jj)
alias(k,kk)
                
                    Parameters

rho(i)	Processing time
/
0	0
1	96
2	6
3	26
4	97
5	69
6	57
7	75
8	26
9	51
10	80
11	99
12	67
13	1
14	67
15	64
16	12
17	56
18	84
19	85
20	59
21	44
22	94
23	54
24	34
25	98
26	14
27	71
28	33
29	65
30	14
31	52
32	33
33	96
34	24
35	6
36	28
37	77
38	61
39	72
40	4
/

gamma(i)	Duedate
/
0	0
1	20
2	70
3	2
4	33
5	7
6	45
7	83
8	81
9	66
10	10
11	42
12	94
13	72
14	24
15	45
16	70
17	81
18	64
19	76
20	1
21	51
22	30
23	85
24	53
25	35
26	45
27	83
28	25
29	66
30	66
31	40
32	72
33	73
34	47
35	43
36	91
37	7
38	98
39	95
40	99
/

sigma(i)	Size
/
0	0
1	4
2	4
3	7
4	7
5	7
6	4
7	8
8	3
9	4
10	8
11	8
12	5
13	7
14	7
15	1
16	9
17	9
18	5
19	4
20	6
21	8
22	4
23	6
24	3
25	9
26	7
27	6
28	4
29	4
30	1
31	3
32	5
33	9
34	9
35	1
36	7
37	6
38	3
39	5
40	8
/

epsilon(i)	Priority
/
0	0
1	5
2	4
3	9
4	2
5	7
6	5
7	8
8	9
9	9
10	5
11	7
12	1
13	7
14	7
15	3
16	3
17	5
18	9
19	5
20	2
21	5
22	6
23	8
24	8
25	6
26	8
27	9
28	6
29	6
30	1
31	5
32	4
33	4
34	6
35	7
36	5
37	7
38	8
39	6
40	5
/

psi	Vehicle Capacity
/ 22 /
;

Table kappa(i,j)                 Setup
         0        1        2        3        4        5        6        7        8        9        10       11       12       13       14       15       16       17       18       19       20       21       22       23       24       25       26       27       28       29       30       31       32       33       34       35       36       37       38       39       40       
0        0        509      378      207      558      768      265      330      294      595      266      178      202      239      719      710      386      525      378      17       477      246      371      492      588      470      381      182      449      719      488      595      423      372      405      459      813      374      707      484      357      
1        509      0        799      306      930      1122     296      343      673      888      469      349      520      422      389      1163     742      194      888      527      774      340      676      492      384      950      536      677      847      1188     588      857      931      671      904      276      1300     439      1210     303      388      
2        378      799      0        547      779      969      627      705      129      277      344      462      278      381      1081     792      110      727      319      368      774      459      185      501      685      554      353      226      671      396      415      890      404      193      448      825      523      434      487      853      464      
3        207      306      547      0        665      870      92       193      435      709      290      102      291      239      534      871      521      361      585      224      535      174      477      455      477      648      405      385      569      915      499      640      625      475      598      282      1016     346      914      313      304      
4        558      930      779      665      0        210      638      593      776      1055     823      707      749      797      909      296      851      1027     502      549      180      790      875      1051     1131     282      934      575      112      901      1040     200      439      880      369      714      909      933      740      711      913      
5        768      1122     969      870      210      0        835      780      977      1247     1032     916      958      1007     1053     300      1049     1229     671      759      348      1000     1078     1261     1339     431      1142     776      320      1039     1248     291      597      1083     534      887      1021     1143     849      879      1122     
6        265      296      627      92       638      835      0        102      521      800      383      194      380      331      456      867      609      399      630      280      490      263      567      539      540      660      496      448      551      984      589      586      660      565      624      198      1078     434      966      226      389      
7        330      343      705      193      593      780      102      0        607      893      483      294      473      431      399      846      696      479      667      342      431      365      660      641      633      659      598      509      520      1044     692      515      684      659      640      143      1129     536      1006     160      492      
8        294      673      129      435      776      977      521      607      0        302      215      343      153      252      969      835      91       598      377      289      741      332      101      387      563      588      236      200      664      525      316      859      459      107      487      718      651      309      603      747      336      
9        595      888      277      709      1055     1247     800      893      302      0        430      608      420      483      1229     1063     212      759      591      591      1037     566      233      451      649      831      353      486      945      498      337      1155     676      234      724      990      642      453      674      1022     501      
10       266      469      344      290      823      1032     383      483      215      430      0        188      89       53       798      949      274      383      537      273      740      136      207      230      367      701      121      314      712      740      226      857      608      202      614      564      865      118      807      597      127      
11       178      349      462      102      707      916      194      294      343      608      188      0        193      137      626      884      426      346      547      194      596      86       377      368      423      648      304      329      604      843      401      707      599      374      583      381      952      253      862      413      217      
12       202      520      278      291      749      958      380      473      153      420      89       193      0        106      820      863      232      459      447      206      680      180      187      315      456      614      184      224      637      671      290      798      518      186      525      573      790      208      724      604      215      
13       239      422      381      239      797      1007     331      431      252      483      53       137      106      0        745      939      320      352      545      250      706      84       257      253      362      693      167      319      688      775      268      821      611      253      612      511      897      135      830      544      121      
14       719      389      1081     534      909      1053     456      399      969      1229     798      626      820      745      0        1193     1053     582      1067     734      728      662      1001     873      772      1039     891      902      866      1438     960      762      1081     997      1032     260      1527     803      1405     238      751      
15       710      1163     792      871      296      300      867      846      835      1063     949      884      863      939      1193     0        888      1226     472      696      472      956      936      1179     1297     249      1041     647      328      773      1140     490      387      943      348      979      736      1067     567      981      1060     
16       386      742      110      521      851      1049     609      696      91       212      274      426      232      320      1053     888      0        649      419      381      826      403      81       399      589      646      255      277      740      483      307      944      504      89       541      804      618      345      594      834      382      
17       525      194      727      361      1027     1229     399      479      598      759      383      346      459      352      582      1226     649      0        885      541      889      292      573      325      190      994      409      660      931      1123     434      986      942      566      930      452      1248     310      1182     483      268      
18       378      888      319      585      502      671      630      667      377      591      537      547      447      545      1067     472      419      885      0        361      551      593      475      752      904      243      604      226      407      421      693      653      85       482      137      809      473      653      338      828      662      
19       17       527      368      224      549      759      280      342      289      591      273      194      206      250      734      696      381      541      361      0        473      261      369      502      601      455      387      167      439      704      494      592      406      371      388      474      797      384      690      498      369      
20       477      774      774      535      180      348      490      431      741      1037     740      596      680      706      728      472      826      889      551      473      0        682      833      958      1012     388      859      551      171      972      965      118      512      836      442      541      1003     840      843      536      812      
21       246      340      459      174      790      1000     263      365      332      566      136      86       180      84       662      956      403      292      593      261      682      0        342      283      342      716      236      368      685      851      326      794      652      338      644      433      969      171      893      466      132      
22       371      676      185      477      875      1078     567      660      101      233      207      377      187      257      1001     936      81       573      475      369      833      342      0        318      507      690      173      301      763      564      229      952      558      8        588      758      699      266      672      790      305      
23       492      492      501      455      1051     1261     539      641      387      451      230      368      315      253      873      1179     399      325      752      502      958      283      318      0        198      930      150      537      941      880      114      1072     828      310      840      682      1017     118      987      716      151      
24       588      384      685      477      1131     1339     540      633      563      649      367      423      456      362      772      1297     589      190      904      601      1012     342      507      198      0        1053     333      679      1027     1072     311      1118     973      499      974      630      1206     254      1166     662      242      
25       470      950      554      648      282      431      660      659      588      831      701      648      614      693      1039     249      646      994      243      455      388      716      690      930      1053     0        791      397      218      620      890      464      166      696      106      801      628      819      461      810      814      
26       381      536      353      405      934      1142     496      598      236      353      121      304      184      167      891      1041     255      409      604      387      859      236      173      150      333      791      0        394      822      738      107      976      682      166      698      669      873      100      838      702      148      
27       182      677      226      385      575      776      448      509      200      486      314      329      224      319      902      647      277      660      226      167      551      368      301      537      679      397      394      0        464      536      493      668      293      306      303      642      631      432      533      666      437      
28       449      847      671      569      112      320      551      520      664      945      712      604      637      688      866      328      740      931      407      439      171      685      763      941      1027     218      822      464      0        820      928      250      355      767      284      651      841      823      677      653      805      
29       719      1188     396      915      901      1039     984      1044     525      498      740      843      671      775      1438     773      483      1123     421      704      972      851      564      880      1072     620      738      536      820      0        779      1069     464      572      535      1178     144      827      227      1202     859      
30       488      588      415      499      1040     1248     589      692      316      337      226      401      290      268      960      1140     307      434      693      494      965      326      229      114      311      890      107      493      928      779      0        1082     773      221      794      751      919      159      901      785      210      
31       595      857      890      640      200      291      586      515      859      1155     857      707      798      821      762      490      944      986      653      592      118      794      952      1072     1118     464      976      668      250      1069     1082     0        605      955      534      607      1091     954      925      596      924      
32       423      931      404      625      439      597      660      684      459      676      608      599      518      611      1081     387      504      942      85       406      512      652      558      828      973      166      682      293      355      464      773      605      0        565      70       828      492      726      339      844      730      
33       372      671      193      475      880      1083     565      659      107      234      202      374      186      253      997      943      89       566      482      371      836      338      8        310      499      696      166      306      767      572      221      955      565      0        594      756      707      259      680      788      298      
34       405      904      448      598      369      534      624      640      487      724      614      583      525      612      1032     348      541      930      137      388      442      644      588      840      974      106      698      303      284      535      794      534      70       594      0        784      561      733      404      797      733      
35       459      276      825      282      714      887      198      143      718      990      564      381      573      511      260      979      804      452      809      474      541      433      758      682      630      801      669      642      651      1178     751      607      828      756      784      0        1268     592      1148     34       542      
36       813      1300     523      1016     909      1021     1078     1129     651      642      865      952      790      897      1527     736      618      1248     473      797      1003     969      699      1017     1206     628      873      631      841      144      919      1091     492      707      561      1268     0        958      171      1289     987      
37       374      439      434      346      933      1143     434      536      309      453      118      253      208      135      803      1067     345      310      653      384      840      171      266      118      254      819      100      432      823      827      159      954      726      259      733      592      958      0        912      626      52       
38       707      1210     487      914      740      849      966      1006     603      674      807      862      724      830      1405     567      594      1182     338      690      843      893      672      987      1166     461      838      533      677      227      901      925      339      680      404      1148     171      912      0        1167     933      
39       484      303      853      313      711      879      226      160      747      1022     597      413      604      544      238      981      834      483      828      498      536      466      790      716      662      810      702      666      653      1202     785      596      844      788      797      34       1289     626      1167     0        576      
40       357      388      464      304      913      1122     389      492      336      501      127      217      215      121      751      1060     382      268      662      369      812      132      305      151      242      814      148      437      805      859      210      924      730      298      733      542      987      52       933      576      0        
;



Table delta(i,j)                 Distance
         0        1        2        3        4        5        6        7        8        9        10       11       12       13       14       15       16       17       18       19       20       21       22       23       24       25       26       27       28       29       30       31       32       33       34       35       36       37       38       39       40       
0        0        15560    2900     10300    14740    15040    28820    17540    10060    15180    10260    17120    20340    26340    18300    14300    15960    15080    26820    12580    2560     14920    19780    23280    1140     16280    13000    10860    16620    14440    14220    26360    19420    22020    16240    18500    18720    23960    16620    21500    16580    
1        15560    0        736      264      564      755      786      430      353      82       355      837      265      561      691      361      793      199      635      162      782      349      725      427      814      118      626      436      233      368      257      561      537      516      283      915      365      427      55       369      248      
2        2900     736      0        472      607      608      1342     768      419      733      532      711      990      1249     780      744      654      750      1256     603      49       771      855      1145     126      752      512      432      829      751      719      1250     854      1000     722      780      841      1140     785      997      745      
3        10300    264      472      0        479      629      971      472      152      264      221      729      519      805      652      380      675      309      847      142      518      392      708      676      550      303      487      271      385      389      306      806      586      651      353      812      478      682      316      576      352      
4        14740    564      607      479      0        201      794      243      339      628      700      272      797      826      185      846      232      729      762      575      650      851      255      951      733      479      125      227      787      855      756      829      277      466      320      351      366      778      574      569      366      
5        15040    755      608      629      201      0        944      436      478      813      839      108      996      1017     236      1008     49       907      938      744      641      1017     303      1151     732      677      141      358      970      1017     925      1020     438      638      522      189      562      977      770      765      568      
6        28820    786      1342     971      794      944      0        577      938      859      1134     936      764      361      715      1131     941      964      185      936      1390     1110     665      806      1456     686      919      910      955      1137     1032     365      517      342      630      964      505      484      738      416      620      
7        17540    430      768      472      243      436      577      0        388      509      682      479      612      583      282      772      455      625      523      507      816      768      300      753      887      317      363      336      663      781      671      586      115      236      146      543      126      543      418      329      183      
8        10060    353      419      152      339      478      938      388      0        381      364      579      618      830      519      532      524      450      840      280      468      544      581      780      523      340      336      120      522      541      456      831      494      601      309      662      433      726      392      578      328      
9        15180    82       733      264      628      813      859      509      381      0        299      900      258      614      764      280      853      117      702      130      778      267      801      412      800      200      679      478      159      287      177      614      617      597      362      979      447      472      121      442      329      
10       10260    355      532      221      700      839      1134     682      364      299      0        943      534      912      873      211      887      251      989      197      568      239      930      666      563      447      698      484      323      219      198      912      797      837      551      1026     668      771      408      721      538      
11       17120    837      711      729      272      108      936      479      579      900      943      0        1067     1048     225      1106     59       998      951      838      742      1114     272      1219     834      750      245      459      1058     1115     1020     1051     454      654      586      82       605      1021     847      805      632      
12       20340    265      990      519      797      996      764      612      618      258      534      1067     0        444      893      424      1029     286      583      388      1035     394      911      162      1058     318      875      697      233      426      352      443      696      598      482      1140     506      294      231      389      437      
13       26340    561      1249     805      826      1017     361      583      830      614      912      1048     444      0        828      855      1032     696      180      724      1297     828      808      453      1346     503      943      849      665      858      767      3        594      402      546      1100     461      150      506      263      512      
14       18300    691      780      652      185      236      715      282      519      764      873      225      893      828      0        1004     227      873      726      731      820      1006     75       1036     907      588      269      412      922      1013     909      831      233      430      414      271      402      812      689      594      458      
15       14300    361      744      380      846      1008     1131     772      532      280      211      1106     424      855      1004     0        1053     167      966      273      778      34       1051     520      768      478      867      651      191      9        103      854      885      877      627      1188     724      705      400      717      600      
16       15960    793      654      675      232      49       941      455      524      853      887      59       1029     1032     227      1053     0        949      945      787      685      1062     286      1183     777      711      189      404      1010     1062     969      1035     444      645      551      140      581      998      805      783      597      
17       15080    199      750      309      729      907      964      625      450      117      251      998      286      696      873      167      949      0        801      169      791      150      913      415      800      318      769      559      79       173      70       696      734      713      478      1079     565      548      234      550      446      
18       26820    635      1256     847      762      938      185      523      840      702      989      951      583      180      726      966      945      801      0        793      1305     943      693      620      1363     548      885      833      784      971      870      183      500      300      533      993      420      299      583      272      512      
19       12580    162      603      142      575      744      936      507      280      130      197      838      388      724      731      273      787      169      793      0        648      276      779      541      669      250      604      391      244      282      181      724      622      643      367      920      478      588      217      523      348      
20       2560     782      49       518      650      641      1390     816      468      778      568      742      1035     1297     820      778      685      791      1305     648      0        807      895      1189     92       800      551      480      870      786      757      1299     901      1048     771      808      889      1188     832      1046     794      
21       14920    349      771      392      851      1017     1110     768      544      267      239      1114     394      828      1006     34       1062     150      943      276      807      0        1050     486      799      467      877      661      162      33       97       827      879      863      622      1196     714      678      384      698      593      
22       19780    725      855      708      255      303      665      300      581      801      930      272      911      808      75       1051     286      913      693      779      895      1050     0        1048     981      616      344      479      958      1060     953      811      224      405      443      301      408      806      717      588      483      
23       23280    427      1145     676      951      1151     806      753      780      412      666      1219     162      453      1036     520      1183     415      620      541      1189     486      1048     0        1208     476      1033     859      345      519      472      450      828      703      633      1290     639      323      393      488      586      
24       1140     814      126      550      733      732      1456     887      523      800      563      834      1058     1346     907      768      777      800      1363     669      92       799      981      1208     0        844      639      551      878      775      760      1347     976      1115     831      900      953      1230     866      1099     851      
25       16280    118      752      303      479      677      686      317      340      200      447      750      318      503      588      478      711      318      548      250      800      467      616      476      844      0        557      393      347      485      375      503      421      400      174      825      247      388      101      276      134      
26       13000    626      512      487      125      141      919      363      336      679      698      245      875      943      269      867      189      769      885      604      551      877      344      1033     639      557      0        216      834      876      785      945      401      590      417      328      481      885      645      682      461      
27       10860    436      432      271      227      358      910      336      120      478      484      459      697      849      412      651      404      559      833      391      480      661      479      859      551      393      216      0        627      660      571      851      427      567      304      542      413      763      465      588      338      
28       16620    233      829      385      787      970      955      663      522      159      323      1058     233      665      922      191      1010     79       784      244      870      162      958      345      878      347      834      627      0        193      126      664      768      727      516      1138     591      515      251      547      480      
29       14440    368      751      389      855      1017     1137     781      541      287      219      1115     426      858      1013     9        1062     173      971      282      786      33       1060     519      775      485      876      660      193      0        111      857      893      884      635      1198     732      708      406      722      608      
30       14220    257      719      306      756      925      1032     671      456      177      198      1020     352      767      909      103      969      70       870      181      757      97       953      472      760      375      785      571      126      111      0        766      783      773      525      1102     621      619      298      617      497      
31       26360    561      1250     806      829      1020     365      586      831      614      912      1051     443      3        831      854      1035     696      183      724      1299     827      811      450      1347     503      945      851      664      857      766      0        597      405      548      1103     463      149      506      265      513      
32       19420    537      854      586      277      438      517      115      494      617      797      454      696      594      233      885      444      734      500      622      901      879      224      828      976      421      401      427      768      893      783      597      0        200      257      505      189      583      519      364      288      
33       22020    516      1000     651      466      638      342      236      601      597      837      654      598      402      430      877      645      713      300      643      1048     863      405      703      1115     400      590      567      727      884      773      405      200      0        299      701      172      418      479      215      300      
34       16240    283      722      353      320      522      630      146      309      362      551      586      482      546      414      627      551      478      533      367      771      622      443      633      831      174      417      304      516      635      525      548      257      299      0        658      127      470      275      283      46       
35       18500    915      780      812      351      189      964      543      662      979      1026     82       1140     1100     271      1188     140      1079     993      920      808      1196     301      1290     900      825      328      542      1138     1198     1102     1103     505      701      658      0        667      1082     923      864      704      
36       18720    365      841      478      366      562      505      126      433      447      668      605      506      461      402      724      581      565      420      478      889      714      408      639      953      247      481      413      591      732      621      463      189      172      127      667      0        416      339      203      130      
37       23960    427      1140     682      778      977      484      543      726      472      771      1021     294      150      812      705      998      548      299      588      1188     678      806      323      1230     388      885      763      515      708      619      149      583      418      470      1082     416      0        372      218      429      
38       16620    55       785      316      574      770      738      418      392      121      408      847      231      506      689      400      805      234      583      217      832      384      717      393      866      101      645      465      251      406      298      506      519      479      275      923      339      372      0        321      234      
39       21500    369      997      576      569      765      416      329      578      442      721      805      389      263      594      717      783      550      272      523      1046     698      588      488      1099     276      682      588      547      722      617      265      364      215      283      864      203      218      321      0        252      
40       16580    248      745      352      366      568      620      183      328      329      538      632      437      512      458      600      597      446      512      348      794      593      483      586      851      134      461      338      480      608      497      513      288      300      46       704      130      429      234      252      0        
;

