
sets
i        orders          /0*40/
k        routes          /1*40/
p        positions       /0*40/
;

alias(i,j)
alias(i,h)
alias(i,hh)
alias(i,jj)
alias(k,kk)
                
                    Parameters

rho(i)	Processing time
/
0	0
1	12
2	8
3	94
4	42
5	94
6	14
7	48
8	1
9	74
10	77
11	75
12	13
13	51
14	50
15	63
16	97
17	65
18	75
19	85
20	2
21	15
22	35
23	19
24	2
25	89
26	34
27	90
28	40
29	17
30	93
31	51
32	82
33	64
34	2
35	87
36	48
37	69
38	31
39	55
40	8
/

gamma(i)	Duedate
/
0	0
1	13
2	59
3	23
4	64
5	87
6	29
7	69
8	50
9	1
10	53
11	50
12	47
13	44
14	98
15	6
16	44
17	80
18	58
19	93
20	84
21	32
22	43
23	69
24	77
25	32
26	6
27	63
28	6
29	82
30	17
31	58
32	68
33	99
34	28
35	34
36	94
37	1
38	45
39	78
40	65
/

sigma(i)	Size
/
0	0
1	9
2	7
3	7
4	2
5	8
6	4
7	7
8	9
9	5
10	1
11	4
12	2
13	9
14	1
15	7
16	1
17	5
18	3
19	3
20	1
21	6
22	3
23	7
24	3
25	2
26	5
27	2
28	8
29	7
30	5
31	3
32	2
33	1
34	6
35	1
36	9
37	2
38	2
39	1
40	2
/

epsilon(i)	Priority
/
0	0
1	4
2	7
3	8
4	5
5	6
6	6
7	7
8	2
9	9
10	7
11	4
12	4
13	9
14	7
15	6
16	4
17	1
18	6
19	9
20	2
21	2
22	7
23	1
24	8
25	2
26	3
27	1
28	4
29	3
30	6
31	1
32	4
33	9
34	4
35	2
36	1
37	1
38	4
39	5
40	4
/

psi	Vehicle Capacity
/ 20 /
;

Table kappa(i,j)                 Setup
         0        1        2        3        4        5        6        7        8        9        10       11       12       13       14       15       16       17       18       19       20       21       22       23       24       25       26       27       28       29       30       31       32       33       34       35       36       37       38       39       40       
0        0        588      594      902      1021     525      519      480      1016     950      989      1180     132      1133     612      944      405      1171     954      672      62       267      465      546      131      666      94       548      593      493      1080     674      676      1093     1145     235      570      420      818      973      614      
1        588      0        144      483      508      626      519      381      549      366      429      610      460      589      627      454      193      733      468      122      557      378      509      514      504      385      616      323      486      144      524      169      177      522      559      553      39       218      246      419      344      
2        594      144      0        363      622      513      400      268      676      378      396      588      462      539      500      364      263      861      376      101      578      343      619      391      539      528      642      191      353      260      486      310      82       597      571      615      178      312      340      515      484      
3        902      483      363      0        804      594      493      440      890      404      303      441      775      331      521      124      626      1065     119      365      901      634      982      465      876      858      967      356      395      618      330      609      305      683      515      967      521      675      542      672      823      
4        1021     508      622      804      0        1132     1022     886      106      414      542      586      914      664      1123     703      631      261      715      530      973      870      705      1013     905      418      1015     814      975      538      594      359      593      204      449      889      500      603      285      133      447      
5        525      626      513      594      1132     0        115      246      1175     861      827      1007     461      914      100      693      579      1358     696      613      564      357      877      135      590      938      618      327      201      653      892      791      563      1106     1037     718      642      638      853      1029     883      
6        519      519      400      493      1022     115      0        137      1069     746      714      896      430      806      118      586      493      1252     590      499      547      302      816      31       559      849      608      212      99       559      781      687      449      992      923      683      538      555      741      916      795      
7        480      381      268      440      886      246      137      0        931      629      614      802      367      724      251      510      366      1114     517      369      493      223      706      137      488      716      558      95       137      425      689      549      325      864      814      604      400      428      607      783      663      
8        1016     549      676      890      106      1175     1069     931      0        511      640      693      917      768      1175     795      643      184      807      591      964      891      660      1063     893      375      999      867      1030     552      697      386      658      309      556      863      534      606      355      231      415      
9        950      366      378      404      414      861      746      629      511      0        129      254      820      277      822      292      559      675      303      283      923      717      827      728      871      605      982      537      671      494      202      368      306      280      195      914      392      575      218      281      593      
10       989      429      396      303      542      827      714      614      640      129      0        192      857      163      775      181      620      801      190      320      969      739      921      691      924      719      1032     518      629      569      94       471      314      391      217      982      462      647      337      409      701      
11       1180     610      588      441      586      1007     896      802      693      254      192      0        1048     122      947      321      803      825      322      508      1158     931      1081     872      1111     853      1220     706      806      744      115      622      507      393      141      1162     639      824      466      469      845      
12       132      460      462      775      914      461      430      367      917      820      857      1048     0        1001     536      813      286      1080     823      540      127      145      437      453      130      587      193      426      491      377      948      559      544      973      1015     256      445      311      696      856      532      
13       1133     589      539      331      664      914      806      724      768      277      163      122      1001     0        848      220      777      914      218      475      1117     875      1084     780      1076     880      1181     630      712      730      74       634      457      485      246      1139     623      807      494      538      864      
14       612      627      500      521      1123     100      118      251      1175     822      775      947      536      848      0        628      612      1359     630      595      646      416      933      113      666      966      704      309      152      676      832      797      538      1080     989      792      649      673      839      1013     913      
15       944      454      364      124      703      693      586      510      795      292      181      321      813      220      628      0        623      964      14       332      934      679      963      560      901      806      1000     418      492      597      208      553      289      568      391      980      493      665      458      569      777      
16       405      193      263      626      631      579      493      366      643      559      620      803      286      777      612      623      0        815      636      302      368      250      363      501      312      359      424      355      499      92       714      273      334      688      750      362      168      62       412      570      304      
17       1171     733      861      1065     261      1358     1252     1114     184      675      801      825      1080     914      1359     964      815      0        976      776      1116     1065     777      1247     1044     509      1145     1051     1214     725      847      567      842      431      684      998      716      773      537      395      557      
18       954      468      376      119      715      696      590      517      807      303      190      322      823      218      630      14       636      976      0        345      945      688      977      564      912      820      1011     425      495      611      211      567      301      578      397      992      507      678      472      581      792      
19       672      122      101      365      530      613      499      369      591      283      320      508      540      475      595      332      302      776      345      0        649      434      631      487      603      493      711      287      445      266      414      250      69       495      478      664      161      336      245      418      457      
20       62       557      578      901      973      564      547      493      964      923      969      1158     127      1117     646      934      368      1116     945      649      0        272      402      572      72       609      66       552      614      452      1061     631      660      1053     1116     175      536      375      780      930      558      
21       267      378      343      634      870      357      302      223      891      717      739      931      145      875      416      679      250      1065     688      434      272      0        519      322      266      601      338      281      352      339      827      511      424      901      912      384      374      300      624      794      546      
22       465      509      619      982      705      877      816      706      660      827      921      1081     437      1084     933      963      363      777      977      631      402      519      0        830      336      287      406      714      843      366      1014     461      680      847      995      242      470      307      623      713      261      
23       546      514      391      465      1013     135      31       137      1063     728      691      872      453      780      113      560      501      1247     564      487      572      322      830      0        582      853      634      199      69       563      757      683      434      978      902      705      535      563      731      905      800      
24       131      504      539      876      905      590      559      488      893      871      924      1111     130      1076     666      901      312      1044     912      603      72       266      336      582      0        537      113      537      617      390      1017     567      620      990      1063     128      480      312      719      865      486      
25       666      385      528      858      418      938      849      716      375      605      719      853      587      880      966      806      359      509      820      493      609      601      287      853      537      0        636      685      843      291      805      253      558      572      748      491      349      302      387      439      55       
26       94       616      642      967      1015     618      608      558      999      982      1032     1220     193      1181     704      1000     424      1145     1011     711      66       338      406      634      113      636      0        619      678      504      1124     680      724      1103     1175     165      593      425      833      978      588      
27       548      323      191      356      814      327      212      95       867      537      518      706      426      630      309      418      355      1051     425      287      552      281      714      199      537      685      619      0        163      396      594      493      236      779      720      643      348      417      531      705      635      
28       593      486      353      395      975      201      99       137      1030     671      629      806      491      712      152      492      499      1214     495      445      614      352      843      69       617      843      678      163      0        552      691      656      386      928      841      736      511      562      690      862      791      
29       493      144      260      618      538      653      559      425      552      494      569      744      377      730      676      597      92       725      611      266      452      339      366      563      390      291      504      396      552      0        664      182      314      601      680      420      107      81       328      480      239      
30       1080     524      486      330      594      892      781      689      697      202      94       115      948      74       832      208      714      847      211      414      1061     827      1014     757      1017     805      1124     594      691      664      0        562      403      421      198      1076     557      741      420      466      790      
31       674      169      310      609      359      791      687      549      386      368      471      622      559      634      797      553      273      567      567      250      631      511      461      683      567      253      680      493      656      182      562      0        319      423      535      578      149      255      164      298      229      
32       676      177      82       305      593      563      449      325      658      306      314      507      544      457      538      289      334      842      301      69       660      424      680      434      620      558      724      236      386      314      403      319      0        543      496      692      216      377      307      476      520      
33       1093     522      597      683      204      1106     992      864      309      280      391      393      973      485      1080     568      688      431      578      495      1053     901      847      978      990      572      1103     779      928      601      421      423      543      0        253      999      530      678      278      133      586      
34       1145     559      571      515      449      1037     923      814      556      195      217      141      1015     246      989      391      750      684      397      478      1116     912      995      902      1063     748      1175     720      841      680      198      535      496      253      0        1100     582      761      371      339      747      
35       235      553      615      967      889      718      683      604      863      914      982      1162     256      1139     792      980      362      998      992      664      175      384      242      705      128      491      165      643      736      420      1076     578      692      999      1100     0        522      339      740      868      448      
36       570      39       178      521      500      642      538      400      534      392      462      639      445      623      649      493      168      716      507      161      536      374      470      535      480      349      593      348      511      107      557      149      216      530      582      522      0        184      252      420      307      
37       420      218      312      675      603      638      555      428      606      575      647      824      311      807      673      665      62       773      678      336      375      300      307      563      312      302      425      417      562      81       741      255      377      678      761      339      184      0        408      554      246      
38       818      246      340      542      285      853      741      607      355      218      337      466      696      494      839      458      412      537      472      245      780      624      623      731      719      387      833      531      690      328      420      164      307      278      371      740      252      408      0        176      379      
39       973      419      515      672      133      1029     916      783      231      281      409      469      856      538      1013     569      570      395      581      418      930      794      713      905      865      439      978      705      862      480      466      298      476      133      339      868      420      554      176      0        452      
40       614      344      484      823      447      883      795      663      415      593      701      845      532      864      913      777      304      557      792      457      558      546      261      800      486      55       588      635      791      239      790      229      520      586      747      448      307      246      379      452      0        
;



Table delta(i,j)                 Distance
         0        1        2        3        4        5        6        7        8        9        10       11       12       13       14       15       16       17       18       19       20       21       22       23       24       25       26       27       28       29       30       31       32       33       34       35       36       37       38       39       40       
0        0        4300     19560    10400    15540    7760     15760    8540     3460     14760    6580     10900    9520     13060    11920    11660    5520     14380    13060    4760     14460    8060     16260    10140    12800    8440     11040    3520     12640    10820    6460     5120     12460    8200     13280    5120     12440    20720    13580    6020     3600     
1        4300     0        1072     735      637      534      659      217      83       636      345      706      642      531      429      426      310      526      777      436      608      424      911      293      846      329      675      390      776      358      136      252      782      573      554      379      825      919      550      174      261      
2        19560    1072     0        903      986      603      942      1144     1101     834      732      509      568      896      1036     999      761      1193     340      803      876      659      164      1271     1166     849      432      900      401      1078     1040     1233     456      610      857      1193     1177     981      921      949      823      
3        10400    735      903      0        1196     431      1189     943      687      1106     666      407      371      1061     1063     1040     626      1209     587      330      1111     690      766      1027     264      841      538      345      508      1029     828      684      447      376      1055     525      274      1397     1092     779      562      
4        15540    637      986      1196     0        799      53       489      720      152      530      938      910      135      222      213      570      275      873      870      111      519      884      566      1390     362      813      893      932      311      502      887      983      863      150      1007     1377     294      103      481      648      
5        7760     534      603      431      799      0        783      682      537      691      287      175      120      665      710      680      272      872      268      203      703      280      440      798      676      475      170      298      246      703      560      643      249      63       651      590      675      973      697      479      274      
6        15760    659      942      1189     53       783      0        524      741      109      523      915      891      135      260      244      567      327      842      867      80       504      844      607      1390     367      786      895      905      349      527      911      957      847      133      1024     1378     261      110      497      650      
7        8540     217      1144     943      489      682      524      0        291      535      426      857      799      416      266      279      416      320      890      629      495      489      994      126      1063     303      794      597      908      179      122      427      928      732      452      584      1043     783      425      206      415      
8        3460     83       1101     687      720      537      741      291      0        715      390      704      636      612      513      510      348      606      793      410      689      471      938      346      779      403      690      348      783      441      220      173      781      569      633      297      757      1000     632      250      278      
9        14760    636      834      1106     152      691      109      535      715      0        447      816      795      119      290      263      495      400      735      791      50       416      735      634      1318     317      683      828      800      374      512      888      854      754      84       983      1308     299      121      464      585      
10       6580     345      732      666      530      287      523      426      390      447      0        452      407      395      423      393      53       585      465      344      447      80       575      550      870      187      370      384      488      418      312      550      516      348      389      585      860      745      426      221      152      
11       10900    706      509      407      938      175      915      857      704      816      452      0        70       808      872      840      444      1036     180      324      835      428      362      973      671      637      146      420      108      871      735      795      77       135      788      714      678      1079     840      653      449      
12       9520     642      568      371      910      120      891      799      636      795      407      70       0        778      829      799      392      992      231      253      811      393      415      913      632      594      166      350      173      823      677      725      147      68       761      645      636      1068     810      598      387      
13       13060    531      896      1061     135      665      135      416      612      119      395      808      778      0        173      144      436      303      753      736      79       385      781      515      1257     232      687      761      808      254      401      783      856      729      43       890      1245     389      32       364      516      
14       11920    429      1036     1063     222      710      260      266      513      290      423      872      829      173      0        36       446      166      850      733      244      446      907      349      1230     235      770      736      892      89       293      674      930      771      216      807      1214     516      170      296      501      
15       11660    426      999      1040     213      680      244      279      510      263      393      840      799      144      36       0        420      201      815      710      219      413      870      371      1213     205      736      717      858      110      290      674      897      742      185      801      1198     505      146      282      479      
16       5520     310      761      626      570      272      567      416      348      495      53       444      392      436      446      420      0        604      477      300      492      128      601      538      823      216      379      333      491      432      297      502      513      330      434      532      813      794      466      210      98       
17       14380    526      1193     1209     275      872      327      320      606      400      585      1036     992      303      166      201      604      0        1016     880      350      612      1069     343      1360     399      936      872      1058     180      397      747      1095     932      345      902      1341     544      285      430      648      
18       13060    777      340      587      873      268      842      890      793      735      465      180      231      753      850      815      477      1016     0        464      764      411      184      1014     852      627      102      562      86       868      774      910      156      269      725      856      859      970      784      685      517      
19       4760     436      803      330      870      203      867      629      410      791      344      324      253      736      733      710      300      880      464      0        791      382      641      726      527      512      371      98       423      701      509      475      400      196      733      393      519      1087     767      452      232      
20       14460    608      876      1111     111      703      80       495      689      50       447      835      811      79       244      219      492      350      764      791      0        425      773      590      1316     300      707      823      825      329      480      861      878      767      59       964      1305     314      73       440      578      
21       8060     424      659      690      519      280      504      489      471      416      80       428      393      385      446      413      128      612      411      382      425      0        506      615      909      216      325      437      447      456      381      630      484      343      371      658      902      707      417      289      223      
22       16260    911      164      766      884      440      844      994      938      735      575      362      415      781      907      870      601      1069     184      641      773      506      0        1121     1031     706      269      738      257      941      886      1069     321      450      745      1029     1039     923      808      795      660      
23       10140    293      1271     1027     566      798      607      126      346      634      550      973      913      515      349      371      538      343      1014     726      590      615      1121     0        1124     428      917      683      1029     261      240      441      1046     845      554      618      1101     858      518      329      526      
24       12800    846      1166     264      1390     676      1390     1063     779      1318     870      671      632      1257     1230     1213     823      1360     852      527      1316     909      1031     1124     0        1028     799      497      773      1181     963      714      711      627      1257     529      31       1615     1287     935      741      
25       8440     329      849      841      362      475      367      303      403      317      187      637      594      232      235      205      216      399      627      512      300      216      706      428      1028     0        541      531      662      241      226      577      697      536      241      666      1014     613      260      155      286      
26       11040    675      432      538      813      170      786      794      690      683      370      146      166      687      770      736      379      936      102      371      707      325      269      917      799      541      0        468      122      781      676      808      171      185      663      760      802      937      719      588      415      
27       3520     390      900      345      893      298      895      597      348      828      384      420      350      761      736      717      333      872      562      98       823      437      738      683      497      531      468      0        521      693      485      388      496      294      764      295      483      1128     791      443      245      
28       12640    776      401      508      932      246      905      908      783      800      488      108      173      808      892      858      491      1058     86       423      825      447      257      1029     773      662      122      521      0        902      788      886      69       227      783      816      782      1045     839      702      515      
29       10820    358      1078     1029     311      703      349      179      441      374      418      871      823      254      89       110      432      180      868      701      329      456      941      261      1181     241      781      693      902      0        224      595      934      762      295      737      1163     605      256      250      469      
30       6460     136      1040     828      502      560      527      122      220      512      312      735      677      401      293      290      297      397      774      509      480      381      886      240      963      226      676      485      788      224      0        384      806      610      428      515      944      787      418      91       292      
31       5120     252      1233     684      887      643      911      427      173      888      550      795      725      783      674      674      502      747      910      475      861      630      1069     441      714      577      808      388      886      595      384      0        873      661      806      186      688      1171     802      424      418      
32       12460    782      456      447      983      249      957      928      781      854      516      77       147      856      930      897      513      1095     156      400      878      484      321      1046     711      697      171      496      69       934      806      873      0        213      833      789      721      1106     888      723      523      
33       8200     573      610      376      863      63       847      732      569      754      348      135      68       729      771      742      330      932      269      196      767      343      450      845      627      536      185      294      227      762      610      661      213      0        715      590      628      1035     761      532      319      
34       13280    554      857      1055     150      651      133      452      633      84       389      788      761      43       216      185      434      345      725      733      59       371      745      554      1257     241      663      764      783      295      428      806      833      715      0        906      1246     372      63       384      519      
35       5120     379      1193     525      1007     590      1024     584      297      983      585      714      645      890      807      801      532      902      856      393      964      658      1029     618      529      666      760      295      816      737      515      186      789      590      906      0        502      1278     913      526      435      
36       12440    825      1177     274      1377     675      1378     1043     757      1308     860      678      636      1245     1214     1198     813      1341     859      519      1305     902      1039     1101     31       1014     802      483      782      1163     944      688      721      628      1246     502      0        1606     1274     918      728      
37       20720    919      981      1397     294      973      261      783      1000     299      745      1079     1068     389      516      505      794      544      970      1087     314      707      923      858      1615     613      937      1128     1045     605      787      1171     1106     1035     372      1278     1606     0        369      753      885      
38       13580    550      921      1092     103      697      110      425      632      121      426      840      810      32       170      146      466      285      784      767      73       417      808      518      1287     260      719      791      839      256      418      802      888      761      63       913      1274     369      0        387      545      
39       6020     174      949      779      481      479      497      206      250      464      221      653      598      364      296      282      210      430      685      452      440      289      795      329      935      155      588      443      702      250      91       424      723      532      384      526      918      753      387      0        223      
40       3600     261      823      562      648      274      650      415      278      585      152      449      387      516      501      479      98       648      517      232      578      223      660      526      741      286      415      245      515      469      292      418      523      319      519      435      728      885      545      223      0        
;

