
sets
i        orders          /0*40/
k        routes          /1*40/
p        positions       /0*40/
;

alias(i,j)
alias(i,h)
alias(i,hh)
alias(i,jj)
alias(k,kk)
                
                    Parameters

rho(i)	Processing time
/
0	0
1	9
2	27
3	2
4	47
5	44
6	10
7	67
8	26
9	49
10	6
11	35
12	23
13	94
14	69
15	39
16	53
17	92
18	94
19	94
20	42
21	63
22	10
23	89
24	8
25	23
26	53
27	88
28	81
29	2
30	29
31	48
32	36
33	74
34	22
35	49
36	82
37	50
38	8
39	66
40	29
/

gamma(i)	Duedate
/
0	0
1	28
2	64
3	88
4	76
5	26
6	6
7	55
8	92
9	86
10	84
11	93
12	14
13	73
14	56
15	78
16	80
17	88
18	34
19	33
20	95
21	51
22	67
23	6
24	42
25	39
26	52
27	29
28	99
29	40
30	5
31	73
32	50
33	26
34	48
35	85
36	60
37	81
38	66
39	79
40	13
/

sigma(i)	Size
/
0	0
1	1
2	3
3	4
4	6
5	9
6	5
7	9
8	5
9	6
10	9
11	9
12	8
13	4
14	3
15	6
16	3
17	6
18	2
19	8
20	3
21	8
22	3
23	9
24	5
25	5
26	2
27	7
28	5
29	5
30	2
31	9
32	5
33	3
34	7
35	7
36	2
37	2
38	4
39	2
40	3
/

epsilon(i)	Priority
/
0	0
1	2
2	3
3	6
4	3
5	8
6	8
7	8
8	4
9	8
10	7
11	4
12	6
13	3
14	5
15	2
16	5
17	4
18	2
19	3
20	7
21	1
22	4
23	2
24	4
25	5
26	4
27	1
28	5
29	7
30	8
31	2
32	1
33	5
34	9
35	3
36	7
37	8
38	4
39	5
40	9
/

psi	Vehicle Capacity
/ 10 /
;

Table kappa(i,j)                 Setup
         0        1        2        3        4        5        6        7        8        9        10       11       12       13       14       15       16       17       18       19       20       21       22       23       24       25       26       27       28       29       30       31       32       33       34       35       36       37       38       39       40       
0        0        53       636      393      902      326      670      1021     777      885      785      1015     1155     972      1301     151      519      805      619      979      356      1123     840      1048     823      218      437      954      958      619      642      256      519      94       1297     1274     978      1195     617      753      514      
1        53       0        584      349      897      338      641      1025     731      853      757      1021     1158     959      1259     196      567      803      571      973      322      1093     822      1038     788      166      388      967      967      648      590      206      523      63       1257     1234     936      1162     639      763      465      
2        636      584      0        318      940      712      519      1128     273      596      585      1154     1244     906      793      746      1095     902      183      992      417      804      749      1001     512      439      240      1181     1139     1031     21       428      758      580      821      805      503      843      970      981      336      
3        393      349      318      0        712      395      345      883      386      528      453      899      1009     723      909      464      788      648      233      777      100      769      568      814      454      282      79       900      870      715      313      310      454      377      908      886      586      832      658      692      435      
4        902      897      940      712      0        597      422      195      768      472      392      236      304      151      927      836      870      110      759      78       644      542      219      169      516      942      770      339      262      556      923      985      395      957      868      840      737      618      464      278      1146     
5        326      338      712      395      597      0        483      699      734      705      586      690      832      690      1184     238      415      492      607      675      298      922      583      754      667      451      472      629      632      335      708      500      202      402      1160     1133     876      1001     306      427      738      
6        670      641      519      345      422      483      0        614      360      223      115      645      725      393      705      675      887      399      337      472      322      455      234      487      186      620      380      698      643      680      502      653      381      687      677      650      415      529      592      522      759      
7        1021     1025     1128     883      195      699      614      0        963      662      588      57       133      307      1096     932      887      235      949      179      806      700      413      259      710      1092     947      210      130      557      1112     1137     502      1087     1031     1004     927      770      482      290      1317     
8        777      731      273      386      768      734      360      963      0        350      378      999      1064     700      544      848      1148     759      161      805      454      536      555      792      272      626      344      1058     1002     1004     252      633      705      748      560      542      234      571      925      880      604      
9        885      853      596      528      472      705      223      662      350      0        123      708      745      370      500      898      1102     501      422      488      530      241      254      456      84       810      539      800      730      870      575      836      581      893      462      434      265      309      776      664      893      
10       785      757      585      453      392      586      115      588      378      123      0        627      685      325      622      786      980      401      402      426      437      341      176      418      127      732      479      704      640      748      566      762      458      802      585      557      363      417      655      553      852      
11       1015     1021     1154     899      236      690      645      57       999      708      627      0        149      359      1149     919      853      253      978      232      818      754      455      315      752      1096     965      156      82       523      1139     1143     498      1084     1085     1058     973      825      454      268      1331     
12       1155     1158     1244     1009     304      832      725      133      1064     745      685      149      0        375      1142     1063     1001     364      1063     259      935      743      509      300      802      1224     1071     287      228      672      1227     1269     635      1220     1071     1046     1005     804      604      416      1444     
13       972      959      906      723      151      690      393      307      700      370      325      359      375      0        789      925      1000     246      723      127      673      397      159      94       432      980      770      483      403      697      888      1018     497      1015     726      699      630      470      602      426      1150     
14       1301     1259     793      909      927      1184     705      1096     544      500      622      1149     1142     789      0        1348     1592     983      703      917      953      399      732      845      518      1167     881      1267     1189     1370     774      1177     1079     1284     81       99       323      343      1276     1156     1128     
15       151      196      746      464      836      238      675      932      848      898      786      919      1063     925      1348     0        371      731      697      914      398      1128     810      992      846      360      524      841      855      483      749      402      440      245      1335     1310     1029     1204     494      651      661      
16       519      567      1095     788      870      415      887      887      1148     1102     980      853      1001     1000     1592     371      0        760      1013     941      700      1301     935      1039     1073     731      860      725      773      330      1094     773      528      611      1563     1536     1290     1382     409      606      1032     
17       805      803      902      648      110      492      399      235      759      501      401      253      364      246      983      731      760      0        726      187      571      613      251      279      529      860      713      303      243      451      886      905      290      864      929      901      762      692      357      182      1082     
18       619      571      183      233      759      607      337      949      161      422      402      978      1063     723      703      697      1013     726      0        809      313      643      565      817      338      465      183      1014     967      902      165      474      613      587      714      694      386      692      832      819      475      
19       979      973      992      777      78       675      472      179      805      488      426      232      259      127      917      914      941      187      809      0        714      522      249      102      543      1015     832      363      281      623      974      1057     474      1033     852      826      752      594      533      342      1211     
20       356      322      417      100      644      298      322      806      454      530      437      818      935      673      953      398      700      571      313      714      0        770      524      760      466      306      179      809      784      615      411      345      358      365      944      920      632      840      558      600      513      
21       1123     1093     804      769      542      922      455      700      536      241      341      754      743      397      399      1128     1301     613      643      522      770      0        375      446      316      1051     776      880      800      1037     783      1076     773      1134     330      304      349      81       941      793      1119     
22       840      822      749      568      219      583      234      413      555      254      176      455      509      159      732      810      935      251      565      249      524      375      0        253      297      830      611      546      475      662      731      867      409      875      680      652      519      457      565      424      991      
23       1048     1038     1001     814      169      754      487      259      792      456      418      315      300      94       845      992      1039     279      817      102      760      446      253      0        522      1066     862      458      375      724      982      1106     556      1095     777      751      710      512      632      443      1242     
24       823      788      512      454      516      667      186      710      272      84       127      752      802      432      518      846      1073     529      338      543      466      316      297      522      0        736      459      832      767      862      491      759      565      825      493      466      237      378      771      679      810      
25       218      166      439      282      942      451      620      1092     626      810      732      1096     1224     980      1167     360      731      860      465      1015     306      1051     830      1066     736      0        287      1063     1052     781      448      48       604      143      1175     1154     847      1114     757      853      302      
26       437      388      240      79       770      472      380      947      344      539      479      965      1071     770      881      524      860      713      183      832      179      776      611      862      459      287      0        972      940      794      236      303      531      404      887      866      560      835      737      766      380      
27       954      967      1181     900      339      629      698      210      1058     800      704      156      287      483      1267     841      725      303      1014     363      809      880      546      458      832      1063     972      0        82       400      1168     1111     460      1031     1207     1180     1063     954      351      211      1321     
28       958      967      1139     870      262      632      643      130      1002     730      640      82       228      403      1189     855      773      243      967      281      784      800      475      375      767      1052     940      82       0        444      1125     1099     448      1031     1128     1101     994      874      379      205      1298     
29       619      648      1031     715      556      335      680      557      1004     870      748      523      672      697      1370     483      330      451      902      623      615      1037     662      724      862      781      794      400      444      0        1024     829      301      709      1329     1301     1095     1119     96       282      1073     
30       642      590      21       313      923      708      502      1112     252      575      566      1139     1227     888      774      749      1094     886      165      974      411      783      731      982      491      448      236      1168     1125     1024     0        440      748      588      801      785      482      822      962      968      356      
31       256      206      428      310      985      500      653      1137     633      836      762      1143     1269     1018     1177     402      773      905      474      1057     345      1076     867      1106     759      48       303      1111     1099     829      440      0        652      171      1187     1167     859      1137     806      901      259      
32       519      523      758      454      395      202      381      502      705      581      458      498      635      497      1079     440      528      290      613      474      358      773      409      556      565      604      531      460      448      301      748      652      0        586      1044     1016     796      854      220      249      862      
33       94       63       580      377      957      402      687      1087     748      893      802      1084     1220     1015     1284     245      611      864      587      1033     365      1134     875      1095     825      143      404      1031     1031     709      588      171      586      0        1285     1263     961      1202     702      827      425      
34       1297     1257     821      908      868      1160     677      1031     560      462      585      1085     1071     726      81       1335     1563     929      714      852      944      330      680      777      493      1175     887      1207     1128     1329     801      1187     1044     1285     0        28       328      268      1234     1105     1157     
35       1274     1234     805      886      840      1133     650      1004     542      434      557      1058     1046     699      99       1310     1536     901      694      826      920      304      652      751      466      1154     866      1180     1101     1301     785      1167     1016     1263     28       0        309      244      1206     1077     1141     
36       978      936      503      586      737      876      415      927      234      265      363      973      1005     630      323      1029     1290     762      386      752      632      349      519      710      237      847      560      1063     994      1095     482      859      796      961      328      309      0        362      1006     916      837      
37       1195     1162     843      832      618      1001     529      770      571      309      417      825      804      470      343      1204     1382     692      692      594      840      81       457      512      378      1114     835      954      874      1119     822      1137     854      1202     268      244      362      0        1022     874      1165     
38       617      639      970      658      464      306      592      482      925      776      655      454      604      602      1276     494      409      357      832      533      558      941      565      632      771      757      737      351      379      96       962      806      220      702      1234     1206     1006     1022     0        196      1039     
39       753      763      981      692      278      427      522      290      880      664      553      268      416      426      1156     651      606      182      819      342      600      793      424      443      679      853      766      211      205      282      968      901      249      827      1105     1077     916      874      196      0        1110     
40       514      465      336      435      1146     738      759      1317     604      893      852      1331     1444     1150     1128     661      1032     1082     475      1211     513      1119     991      1242     810      302      380      1321     1298     1073     356      259      862      425      1157     1141     837      1165     1039     1110     0        
;



Table delta(i,j)                 Distance
         0        1        2        3        4        5        6        7        8        9        10       11       12       13       14       15       16       17       18       19       20       21       22       23       24       25       26       27       28       29       30       31       32       33       34       35       36       37       38       39       40       
0        0        2440     6520     14200    13080    22420    15400    10700    16120    21480    4040     11580    18740    11180    4320     2660     4580     14220    9440     10260    8100     11600    12460    19960    1800     11160    18840    16900    17320    13820    4140     8120     13740    20680    7280     6640     5700     15940    20740    6980     3660     
1        2440     0        360      826      681      1204     889      561      928      1147     324      553      990      658      330      210      127      720      536      541      509      680      678      1101     83       643      1064     965      977      658      274      342      696      1109     450      402      337      917      1111     410      298      
2        6520     360      0        851      328      871      880      856      797      799      348      313      631      790      451      448      335      390      197      187      307      803      322      823      280      822      960      935      737      424      519      293      366      766      640      115      601      764      767      655      425      
3        14200    826      851      0        1070     1106     94       671      375      1145     535      1164     1158     263      495      629      938      1175     817      969      590      240      935      832      794      364      378      179      658      1273     596      1082     1154     1093     443      753      595      423      1102     540      528      
4        13080    681      328      1070     0        674      1074     1181     902      568      642      283      349      1068     755      774      627      114      253      141      480      1077     163      742      606      1116     1071     1108     729      322      844      479      101      551      948      356      926      853      548      974      735      
5        22420    1204     871      1106     674      0        1053     1540     757      134      988      957      369      1253     1092     1191     1205     751      675      749      734      1248     566      302      1120     1343     874      1032     456      986      1237     1123     754      126      1249     803      1308     699      132      1321     1092     
6        15400    889      880      94       1074     1053     0        765      304      1101     584      1190     1133     357      560      700      997      1183     825      983      600      335      931      769      851      459      285      86       598      1297     673      1126     1163     1049     529      776      679      357      1059     628      591      
7        10700    561      856      671      1181     1540     765      0        977      1524     568      1108     1431     407      455      408      680      1245     969      1041     815      431      1125     1340     606      310      1037     850      1173     1217     338      903      1221     1478     295      835      255      1001     1483     220      463      
8        16120    928      797      375      902      757      304      977      0        818      604      1079     885      595      639      785      1009     1016     678      844      490      579      743      467      867      699      170      275      300      1174     787      1080     1000     767      696      682      822      60       777      794      661      
9        21480    1147     799      1145     568      134      1101     1524     818      0        961      850      241      1267     1070     1156     1135     635      610      659      709      1264     481      395      1063     1351     951      1091     522      870      1208     1033     640      51       1240     746      1283     758      43       1304     1067     
10       4040     324      348      535      642      988      584      568      604      961      0        656      863      441      116      209      417      726      408      511      253      456      562      828      271      476      740      654      684      769      249      547      702      915      307      285      322      596      920      349      106      
11       11580    553      313      1164     283      957      1190     1108     1079     850      656      0        624      1097     749      712      457      234      405      246      599      1112     414      1003     502      1120     1248     1241     962      113      786      248      219      834      931      414      864      1039     831      928      720      
12       18740    990      631      1158     349      369      1133     1431     885      241      863      624      0        1231     979      1038     957      400      466      464      631      1233     313      552      909      1302     1039     1141     622      634      1099     827      408      244      1163     606      1179     826      237      1212     968      
13       11180    658      790      263      1068     1253     357      407      595      1267     441      1097     1231     0        352      447      782      1160     819      945      606      26       961      1010     650      104      634      443      835      1210     393      962      1137     1216     216      717      367      629      1224     299      384      
14       4320     330      451      495      755      1092     560      455      639      1070     116      749      979      352      0        147      445      835      524      621      361      370      678      915      305      371      756      638      761      862      155      611      811      1024     192      399      216      641      1029     234      33       
15       2660     210      448      629      774      1191     700      408      785      1156     209      712      1038     447      147      0        336      838      572      633      457      470      727      1038     218      434      904      781      891      824      74       534      814      1113     240      434      154      786      1117     216      124      
16       4580     127      335      938      627      1205     997      680      1009     1135     417      457      957      782      445      336      0        648      530      495      556      804      655      1133     146      770      1154     1069     1024     555      402      225      626      1101     576      410      463      992      1102     537      412      
17       14220    720      390      1175     114      751      1183     1245     1016     635      726      234      400      1160     835      838      648      0        358      215      585      1170     276      845      652      1202     1185     1219     840      235      910      468      24       625      1027     443      991      967      620      1045     812      
18       9440     536      197      817      253      675      825      969      678      610      408      405      466      819      524      572      530      358      0        165      226      826      155      632      453      873      848      864      564      495      634      476      338      573      714      140      715      635      575      754      509      
19       10260    541      187      969      141      749      983      1041     844      659      511      246      464      945      621      633      495      215      165      0        382      956      184      762      465      987      1014     1025     716      330      704      374      192      633      814      228      786      801      632      836      600      
20       8100     509      307      590      480      734      600      815      490      709      253      599      631      606      361      457      556      585      226      382      0        611      356      593      432      671      654      644      469      701      502      593      564      663      535      192      575      458      668      595      358      
21       11600    680      803      240      1077     1248     335      431      579      1264     456      1112     1233     26       370      470      804      1170     826      956      611      0        967      1001     670      124      613      419      826      1225     417      982      1147     1213     241      728      392      615      1221     325      402      
22       12460    678      322      935      163      566      931      1125     743      481      562      414      313      961      678      727      655      276      155      184      356      967      0        590      596      1021     912      959      566      474      790      557      264      452      868      293      871      692      452      909      664      
23       19960    1101     823      832      742      302      769      1340     467      395      828      1003     552      1010     915      1038     1133     845      632      762      593      1001     590      0        1021     1107     573      741      175      1062     1069     1109     839      352      1045     726      1130     411      362      1129     924      
24       1800     83       280      794      606      1120     851      606      867      1063     271      502      909      650      305      218      146      652      453      465      432      670      596      1021     0        648      1010     923      901      611      290      317      628      1025     454      318      365      852      1027     432      271      
25       11160    643      822      364      1116     1343     459      310      699      1351     476      1120     1302     104      371      434      770      1202     873      987      671      124      1021     1107     648      0        738      543      933      1233     369      965      1179     1301     194      761      322      732      1307     247      399      
26       18840    1064     960      378      1071     874      285      1037     170      951      740      1248     1039     634      756      904      1154     1185     848      1014     654      613      912      573      1010     738      0        214      429      1343     894      1239     1170     902      778      846      917      220      912      878      783      
27       16900    965      935      179      1108     1032     86       850      275      1091     654      1241     1141     443      638      781      1069     1219     864      1025     644      419      959      741      923      543      214      0        576      1345     756      1190     1200     1040     615      827      764      334      1049     714      669      
28       17320    977      737      658      729      456      598      1173     300      522      684      962      622      835      761      891      1024     840      564      716      469      826      566      175      901      933      429      576      0        1037     917      1031     830      473      879      629      973      242      483      966      773      
29       13820    658      424      1273     322      986      1297     1217     1174     870      769      113      634      1210     862      824      555      235      495      330      701      1225     474      1062     611      1233     1343     1345     1037     0        898      335      231      860      1044     521      975      1131     855      1040     834      
30       4140     274      519      596      844      1237     673      338      787      1208     249      786      1099     393      155      74       402      910      634      704      502      417      790      1069     290      369      894      756      917      898      0        606      886      1163     178      498      82       793      1168     142      146      
31       8120     342      293      1082     479      1123     1126     903      1080     1033     547      248      827      962      611      534      225      468      476      374      593      982      557      1109     317      965      1239     1190     1031     335      606      0        448      1007     771      406      676      1051     1006     747      579      
32       13740    696      366      1154     101      754      1163     1221     1000     640      702      219      408      1137     811      814      626      24       338      192      564      1147     264      839      628      1179     1170     1200     830      231      886      448      0        628      1003     420      967      952      624      1021     789      
33       20680    1109     766      1093     551      126      1049     1478     767      51       915      834      244      1216     1024     1113     1101     625      573      633      663      1213     452      352      1025     1301     902      1040     473      860      1163     1007     628      0        1192     707      1238     707      10       1257     1021     
34       7280     450      640      443      948      1249     529      295      696      1240     307      931      1163     216      192      240      576      1027     714      814      535      241      868      1045     454      194      778      615      879      1044     178      771      1003     1192     0        591      153      715      1197     100      215      
35       6640     402      115      753      356      803      776      835      682      746      285      414      606      717      399      434      410      443      140      228      192      728      293      726      318      761      846      827      629      521      498      406      420      707      591      0        580      649      709      622      380      
36       5700     337      601      595      926      1308     679      255      822      1283     322      864      1179     367      216      154      463      991      715      786      575      392      871      1130     365      322      917      764      973      975      82       676      967      1238     153      580      0        833      1242     76       216      
37       15940    917      764      423      853      699      357      1001     60       758      596      1039     826      629      641      786      992      967      635      801      458      615      692      411      852      732      220      334      242      1131     793      1051     952      707      715      649      833      0        717      810      662      
38       20740    1111     767      1102     548      132      1059     1483     777      43       920      831      237      1224     1029     1117     1102     620      575      632      668      1221     452      362      1027     1307     912      1049     483      855      1168     1006     624      10       1197     709      1242     717      0        1262     1026     
39       6980     410      655      540      974      1321     628      220      794      1304     349      928      1212     299      234      216      537      1045     754      836      595      325      909      1129     432      247      878      714      966      1040     142      747      1021     1257     100      622      76       810      1262     0        244      
40       3660     298      425      528      735      1092     591      463      661      1067     106      720      968      384      33       124      412      812      509      600      358      402      664      924      271      399      783      669      773      834      146      579      789      1021     215      380      216      662      1026     244      0        
;

