

sets
i        orders          /0*10/
k        routes          /1*10/
p        positions       /0*10/
;

alias(i,j)
alias(i,h)
alias(i,hh)
alias(i,jj)
alias(k,kk)
                            Parameters

rho(i)	Processing time
/
0	0
1	15
2	41
3	42
4	15
5	62
6	98
7	57
8	34
9	85
10	87
/

gamma(i)	Duedate
/
0	0
1	26
2	36
3	29
4	51
5	29
6	69
7	22
8	32
9	97
10	69
/

sigma(i)	Size
/
0	0
1	2
2	3
3	3
4	1
5	5
6	4
7	8
8	5
9	9
10	8
/

epsilon(i)	Priority
/
0	0
1	2
2	4
3	5
4	3
5	5
6	5
7	6
8	2
9	7
10	5
/

psi	Vehicle Capacity
/ 25 /
;

Table kappa(i,j)                 Setup
         0        1        2        3        4        5        6        7        8        9        10       
0        0        279      342      166      332      199      318      184      341      201      168      
1        279      0        456      434      606      396      442      432      617      468      429      
2        342      456      0        292      393      529      24       242      520      294      272      
3        166      434      292      0        173      274      269      51       240      34       19       
4        332      606      393      173      0        369      374      191      161      142      182      
5        199      396      529      274      369      0        505      318      284      298      288      
6        318      442      24       269      374      505      0        219      498      271      249      
7        184      432      242      51       191      318      219      0        283      56       31       
8        341      617      520      240      161      284      498      283      0        227      258      
9        201      468      294      34       142      298      271      56       227      0        40       
10       168      429      272      19       182      288      249      31       258      40       0        
;



Table delta(i,j)                 Distance
         0        1        2        3        4        5        6        7        8        9        10       
0        0        4680     6570     6450     2580     360      4200     3450     6540     8850     7110     
1        4680     0        67       197      150      145      232      41       246      283      169      
2        6570     67       0        198      195      208      271      104      260      275      149      
3        6450     197      198      0        131      215      143      185      70       88       67       
4        2580     150      195      131      0        88       82       115      135      209      163      
5        360      145      208      215      88       0        149      104      222      297      233      
6        4200     232      271      143      82       149      0        197      103      192      200      
7        3450     41       104      185      115      104      197      0        225      273      171      
8        6540     246      260      70       135      222      103      225      0        89       138      
9        8850     283      275      88       209      297      192      273      89       0        127      
10       7110     169      149      67       163      233      200      171      138      127      0        
;

