
sets
i        orders          /0*40/
k        routes          /1*40/
p        positions       /0*40/
;

alias(i,j)
alias(i,h)
alias(i,hh)
alias(i,jj)
alias(k,kk)
                
                    Parameters

rho(i)	Processing time
/
0	0
1	32
2	47
3	1
4	41
5	18
6	52
7	29
8	71
9	98
10	97
11	61
12	6
13	22
14	54
15	43
16	86
17	9
18	54
19	7
20	92
21	76
22	11
23	30
24	69
25	37
26	53
27	93
28	96
29	30
30	88
31	53
32	88
33	95
34	24
35	16
36	8
37	13
38	30
39	54
40	30
/

gamma(i)	Duedate
/
0	0
1	53
2	33
3	64
4	55
5	69
6	33
7	67
8	15
9	38
10	56
11	3
12	92
13	53
14	79
15	82
16	6
17	77
18	30
19	1
20	21
21	15
22	10
23	17
24	26
25	50
26	89
27	54
28	29
29	5
30	21
31	12
32	63
33	25
34	79
35	39
36	6
37	6
38	39
39	42
40	77
/

sigma(i)	Size
/
0	0
1	5
2	9
3	4
4	7
5	6
6	6
7	4
8	3
9	5
10	9
11	4
12	1
13	8
14	2
15	8
16	6
17	1
18	9
19	9
20	7
21	8
22	7
23	1
24	1
25	2
26	9
27	8
28	4
29	1
30	5
31	5
32	8
33	9
34	1
35	2
36	5
37	4
38	5
39	6
40	8
/

epsilon(i)	Priority
/
0	0
1	6
2	1
3	3
4	7
5	2
6	3
7	9
8	6
9	1
10	2
11	5
12	2
13	7
14	7
15	9
16	9
17	5
18	6
19	6
20	5
21	8
22	5
23	1
24	4
25	8
26	1
27	3
28	9
29	9
30	1
31	4
32	1
33	1
34	8
35	9
36	8
37	1
38	4
39	6
40	4
/

psi	Vehicle Capacity
/ 23 /
;

Table kappa(i,j)                 Setup
         0        1        2        3        4        5        6        7        8        9        10       11       12       13       14       15       16       17       18       19       20       21       22       23       24       25       26       27       28       29       30       31       32       33       34       35       36       37       38       39       40       
0        0        544      688      342      858      858      245      240      515      1076     958      410      1016     1086     325      279      649      364      943      865      858      828      735      792      1168     1195     649      305      1189     516      324      886      823      876      984      689      652      615      387      958      246      
1        544      0        724      220      1090     606      618      536      91       882      416      796      656      778      706      341      586      229      460      320      798      328      626      955      638      1111     994      381      817      650      619      392      418      486      565      809      156      994      279      541      358      
2        688      724      0        728      417      390      476      449      787      457      945      467      602      580      459      798      154      775      755      903      187      732      187      257      1029     509      476      443      734      179      387      746      579      577      669      122      879      522      846      651      780      
3        342      220      728      0        1033     726      477      407      173      991      634      665      824      929      571      125      621      46       670      536      848      541      685      921      859      1183     888      298      994      606      506      604      596      660      754      784      310      874      118      728      138      
4        858      1090     417      1033     0        794      613      647      1136     765      1357     467      1001     949      535      1064     569      1079     1172     1309     511      1146     600      163      1447     649      268      737      1110     440      546      1162     996      993      1082     299      1247     333      1141     1065     1037     
5        858      606      390      726      794      0        729      664      694      277      648      799      213      230      757      838      273      765      413      642      304      444      203      630      672      530      860      553      360      494      657      430      258      223      291      511      726      900      836      278      834      
6        245      618      476      477      613      729      0        85       625      905      999      188      918      959      94       471      478      516      919      918      659      829      567      548      1175     984      420      251      1084     297      89       875      768      807      918      455      760      399      564      893      441      
7        240      536      449      407      647      664      85       0        547      856      914      261      845      894      169      419      426      449      836      833      623      743      514      562      1090     958      480      165      1014     276      102      790      687      728      839      451      680      467      503      814      391      
8        515      91       787      173      1136     694      625      547      0        970      469      809      748      870      716      278      656      164      545      369      874      411      702      1007     703      1193     1019     406      909      696      639      475      510      577      655      864      138      1013     198      632      301      
9        1076     882      457      991      765      277      905      856      970      0        892      923      351      229      906      1096     429      1032     640      901      277      702      341      616      861      284      913      780      378      622      820      675      518      465      483      551      1003     967      1104     484      1088     
10       958      416      945      634      1357     648      999      914      469      892      0        1159     555      700      1077     747      790      634      255      101      937      213      782      1201     243      1169     1323     749      652      941      978      219      390      429      419      1057     362      1337     664      412      768      
11       410      796      467      665      467      799      188      261      809      923      1159     0        1003     1019     94       657      527      704      1052     1084     653      975      610      444      1318     947      239      416      1159     308      180      1015     889      917      1027     399      941      211      752      1003     626      
12       1016     656      602      824      1001     213      918      845      748      351      555      1003     0        144      954      946      483      855      300      582      497      392      416      838      510      636      1073     714      173      703      852      349      237      170      136      724      740      1113     920      144      948      
13       1086     778      580      929      949      230      959      894      870      229      700      1019     144      0        982      1047     492      964      445      726      438      534      410      791      640      510      1056     781      160      711      884      493      367      302      280      695      874      1103     1032     288      1046     
14       325      706      459      571      535      757      94       169      716      906      1077     94       954      982      0        564      492      610      982      999      647      898      579      488      1244     959      327      329      1116     284      104      941      823      857      967      415      850      304      658      943      534      
15       279      341      798      125      1064     838      471      419      278      1096     747      657      946      1047     564      0        707      113      795      648      934      665      778      967      977      1273     891      355      1117     657      521      729      720      783      878      839      404      868      108      853      32       
16       649      586      154      621      569      273      478      426      656      429      790      527      483      492      492      707      0        666      605      750      227      578      88       410      880      566      593      364      633      221      397      593      429      433      532      270      738      630      739      512      693      
17       364      229      775      46       1079     765      516      449      164      1032     634      704      855      964      610      113      666      0        687      534      893      556      729      967      864      1227     929      344      1023     652      549      620      624      689      779      831      294      914      73       754      136      
18       943      460      755      670      1172     413      919      836      545      640      255      1052     300      445      982      795      605      687      0        289      714      133      576      1011     275      921      1181     676      410      791      877      69       176      189      165      874      494      1205     740      157      807      
19       865      320      903      536      1309     642      918      833      369      901      101      1084     582      726      999      648      750      534      289      0        915      198      753      1157     342      1171     1258     669      699      883      903      233      384      435      451      1011     262      1269     563      438      669      
20       858      798      187      848      511      304      659      623      874      277      937      653      497      438      647      934      227      893      714      915      0        725      172      352      977      341      636      587      598      364      570      722      548      524      595      274      943      690      966      583      919      
21       828      328      732      541      1146     444      829      743      411      702      213      975      392      534      898      665      578      556      133      198      725      0        569      989      347      972      1125     579      527      738      796      64       186      237      269      846      364      1143     607      252      679      
22       735      626      187      685      600      203      567      514      702      341      782      610      416      410      579      778      88       729      576      753      172      569      0        437      848      497      657      444      556      302      486      574      402      393      482      310      771      698      802      465      766      
23       792      955      257      921      163      630      548      562      1007     616      1201     444      838      791      488      967      410      967      1011     1157     352      989      437      0        1285     541      322      623      950      315      468      1003     835      830      918      146      1111     386      1033     902      942      
24       1168     638      1029     859      1447     672      1175     1090     703      861      243      1318     510      640      1244     977      880      864      275      342      977      347      848      1285     0        1146     1455     926      541      1065     1141     302      451      455      386      1150     604      1478     900      394      996      
25       1195     1111     509      1183     649      530      984      958      1193     284      1169     947      636      510      959      1273     566      1227     921      1171     341      972      497      541      1146     0        863      928      646      687      895      951      786      740      767      547      1246     927      1300     766      1259     
26       649      994      476      888      268      860      420      480      1019     913      1323     239      1073     1056     327      891      593      929      1181     1258     636      1125     657      322      1455     863      0        614      1210     389      382      1155     1007     1022     1124     364      1146     66       982      1104     861      
27       305      381      443      298      737      553      251      165      406      780      749      416      714      781      329      355      364      344      676      669      587      579      444      623      926      928      614      0        886      308      238      628      536      583      693      488      531      612      411      667      336      
28       1189     817      734      994      1110     360      1084     1014     909      378      652      1159     173      160      1116     1117     633      1023     410      699      598      527      556      950      541      646      1210     886      0        854      1015     472      400      334      258      851      888      1254     1087     278      1120     
29       516      650      179      606      440      494      297      276      696      622      941      308      703      711      284      657      221      652      791      883      364      738      302      315      1065     687      389      308      854      0        208      767      618      635      741      182      807      417      719      719      634      
30       324      619      387      506      546      657      89       102      639      820      978      180      852      884      104      521      397      549      877      903      570      796      486      468      1141     895      382      238      1015     208      0        838      718      752      862      368      768      375      605      838      493      
31       886      392      746      604      1162     430      875      790      475      675      219      1015     349      493      941      729      593      620      69       233      722      64       574      1003     302      951      1155     628      472      767      838      0        174      211      219      863      425      1177     671      205      742      
32       823      418      579      596      996      258      768      687      510      518      390      889      237      367      823      720      429      624      176      384      548      186      402      835      451      786      1007     536      400      618      718      174      0        67       161      698      506      1034     687      135      725      
33       876      486      577      660      993      223      807      728      577      465      429      917      170      302      857      783      433      689      189      435      524      237      393      830      455      740      1022     583      334      635      752      211      67       0        111      698      572      1053     753      86       788      
34       984      565      669      754      1082     291      918      839      655      483      419      1027     136      280      967      878      532      779      165      451      595      269      482      918      386      767      1124     693      258      741      862      219      161      111      0        792      630      1157     839      26       885      
35       689      809      122      784      299      511      455      451      864      551      1057     399      724      695      415      839      270      831      874      1011     274      846      310      146      1150     547      364      488      851      182      368      863      698      698      792      0        966      416      899      774      816      
36       652      156      879      310      1247     726      760      680      138      1003     362      941      740      874      850      404      738      294      494      262      943      364      771      1111     604      1246     1146     531      888      807      768      425      506      572      630      966      0        1143     309      609      430      
37       615      994      522      874      333      900      399      467      1013     967      1337     211      1113     1103     304      868      630      914      1205     1269     690      1143     698      386      1478     927      66       612      1254     417      375      1177     1034     1053     1157     416      1143     0        963      1136     837      
38       387      279      846      118      1141     836      564      503      198      1104     664      752      920      1032     658      108      739      73       740      563      966      607      802      1033     900      1300     982      411      1087     719      605      671      687      753      839      899      309      963      0        815      140      
39       958      541      651      728      1065     278      893      814      632      484      412      1003     144      288      943      853      512      754      157      438      583      252      465      902      394      766      1104     667      278      719      838      205      135      86       26       774      609      1136     815      0        859      
40       246      358      780      138      1037     834      441      391      301      1088     768      626      948      1046     534      32       693      136      807      669      919      679      766      942      996      1259     861      336      1120     634      493      742      725      788      885      816      430      837      140      859      0        
;



Table delta(i,j)                 Distance
         0        1        2        3        4        5        6        7        8        9        10       11       12       13       14       15       16       17       18       19       20       21       22       23       24       25       26       27       28       29       30       31       32       33       34       35       36       37       38       39       40       
0        0        962      502      844      895      862      674      254      721      1276     480      592      893      278      1020     1026     864      896      619      915      208      1091     1367     369      681      706      465      433      878      1085     490      373      895      844      467      1062     764      865      1048     1229     912      
1        962      0        1073     234      202      320      747      718      501      551      556      513      759      727      335      1168     461      1014     501      468      760      1179     572      913      496      1041     523      733      220      165      935      594      420      391      702      406      621      937      664      716      97       
2        502      1073     0        1064     920      1122     414      610      622      1156     814      928      604      672      964      564      1181     472      953      791      578      636      1269     185      604      244      755      343      1093     1132     143      653      1193     775      371      973      570      476      822      1009     989      
3        844      234      1064     0        375      95       813      590      592      780      383      308      884      580      542      1268     234      1107     290      629      636      1292     806      887      570      1085     379      725      34       399      938      475      202      533      704      615      723      1033     838      921      283      
4        895      202      920      375      0        471      562      676      315      439      575      574      558      703      175      968      609      816      571      267      710      977      499      776      320      860      519      591      377      211      778      555      577      190      555      246      426      739      469      545      106      
5        862      320      1122     95       471      0        893      609      679      870      385      288      974      588      637      1353     141      1191     264      724      656      1379     891      941      655      1158     401      788      99       481      1001     504      106      627      770      709      811      1118     933      1016     377      
6        674      747      414      813      562      893      0        611      247      742      713      799      221      675      566      466      992      304      816      384      608      504      856      353      251      298      635      245      834      766      280      569      987      388      218      566      159      238      414      604      652      
7        254      718      610      590      676      609      611      0        570      1086     233      349      807      66       819      1040     621      888      376      749      46       1093     1166     431      526      748      210      378      624      851      537      124      648      662      395      871      650      838      915      1082     678      
8        721      501      622      592      315      679      247      570      0        566      587      646      298      621      343      678      794      519      656      195      586      699      669      502      43       544      510      326      609      521      479      483      780      153      286      362      131      443      346      513      405      
9        1276     551      1156     780      439      870      742      1086     566      0        1012     1012     593      1123     270      968      1012     862      1009     373      1114     943      118      1062     601      1007     952      892      771      403      1018     973      972      431      852      215      585      795      373      265      502      
10       480      556      814      383      575      385      713      233      587      1012     0        117      870      203      742      1173     388      1013     144      727      279      1216     1073     629      547      913      78       523      416      709      718      162      416      628      523      806      699      951      923      1065     542      
11       592      513      928      308      574      288      799      349      646      1012     117      0        939      314      748      1264     272      1102     27       763      395      1304     1061     743      609      1017     175      627      339      675      827      275      303      660      622      816      767      1037     967      1094     520      
12       893      759      604      884      558      974      221      807      298      593      870      939      0        867      493      415      1091     278      951      306      810      419      712      571      331      419      792      460      898      729      486      745      1076     368      429      465      172      204      226      406      662      
13       278      727      672      580      703      588      675      66       621      1123     203      314      867      0        853      1106     586      954      341      795      95       1160     1198     495      578      815      205      444      614      867      602      149      617      705      459      909      707      903      968      1131     695      
14       1020     335      964      542      175      637      566      819      343      270      742      748      493      853      0        907      777      769      746      191      849      903      348      844      368      859      681      664      540      246      821      704      742      191      624      72       410      693      343      381      259      
15       1026     1168     564      1268     968      1353     466      1040     678      968      1173     1264     415      1106     907      0        1457     162      1282     721      1026     75       1085     657      698      325      1097     663      1287     1145     536      1022     1449     778      654      873      549      235      599      728      1070     
16       864      461      1181     234      609      141      992      621      794      1012     388      272      1091     586      777      1457     0        1294     245      855      667      1487     1031     996      765      1242     429      859      241      621      1069     535      53       756      847      850      924      1223     1065     1155     518      
17       896      1014     472      1107     816      1191     304      888      519      862      1013     1102     278      954      769      162      1294     0        1119     579      877      205      980      529      537      230      936      510      1126     1001     411      864      1287     627      497      743      392      77       488      644      916      
18       619      501      953      290      571      264      816      376      656      1009     144      27       951      341      746      1282     245      1119     0        768      422      1320     1055     767      620      1038     198      648      320      664      850      299      276      665      643      815      779      1053     973      1097     513      
19       915      468      791      629      267      724      384      749      195      373      727      763      306      795      191      721      855      579      768      0        770      722      480      689      233      671      656      519      636      423      651      650      830      102      478      182      225      503      210      338      373      
20       208      760      578      636      710      656      608      46       586      1114     279      395      810      95       849      1026     667      877      422      770      0        1082     1196     403      543      727      257      369      670      889      513      166      694      687      390      898      658      830      929      1100     716      
21       1091     1179     636      1292     977      1379     504      1093     699      943      1216     1304     419      1160     903      75       1487     205      1320     722      1082     0        1058     721      723      395      1140     715      1308     1145     601      1069     1477     787      703      864      569      266      580      694      1081     
22       1367     572      1269     806      499      891      856      1166     669      118      1073     1061     712      1198     348      1085     1031     980      1055     480      1196     1058     0        1170     702      1124     1018     996      792      410      1130     1049     987      527      956      308      698      914      492      371      541      
23       369      913      185      887      776      941      353      431      502      1062     629      743      571      495      844      657      996      529      767      689      403      721      1170     0        475      338      570      184      916      987      121      468      1009     653      221      864      486      504      764      953      834      
24       681      496      604      570      320      655      251      526      43       601      547      609      331      578      368      698      765      537      620      233      543      723      702      475      0        544      469      295      589      530      461      440      754      177      256      394      160      462      389      556      403      
25       706      1041     244      1085     860      1158     298      748      544      1007     913      1017     419      815      859      325      1242     230      1038     671      727      395      1124     338      544      0        842      390      1109     1064     218      753      1244     685      395      851      449      248      645      823      947      
26       465      523      755      379      519      401      635      210      510      952      78       175      792      205      681      1097     429      936      198      656      257      1140     1018     570      469      842      0        452      413      669      652      105      449      557      450      742      621      874      848      994      498      
27       433      733      343      725      591      788      245      378      326      892      523      627      460      444      664      663      859      510      648      519      369      715      996      184      295      390      452      0        753      803      212      364      866      473      40       688      337      461      622      807      652      
28       878      220      1093     34       377      99       834      624      609      771      416      339      898      614      540      1287     241      1126     320      636      670      1308     792      916      589      1109     413      753      0        382      965      509      203      542      731      612      739      1051     844      920      280      
29       1085     165      1132     399      211      481      766      851      521      403      709      675      729      867      246      1145     621      1001     664      423      889      1145     410      987      530      1064     669      803      382      0        989      726      576      379      767      303      620      923      590      602      173      
30       490      935      143      938      778      1001     280      537      479      1018     718      827      486      602      821      536      1069     411      850      651      513      601      1130     121      461      218      652      212      965      989      0        556      1077     632      235      831      432      392      694      883      849      
31       373      594      653      475      555      504      569      124      483      973      162      275      745      149      704      1022     535      864      299      650      166      1069     1049     468      440      753      105      364      509      726      556      0        555      558      368      759      579      806      829      987      553      
32       895      420      1193     202      577      106      987      648      780      972      416      303      1076     617      742      1449     53       1287     276      830      694      1477     987      1009     754      1244     449      866      203      576      1077     555      0        733      851      815      911      1214     1040     1122     483      
33       844      391      775      533      190      627      388      662      153      431      628      660      368      705      191      778      756      627      665      102      687      787      527      653      177      685      557      473      542      379      632      558      733      0        433      219      241      550      311      437      294      
34       467      702      371      704      555      770      218      395      286      852      523      622      429      459      624      654      847      497      643      478      390      703      956      221      256      395      450      40       731      767      235      368      851      433      0        648      299      444      584      769      619      
35       1062     406      973      615      246      709      566      871      362      215      806      816      465      909      72       873      850      743      815      182      898      864      308      864      394      851      742      688      612      303      831      759      815      219      648      0        407      669      291      309      332      
36       764      621      570      723      426      811      159      650      131      585      699      767      172      707      410      549      924      392      779      225      658      569      698      486      160      449      621      337      739      620      432      579      911      241      299      407      0        315      284      470      524      
37       865      937      476      1033     739      1118     238      838      443      795      951      1037     204      903      693      235      1223     77       1053     503      830      266      914      504      462      248      874      461      1051     923      392      806      1214     550      444      669      315      0        422      587      839      
38       1048     664      822      838      469      933      414      915      346      373      923      967      226      968      343      599      1065     488      973      210      929      580      492      764      389      645      848      622      844      590      694      829      1040     311      584      291      284      422      0        189      574      
39       1229     716      1009     921      545      1016     604      1082     513      265      1065     1094     406      1131     381      728      1155     644      1097     338      1100     694      371      953      556      823      994      807      920      602      883      987      1122     437      769      309      470      587      189      0        639      
40       912      97       989      283      106      377      652      678      405      502      542      520      662      695      259      1070     518      916      513      373      716      1081     541      834      403      947      498      652      280      173      849      553      483      294      619      332      524      839      574      639      0        
;

