
sets
i        orders          /0*20/
k        routes          /1*20/
p        positions       /0*20/
;

alias(i,j)
alias(i,h)
alias(i,hh)
alias(i,jj)
alias(k,kk)
                
                    Parameters

rho(i)	Processing time
/
0	0
1	88
2	5
3	56
4	61
5	47
6	17
7	4
8	51
9	13
10	93
11	64
12	72
13	63
14	2
15	34
16	14
17	98
18	35
19	57
20	56
/

gamma(i)	Duedate
/
0	0
1	66
2	38
3	92
4	20
5	84
6	14
7	78
8	66
9	34
10	90
11	74
12	97
13	17
14	4
15	29
16	36
17	38
18	20
19	2
20	2
/

sigma(i)	Size
/
0	0
1	2
2	1
3	5
4	6
5	7
6	7
7	5
8	3
9	4
10	1
11	5
12	2
13	2
14	1
15	8
16	3
17	7
18	9
19	3
20	9
/

epsilon(i)	Priority
/
0	0
1	1
2	5
3	1
4	9
5	9
6	1
7	7
8	3
9	7
10	9
11	3
12	7
13	8
14	7
15	3
16	1
17	4
18	6
19	6
20	2
/

psi	Vehicle Capacity
/ 17 /
;

Table kappa(i,j)                 Setup
         0        1        2        3        4        5        6        7        8        9        10       11       12       13       14       15       16       17       18       19       20       
0        0        277      217      348      195      242      382      429      371      373      33       553      231      629      350      375      168      149      342      101      572      
1        277      0        347      74       465      41       297      161      533      236      263      632      258      571      344      155      441      413      189      343      613      
2        217      347      0        389      237      307      249      442      186      283      246      337      109      438      172      351      237      194      280      144      355      
3        348      74       389      0        530      106      285      87       570      215      335      645      289      549      352      110      508      477      172      405      617      
4        195      465      237      530      0        426      480      605      283      498      222      503      323      670      410      535      30       54       481      128      549      
5        242      41       307      106      426      0        276      189      493      222      229      598      221      553      314      160      403      373      176      303      583      
6        382      297      249      285      480      276      0        288      372      74       395      376      159      277      100      188      473      431      113      364      336      
7        429      161      442      87       605      189      288      0        615      213      418      662      335      526      372      101      585      551      182      478      624      
8        371      533      186      570      283      493      372      615      0        428      404      223      281      448      272      518      302      273      440      272      281      
9        373      236      283      215      498      222      74       213      428      0        380      449      177      336      165      114      487      446      46       374      410      
10       33       263      246      335      222      229      395      418      404      380      0        583      250      650      371      372      194      179      346      135      600      
11       553      632      337      645      503      598      376      662      223      449      583      0        380      296      293      561      519      485      481      466      83       
12       231      258      109      289      323      221      159      335      281      177      250      380      0        399      121      242      314      273      171      204      374      
13       629      571      438      549      670      553      277      526      448      336      650      296      399      0        279      441      673      632      382      581      214      
14       350      344      172      352      410      314      100      372      272      165      371      293      121      279      0        271      408      365      190      307      268      
15       375      155      351      110      535      160      188      101      518      114      372      561      242      441      271      0        517      481      81       407      524      
16       168      441      237      508      30       403      473      585      302      487      194      519      314      673      408      517      0        42       467      112      562      
17       149      413      194      477      54       373      431      551      273      446      179      485      273      632      365      481      42       0        428      74       525      
18       342      189      280      172      481      176      113      182      440      46       346      481      171      382      190      81       467      428      0        355      447      
19       101      343      144      405      128      303      364      478      272      374      135      466      204      581      307      407      112      74       355      0        495      
20       572      613      355      617      549      583      336      624      281      410      600      83       374      214      268      524      562      525      447      495      0        
;



Table delta(i,j)                 Distance
         0        1        2        3        4        5        6        7        8        9        10       11       12       13       14       15       16       17       18       19       20       
0        0        3420     1640     1860     2900     2540     3560     3800     1580     2820     280      3700     1160     2880     860      3640     2140     320      640      1020     3040     
1        3420     0        112      151      128      99       30       27       109      185      164      95       147      70       130      128      70       167      168      120      140      
2        1640     112      0        129      154      123      130      137      84       181      83       166      101      63       43       180      43       88       63       45       165      
3        1860     151      129      0        60       60       141      156      49       52       79       115      35       165      93       98       119      77       119      85       63       
4        2900     128      154      60       0        33       108      123      74       62       131      60       88       168      131      38       127      131      166      120      12       
5        2540     99       123      60       33       0        83       98       49       86       114      58       76       134      104      58       94       115      143      93       45       
6        3560     30       130      141      108      83       0        15       106      168      169      66       145      99       140      102      87       171      180      129      118      
7        3800     27       137      156      123      98       15       0        120      183      181      78       158      98       150      115      94       183      189      139      133      
8        1580     109      84       49       74       49       106      120      0        98       67       105      38       115      57       106      69       68       94       46       83       
9        2820     185      181      52       62       86       168      183      98       0        127      121      86       211      145      90       166      125      170      137      54       
10       280      164      83       79       131      114      169      181      67       127      0        172      44       142      41       168      102      4        43       46       138      
11       3700     95       166      115      60       58       66       78       105      121      172      0        135      155      157      38       128      173      198      145      67       
12       1160     147      101      35       88       76       145      158      38       86       44       135      0        146      61       126      101      43       84       55       94       
13       2880     70       63       165      168      134      99       98       115      211      142      155      146      0        101      181      45       146      127      97       180      
14       860      130      43       93       131      104      140      150      57       145      41       157      61       101      0        162      63       45       41       12       140      
15       3640     128      180      98       38       58       102      115      106      90       168      38       126      181      162      0        147      168      200      151      38       
16       2140     70       43       119      127      94       87       94       69       166      102      128      101      45       63       147      0        106      98       56       139      
17       320      167      88       77       131      115      171      183      68       125      4        173      43       146      45       168      106      0        47       50       137      
18       640      168      63       119      166      143      180      189      94       170      43       198      84       127      41       200      98       47       0        53       174      
19       1020     120      45       85       120      93       129      139      46       137      46       145      55       97       12       151      56       50       53       0        129      
20       3040     140      165      63       12       45       118      133      83       54       138      67       94       180      140      38       139      137      174      129      0        
;

