
sets
i        orders          /0*20/
k        routes          /1*20/
p        positions       /0*20/
;

alias(i,j)
alias(i,h)
alias(i,hh)
alias(i,jj)
alias(k,kk)
                
                    Parameters

rho(i)	Processing time
/
0	0
1	72
2	46
3	30
4	33
5	38
6	52
7	87
8	74
9	28
10	58
11	30
12	10
13	4
14	6
15	34
16	16
17	17
18	64
19	91
20	86
/

gamma(i)	Duedate
/
0	0
1	49
2	7
3	39
4	23
5	77
6	36
7	63
8	31
9	7
10	82
11	16
12	92
13	7
14	56
15	7
16	37
17	26
18	5
19	32
20	39
/

sigma(i)	Size
/
0	0
1	3
2	6
3	7
4	8
5	1
6	9
7	5
8	1
9	9
10	1
11	6
12	8
13	2
14	3
15	8
16	2
17	7
18	4
19	8
20	8
/

epsilon(i)	Priority
/
0	0
1	9
2	9
3	8
4	4
5	5
6	3
7	6
8	2
9	6
10	3
11	6
12	2
13	9
14	1
15	3
16	7
17	6
18	6
19	1
20	3
/

psi	Vehicle Capacity
/ 39 /
;

Table kappa(i,j)                 Setup
         0        1        2        3        4        5        6        7        8        9        10       11       12       13       14       15       16       17       18       19       20       
0        0        358      487      393      557      534      459      326      295      167      620      370      393      399      431      476      149      167      585      275      411      
1        358      0        318      48       227      456      349      32       224      194      267      308      242      43       270      119      256      387      279      149      412      
2        487      318      0        285      251      154      666      321      192      355      357      135      97       304      58       344      337      390      212      240      196      
3        393      48       285      0        180      428      389      73       220      226      227      292      218      20       241      95       278      404      231      156      398      
4        557      227      251      180      0        403      536      253      314      390      106      337      249      185      244      157      424      532      69       288      431      
5        534      456      154      428      403      0        795      451      271      440      509      174      213      449      187      496      397      397      357      344      135      
6        459      349      666      389      536      795      0        346      534      397      514      632      583      372      615      378      474      591      601      455      726      
7        326      32       321      73       253      451      346      0        207      162      298      296      238      74       269      151      226      358      301      129      398      
8        295      224      192      220      314      271      534      207      0        170      406      99       98       239      135      313      145      222      318      80       193      
9        167      194      355      226      390      440      397      162      170      0        453      266      257      233      296      313      79       210      421      119      344      
10       620      267      357      227      106      509      514      298      406      453      0        439      351      223      349      157      499      617      158      366      536      
11       370      308      135      292      337      174      632      296      99       266      439      0        87       313      99       377      226      256      320      176      105      
12       393      242      97       218      249      213      583      238      98       257      351      87       0        239      39       296      243      312      237      143      188      
13       399      43       304      20       185      449      372      74       239      233      223      313      239      0        262      81       290      418      241      172      418      
14       431      270      58       241      244      187      615      269      135      296      349      99       39       262      0        311      281      343      221      182      187      
15       476      119      344      95       157      496      378      151      313      313      157      377      296      81       311      0        371      499      224      251      482      
16       149      256      337      278      424      397      474      226      145      79       499      226      243      290      281      371      0        133      444      135      285      
17       167      387      390      404      532      397      591      358      222      210      617      256      312      418      343      499      133      0        540      251      265      
18       585      279      212      231      69       357      601      301      318      421      158      320      237      241      221      224      444      540      0        310      405      
19       275      149      240      156      288      344      455      129      80       119      366      176      143      172      182      251      135      251      310      0        273      
20       411      412      196      398      431      135      726      398      193      344      536      105      188      418      187      482      285      265      405      273      0        
;



Table delta(i,j)                 Distance
         0        1        2        3        4        5        6        7        8        9        10       11       12       13       14       15       16       17       18       19       20       
0        0        1780     2940     2180     3680     3280     2740     3080     2800     1900     2880     2320     2120     2920     4220     1960     2280     1700     2240     2520     2780     
1        1780     0        189      171      140      140      57       134      65       121      156      52       117      95       178      90       174      118      162      182      134      
2        2940     189      0        52       159      120      198      110      189      67       58       167      77       156      155      106      47       71       35       34       87       
3        2180     171      52       0        183      147      195      135      190      67       92       165      86       167      190      108      5        62       26       19       111      
4        3680     140      159      183      0        39       99       49       85       119      100      88       99       45       40       88       182      128      159      179      73       
5        3280     140      120      147      39       0        114      12       101      86       61       93       66       56       47       66       145      96       122      141      35       
6        2740     57       198      195      99       114      0        113      13       133      151      30       120      58       139      91       197      134      179      202      122      
7        3080     134      110      135      49       12       113      0        100      74       52       89       54       56       59       55       134      84       110      130      24       
8        2800     65       189      190      85       101      13       100      0        126      140      25       111      45       125      84       191      128      172      195      111      
9        1900     121      67       67       119      86       133      74       126      0        48       102      20       100      132      42       67       11       46       69       52       
10       2880     156      58       92       100      61       151      52       140      48       0        122      41       102      99       66       89       60       66       83       30       
11       2320     52       167      165      88       93       30       89       25       102      122      0        89       43       126      61       166      104      148      171      95       
12       2120     117      77       86       99       66       120      54       111      20       41       89       0        82       113      28       85       30       64       86       34       
13       2920     95       156      167      45       56       58       56       45       100      102      43       82       0        83       60       167      106      146      168      71       
14       4220     178      155      190      40       47       139      59       125      132      99       126      113      83       0        112      187      143      164      182      80       
15       1960     90       106      108      88       66       91       55       84       42       66       61       28       60       112      0        109      46       89       111      46       
16       2280     174      47       5        182      145      197      134      191      67       89       166      85       167      187      109      0        62       23       13       110      
17       1700     118      71       62       128      96       134      84       128      11       60       104      30       106      143      46       62       0        45       67       63       
18       2240     162      35       26       159      122      179      110      172      46       66       148      64       146      164      89       23       45       0        22       86       
19       2520     182      34       19       179      141      202      130      195      69       83       171      86       168      182      111      13       67       22       0        106      
20       2780     134      87       111      73       35       122      24       111      52       30       95       34       71       80       46       110      63       86       106      0        
;

