
sets
i        orders          /0*20/
k        routes          /1*20/
p        positions       /0*20/
;

alias(i,j)
alias(i,h)
alias(i,hh)
alias(i,jj)
alias(k,kk)
                
                    Parameters

rho(i)	Processing time
/
0	0
1	7
2	85
3	65
4	36
5	83
6	88
7	47
8	51
9	34
10	43
11	77
12	70
13	55
14	16
15	52
16	39
17	28
18	92
19	51
20	40
/

gamma(i)	Duedate
/
0	0
1	37
2	76
3	64
4	64
5	85
6	10
7	38
8	41
9	20
10	19
11	7
12	89
13	10
14	34
15	41
16	16
17	22
18	32
19	69
20	57
/

sigma(i)	Size
/
0	0
1	6
2	1
3	1
4	6
5	6
6	8
7	6
8	9
9	5
10	6
11	5
12	2
13	7
14	6
15	3
16	5
17	2
18	7
19	8
20	6
/

epsilon(i)	Priority
/
0	0
1	4
2	4
3	7
4	2
5	1
6	3
7	7
8	2
9	6
10	4
11	7
12	1
13	6
14	8
15	6
16	8
17	8
18	8
19	2
20	6
/

psi	Vehicle Capacity
/ 26 /
;

Table kappa(i,j)                 Setup
         0        1        2        3        4        5        6        7        8        9        10       11       12       13       14       15       16       17       18       19       20       
0        0        142      66       40       373      381      340      152      282      254      234      369      409      221      364      200      123      174      236      377      25       
1        142      0        188      106      474      364      462      294      369      278      267      481      512      363      439      188      59       270      237      495      164      
2        66       188      0        103      398      445      351      115      320      314      294      386      432      185      404      266      184      214      300      389      70       
3        40       106      103      0        386      356      362      192      288      237      220      386      423      260      366      172      82       182      212      397      59       
4        373      474      398      386      0        351      95       331      110      258      250      50       38       314      96       336      419      204      306      78       349      
5        381      364      445      356      351      0        415      472      266      142      164      393      380      509      259      184      311      284      144      421      375      
6        340      462      351      362      95       415      0        264      150      299      285      50       107      233      180      358      413      198      339      39       315      
7        152      294      115      192      331      472      264      0        280      330      308      307      360      70       362      315      273      196      334      303      134      
8        282      369      320      288      110      266      150      280      0        152      141      137      148      288      84       226      312      107      197      162      260      
9        254      278      314      237      258      142      299      330      152      0        22       290      294      367      187      94       219      142      50       314      243      
10       234      267      294      220      250      164      285      308      141      22       0        278      287      345      185      91       208      121      55       302      223      
11       369      481      386      386      50       393      50       307      137      290      278      0        57       281      144      359      429      211      334      28       344      
12       409      512      432      423      38       380      107      360      148      294      287      57       0        338      121      374      457      242      342      76       385      
13       221      363      185      260      314      509      233      70       288      367      345      281      338      0        363      367      340      225      379      272      201      
14       364      439      404      366      96       259      180      362      84       187      185      144      121      363      0        276      381      190      237      173      343      
15       200      188      266      172      336      184      358      315      226      94       91       359      374      367      276      0        131      168      49       381      199      
16       123      59       184      82       419      311      413      273      312      219      208      429      457      340      381      131      0        218      179      444      139      
17       174      270      214      182      204      284      198      196      107      142      121      211      242      225      190      168      218      0        163      227      153      
18       236      237      300      212      306      144      339      334      197      50       55       334      342      379      237      49       179      163      0        357      230      
19       377      495      389      397      78       421      39       303      162      314      302      28       76       272      173      381      444      227      357      0        352      
20       25       164      70       59       349      375      315      134      260      243      223      344      385      201      343      199      139      153      230      352      0        
;



Table delta(i,j)                 Distance
         0        1        2        3        4        5        6        7        8        9        10       11       12       13       14       15       16       17       18       19       20       
0        0        4320     3300     3780     9500     540      11080    5740     4980     6380     6140     5980     2840     4980     5680     12220    1380     6360     2580     6400     11720    
1        4320     0        99       354      444      193      493      446      34       426      310      300      229      379      386      521      151      465      184      177      483      
2        3300     99       0        262      515      152      575      439      118      444      365      355      240      384      404      610      97       464      88       271      574      
3        3780     354      262      0        662      214      743      405      379      472      495      487      327      399      444      801      217      443      174      497      774      
4        9500     444      515      662      0        453      94       391      458      282      167      175      334      326      277      183      474      369      561      291      190      
5        540      193      152      214      453      0        531      290      226      312      287      278      124      245      275      586      54       319      131      293      560      
6        11080    493      575      743      94       531      0        486      502      377      252      258      417      420      371      92       545      464      630      324      113      
7        5740     446      439      405      391      290      486      0        479      110      270      271      218      81       117      571      344      38       416      439      568      
8        4980     34       118      379      458      226      502      479      0        455      332      322      261      410      416      523      182      497      206      179      483      
9        6380     426      444      472      282      312      377      110      455      0        181      186      203      73       39       464      359      87       443      376      463      
10       6140     310      365      495      167      287      252      270      332      181      0        10       167      191      155      323      312      262      400      207      309      
11       5980     300      355      487      175      278      258      271      322      186      10       0        159      192      158      327      302      264      391      199      312      
12       2840     229      240      327      334      124      417      218      261      203      167      159      0        149      164      481      162      235      250      241      460      
13       4980     379      384      399      326      245      420      81       410      73       191      192      149      0        51       502      295      87       376      359      495      
14       5680     386      404      444      277      275      371      117      416      39       155      158      164      51       0        455      321      106      406      341      451      
15       12220    521      610      801      183      586      92       571      523      464      323      327      481      502      455      0        594      551      674      343      47       
16       1380     151      97       217      474      54       545      344      182      359      312      302      162      295      321      594      0        372      89       279      564      
17       6360     465      464      443      369      319      464      38       497      87       262      264      235      87       106      551      372      0        447      443      551      
18       2580     184      88       174      561      131      630      416      206      443      400      391      250      376      406      674      89       447      0        345      641      
19       6400     177      271      497      291      293      324      439      179      376      207      199      241      359      341      343      279      443      345      0        305      
20       11720    483      574      774      190      560      113      568      483      463      309      312      460      495      451      47       564      551      641      305      0        
;

