

sets
i        orders          /0*20/
k        routes          /1*20/
p        positions       /0*20/
;

alias(i,j)
alias(i,h)
alias(i,hh)
alias(i,jj)
alias(k,kk)
                            Parameters

rho(i)	Processing time
/
0	0
1	25
2	86
3	59
4	36
5	45
6	26
7	94
8	83
9	42
10	10
11	21
12	29
13	83
14	19
15	9
16	63
17	85
18	9
19	92
20	26
/

gamma(i)	Duedate
/
0	0
1	38
2	62
3	91
4	29
5	29
6	13
7	81
8	13
9	33
10	52
11	9
12	92
13	3
14	81
15	43
16	71
17	18
18	40
19	39
20	74
/

sigma(i)	Size
/
0	0
1	3
2	5
3	1
4	3
5	5
6	7
7	3
8	5
9	2
10	6
11	1
12	8
13	5
14	4
15	5
16	2
17	6
18	2
19	8
20	8
/

epsilon(i)	Priority
/
0	0
1	7
2	8
3	2
4	4
5	1
6	4
7	8
8	5
9	7
10	2
11	3
12	2
13	3
14	1
15	5
16	4
17	3
18	8
19	7
20	8
/

psi	Vehicle Capacity
/ 13 /
;

Table kappa(i,j)                 Setup
         0        1        2        3        4        5        6        7        8        9        10       11       12       13       14       15       16       17       18       19       20       
0        0        702      441      616      57       924      886      406      654      64       204      282      644      466      995      171      451      667      635      220      176      
1        702      0        910      194      656      225      532      562      164      759      533      439      58       690      760      559      767      34       68       882      568      
2        441      910      0        913      424      1128     815      359      788      400      597      632      864      266      814      426      893      878      845      295      408      
3        616      194      913      0        581      347      703      600      314      679      421      334      161      735      921      509      590      180      178      821      523      
4        57       656      424      581      0        879      829      352      601      103      185      251      598      421      940      114      478      621      588      241      119      
5        924      225      1128     347      879      0        617      774      347      982      745      653      280      897      851      784      935      259      293      1107     793      
6        886      532      815      703      829      617      0        509      388      914      823      754      544      550      234      717      1163     530      525      959      709      
7        406      562      359      600      352      774      509      0        430      419      428      408      521      135      590      258      788      532      500      450      244      
8        654      164      788      314      601      347      388      430      0        703      521      433      159      550      607      491      817      150      138      804      495      
9        64       759      400      679      103      982      914      419      703      0        268      346      702      461      1009     212      495      724      691      157      212      
10       204      533      597      421      185      745      823      428      521      268      0        93       474      534      975      184      361      499      469      422      203      
11       282      439      632      334      251      653      754      408      433      346      93       0        381      528      920      205      411      406      376      492      223      
12       644      58       864      161      598      280      544      521      159      702      474      381      0        652      766      503      716      26       23       826      512      
13       466      690      266      735      421      897      550      135      550      461      534      528      652      0        576      352      885      662      631      444      334      
14       995      760      814      921      940      851      234      590      607      1009     975      920      766      576      0        836      1330     755      745      1019     825      
15       171      559      426      509      114      784      717      258      491      212      184      205      503      352      836      0        534      524      491      322      19       
16       451      767      893      590      478      935      1163     788      817      495      361      411      716      885      1330     534      0        741      721      637      551      
17       667      34       878      180      621      259      530      532      150      724      499      406      26       662      755      524      741      0        34       847      533      
18       635      68       845      178      588      293      525      500      138      691      469      376      23       631      745      491      721      34       0        813      499      
19       220      882      295      821      241      1107     959      450      804      157      422      492      826      444      1019     322      637      847      813      0        314      
20       176      568      408      523      119      793      709      244      495      212      203      223      512      334      825      19       551      533      499      314      0        
;



Table delta(i,j)                 Distance
         0        1        2        3        4        5        6        7        8        9        10       11       12       13       14       15       16       17       18       19       20       
0        0        990      860      560      1080     550      1120     1550     1040     450      860      300      500      1320     50       1070     740      700      1170     1350     1430     
1        990      0        168      125      88       142      30       158      72       65       174      81       149      34       100      40       92       79       52       141      54       
2        860      168      0        43       195      31       169      129      134      102      13       117      75       203      91       157      160      98       200      115      195      
3        560      125      43       0        160      25       125      111      94       60       50       84       72       160      61       115      129      56       159      93       152      
4        1080     88       195      160      0        163      118      233      152      111      194      77       140      93       104      127      38       141      47       213      139      
5        550      142      31       25       163      0        146      134      118      76       32       86       52       177      59       136      129      79       170      116      173      
6        1120     30       169      125      118      146      0        135      50       71       176      102      163      47       115      14       120      72       80       120      30       
7        1550     158      129      111      233      134      135      0        86       124      142      172      183      183      160      121      214      92       209      20       143      
8        1040     72       134      94       152      118      50       86       0        60       144      108      150      97       109      35       141      38       123      70       65       
9        450      65       102      60       111      76       71       124      60       0        108      49       93       100      49       63       90       31       101      104      100      
10       860      174      13       50       194      32       176      142      144      108      0        116      68       208      90       165      158      107      202      128      203      
11       300      81       117      84       77       86       102      172      108      49       116      0        71       111      27       100      45       80       89       152      131      
12       500      149      75       72       140      52       163      183      150      93       68       71       0        181      49       157      102      112      160      165      193      
13       1320     34       203      160      93       177      47       183      97       100      208      111      181      0        132      62       110      113      47       168      52       
14       50       100      91       61       104      59       115      160      109      49       90       27       49       132      0        110      69       75       115      141      145      
15       1070     40       157      115      127      136      14       121      35       63       165      100      157      62       110      0        124      59       92       106      37       
16       740      92       160      129      38       129      120      214      141      90       158      45       102      110      69       124      0        121      71       194      146      
17       700      79       98       56       141      79       72       92       38       31       107      80       112      113      75       59       121      0        124      73       96       
18       1170     52       200      159      47       170      80       209      123      101      202      89       160      47       115      92       71       124      0        191      96       
19       1350     141      115      93       213      116      120      20       70       104      128      152      165      168      141      106      194      73       191      0        131      
20       1430     54       195      152      139      173      30       143      65       100      203      131      193      52       145      37       146      96       96       131      0        
;

