

sets
i        orders          /0*20/
k        routes          /1*20/
p        positions       /0*20/
;

alias(i,j)
alias(i,h)
alias(i,hh)
alias(i,jj)
alias(k,kk)
                            Parameters

rho(i)	Processing time
/
0	0
1	15
2	91
3	41
4	16
5	48
6	13
7	98
8	66
9	28
10	2
11	84
12	94
13	75
14	47
15	21
16	35
17	34
18	35
19	81
20	9
/

gamma(i)	Duedate
/
0	0
1	49
2	2
3	23
4	10
5	36
6	12
7	62
8	21
9	48
10	76
11	45
12	75
13	23
14	21
15	76
16	82
17	40
18	53
19	83
20	88
/

sigma(i)	Size
/
0	0
1	6
2	5
3	9
4	9
5	2
6	1
7	3
8	2
9	4
10	3
11	3
12	6
13	4
14	8
15	3
16	4
17	6
18	9
19	7
20	1
/

epsilon(i)	Priority
/
0	0
1	2
2	4
3	1
4	4
5	2
6	9
7	1
8	2
9	3
10	5
11	2
12	4
13	2
14	2
15	2
16	6
17	5
18	1
19	6
20	6
/

psi	Vehicle Capacity
/ 38 /
;

Table kappa(i,j)                 Setup
         0        1        2        3        4        5        6        7        8        9        10       11       12       13       14       15       16       17       18       19       20       
0        0        632      575      280      575      530      590      1033     798      418      628      671      971      678      680      342      553      466      820      116      1064     
1        632      0        499      354      376      374      54       435      490      358      196      532      614      440      360      540      204      501      526      516      457      
2        575      499      0        471      774      747      449      667      955      208      662      934      1101     146      213      245      622      111      989      512      708      
3        280      354      471      0        361      322      316      771      580      264      359      500      749      519      488      336      286      394      608      164      799      
4        575      376      774      361      0        44       391      776      224      574      195      162      397      768      703      693      174      725      249      481      787      
5        530      374      747      322      44       0        383      787      268      544      207      187      441      748      687      656      170      694      292      437      799      
6        590      54       449      316      391      383      0        459      525      304      227      552      657      399      322      486      217      447      561      475      484      
7        1033     435      667      771      776      787      459      0        801      658      581      909      851      528      453      836      622      736      833      922      43       
8        798      490      955      580      224      268      525      801      0        767      298      182      173      923      848      904      333      921      35       705      799      
9        418      358      208      264      574      544      304      658      767      0        485      731      922      267      262      187      434      154      800      331      695      
10       628      196      662      359      195      207      227      581      298      485      0        340      439      625      550      642      75       638      334      516      592      
11       671      532      934      500      162      187      552      909      182      731      340      0        331      931      866      837      335      880      183      594      915      
12       971      614      1101     749      397      441      657      851      173      922      439      331      0        1055     974      1068     488      1076     153      878      841      
13       678      440      146      519      768      748      399      528      923      267      625      931      1055     0        88       374      601      244      959      598      571      
14       680      360      213      488      703      687      322      453      848      262      550      866      974      88       0        406      533      289      883      589      495      
15       342      540      245      336      693      656      486      836      904      187      642      837      1068     374      406      0        581      133      935      306      875      
16       553      204      622      286      174      170      217      622      333      434      75       335      488      601      533      581      0        589      367      441      637      
17       466      501      111      394      725      694      447      736      921      154      638      880      1076     244      289      133      589      0        954      411      777      
18       820      526      989      608      249      292      561      833      35       800      334      183      153      959      883      935      367      954      0        730      831      
19       116      516      512      164      481      437      475      922      705      331      516      594      878      598      589      306      441      411      730      0        952      
20       1064     457      708      799      787      799      484      43       799      695      592      915      841      571      495      875      637      777      831      952      0        
;



Table delta(i,j)                 Distance
         0        1        2        3        4        5        6        7        8        9        10       11       12       13       14       15       16       17       18       19       20       
0        0        1890     830      1390     1210     2040     250      1740     480      1150     1170     170      1180     730      1040     1400     1130     1050     1980     880      330      
1        1890     0        107      50       68       15       178      116      150      154      77       193      183      116      152      128      114      111      37       107      197      
2        830      107      0        57       39       122      71       127      44       103      45       90       125      20       78       89       73       62       121      34       91       
3        1390     50       57       0        20       65       129      100      102      114      29       143      143      66       117      106      74       67       64       58       149      
4        1210     68       39       20       0        83       110      112      82       113      29       127      140      51       98       90       75       66       85       48       129      
5        2040     15       122      65       83       0        193      121      165      164      90       208      194      131      166      140      125      123      35       121      212      
6        250      178      71       129      110      193      0        179      28       128      112      42       135      68       79       116      118      109      192      87       20       
7        1740     116      127      100      112      121      179      0        162      72       86       167      96       116      204      203      61       70       87       96       199      
8        480      150      44       102      82       165      28       162      0        121      88       61       135      47       62       94       103      92       165      66       47       
9        1150     154      103      114      113      164      128      72       121      0        86       104      29       84       178      192      40       47       139      70       146      
10       1170     77       45       29       29       90       112      86       88       86       0        119      114      44       119      118      46       39       80       30       132      
11       170      193      90       143      127      208      42       167      61       104      119      0        103      77       120      155      108      101      199      89       50       
12       1180     183      125      143      140      194      135      96       135      29       114      103      0        105      195      214      69       75       169      94       151      
13       730      116      20       66       51       131      68       116      47       84       44       77       105      0        94       109      58       47       124      19       89       
14       1040     152      78       117      98       166      79       204      62       178      119      120      195      94       0        43       151      140      179      111      84       
15       1400     128      89       106      90       140      116      203      94       192      118      155      214      109      43       0        159      148      160      122      125      
16       1130     114      73       74       75       125      118      61       103      40       46       108      69       58       151      159      0        11       104      39       138      
17       1050     111      62       67       66       123      109      70       92       47       39       101      75       47       140      148      11       0        104      28       129      
18       1980     37       121      64       85       35       192      87       165      139      80       199      169      124      179      160      104      104      0        110      212      
19       880      107      34       58       48       121      87       96       66       70       30       89       94       19       111      122      39       28       110      0        107      
20       330      197      91       149      129      212      20       199      47       146      132      50       151      89       84       125      138      129      212      107      0        
;

