

sets
i        orders          /0*10/
k        routes          /1*10/
p        positions       /0*10/
;

alias(i,j)
alias(i,h)
alias(i,hh)
alias(i,jj)
alias(k,kk)
                            Parameters

rho(i)	Processing time
/
0	0
1	85
2	43
3	40
4	24
5	31
6	46
7	64
8	54
9	33
10	36
/

gamma(i)	Duedate
/
0	0
1	95
2	48
3	97
4	96
5	80
6	29
7	67
8	33
9	33
10	43
/

sigma(i)	Size
/
0	0
1	5
2	8
3	7
4	3
5	1
6	3
7	7
8	9
9	1
10	2
/

epsilon(i)	Priority
/
0	0
1	8
2	8
3	5
4	7
5	8
6	2
7	3
8	4
9	7
10	3
/

psi	Vehicle Capacity
/ 55 /
;

Table kappa(i,j)                 Setup
         0        1        2        3        4        5        6        7        8        9        10       
0        0        926      296      715      575      580      148      826      533      579      834      
1        926      0        897      677      359      371      854      360      931      831      227      
2        296      897      0        475      605      526      410      916      236      822      878      
3        715      677      475      0        585      420      762      882      342      1054     783      
4        575      359      605      585      0        167      495      321      713      542      273      
5        580      371      526      420      167      0        541      468      585      687      386      
6        148      854      410      762      495      541      0        708      639      432      732      
7        826      360      916      882      321      468      708      0        1034     527      133      
8        533      931      236      342      713      585      639      1034     0        1031     969      
9        579      831      822      1054     542      687      432      527      1031     0        625      
10       834      227      878      783      273      386      732      133      969      625      0        
;



Table delta(i,j)                 Distance
         0        1        2        3        4        5        6        7        8        9        10       
0        0        9960     3570     5070     3150     8430     4590     4380     7290     3960     600      
1        9960     0        213      282      238      230      210      224      203      280      341      
2        3570     213      0        142      42       207      79       85       169      114      129      
3        5070     282      142      0        103      126      222      227      310      37       189      
4        3150     238      42       103      0        186      120      124      212      72       121      
5        8430     230      207      126      186      0        275      285      341      155      301      
6        4590     210      79       222      120      275      0        13       94       193      153      
7        4380     224      85       227      124      285      13       0        97       196      145      
8        7290     203      169      310      212      341      94       97       0        283      239      
9        3960     280      114      37       72       155      193      196      283      0        152      
10       600      341      129      189      121      301      153      145      239      152      0        
;

