

sets
i        orders          /0*10/
k        routes          /1*10/
p        positions       /0*10/
;

alias(i,j)
alias(i,h)
alias(i,hh)
alias(i,jj)
alias(k,kk)
                            Parameters

rho(i)	Processing time
/
0	0
1	1
2	88
3	96
4	96
5	7
6	46
7	7
8	48
9	63
10	67
/

gamma(i)	Duedate
/
0	0
1	49
2	18
3	10
4	51
5	94
6	52
7	48
8	69
9	97
10	55
/

sigma(i)	Size
/
0	0
1	7
2	1
3	3
4	2
5	4
6	8
7	1
8	3
9	9
10	8
/

epsilon(i)	Priority
/
0	0
1	1
2	4
3	1
4	2
5	4
6	8
7	2
8	1
9	8
10	4
/

psi	Vehicle Capacity
/ 58 /
;

Table kappa(i,j)                 Setup
         0        1        2        3        4        5        6        7        8        9        10       
0        0        732      679      463      425      545      573      366      653      292      425      
1        732      0        300      868      1157     830      767      1056     965      778      1037     
2        679      300      0        648      1084     581      926      1042     705      834      868      
3        463      868      648      0        635      124      1023     732      190      755      270      
4        425      1157     1084     635      0        757      811      226      800      518      400      
5        545      830      581      124      757      0        1081     842      139      833      393      
6        573      767      926      1023     811      1081     0        598      1206     306      989      
7        366      1056     1042     732      226      842      598      0        916      327      553      
8        653      965      705      190      800      139      1206     916      0        945      405      
9        292      778      834      755      518      833      306      327      945      0        688      
10       425      1037     868      270      400      393      989      553      405      688      0        
;



Table delta(i,j)                 Distance
         0        1        2        3        4        5        6        7        8        9        10       
0        0        7170     4170     5700     5490     2100     8790     5910     3090     8910     8520     
1        7170     0        100      91       187      202      89       69       219      123      100      
2        4170     100      0        69       133      114      158      65       129      172      154      
3        5700     91       69       0        96       180      105      21       139      107      94       
4        5490     187      133      96       0        208      178      117      88       157      157      
5        2100     202      114      180      208      0        272      180      149      286      269      
6        8790     89       158      105      178      272      0        95       241      43       24       
7        5910     69       65       21       117      180      95       0        156      106      89       
8        3090     219      129      139      88       149      241      156      0        232      225      
9        8910     123      172      107      157      286      43       106      232      0        23       
10       8520     100      154      94       157      269      24       89       225      23       0        
;

