

sets
i        orders          /0*20/
k        routes          /1*20/
p        positions       /0*20/
;

alias(i,j)
alias(i,h)
alias(i,hh)
alias(i,jj)
alias(k,kk)
                            Parameters

rho(i)	Processing time
/
0	0
1	50
2	22
3	49
4	78
5	41
6	23
7	98
8	99
9	93
10	24
11	3
12	4
13	96
14	76
15	68
16	67
17	89
18	70
19	27
20	25
/

gamma(i)	Duedate
/
0	0
1	97
2	20
3	79
4	53
5	20
6	20
7	4
8	16
9	68
10	19
11	55
12	96
13	72
14	74
15	31
16	80
17	84
18	15
19	11
20	3
/

sigma(i)	Size
/
0	0
1	4
2	9
3	4
4	9
5	7
6	6
7	5
8	1
9	4
10	3
11	1
12	8
13	9
14	3
15	6
16	9
17	3
18	7
19	8
20	7
/

epsilon(i)	Priority
/
0	0
1	4
2	9
3	1
4	5
5	1
6	9
7	9
8	4
9	8
10	1
11	3
12	4
13	9
14	4
15	9
16	8
17	8
18	4
19	7
20	8
/

psi	Vehicle Capacity
/ 131 /
;

Table kappa(i,j)                 Setup
         0        1        2        3        4        5        6        7        8        9        10       11       12       13       14       15       16       17       18       19       20       
0        0        508      323      880      165      828      802      887      293      357      514      920      372      478      757      275      833      851      496      356      530      
1        508      0        506      377      425      396      404      389      352      513      570      424      664      197      569      510      439      395      349      234      296      
2        323      506      0        866      175      898      897      796      156      34       787      920      161      357      960      571      644      901      685      502      339      
3        880      377      866      0        803      226      289      212      718      867      781      60       1027     515      606      820      479      170      549      552      575      
4        165      425      175      803      0        793      781      776      132      207      612      850      281      342      803      396      686      806      529      354      376      
5        828      396      898      226      793      0        66       428      743      908      607      203      1053     584      387      701      665      58       398      472      670      
6        802      404      897      289      781      66       0        486      741      909      549      269      1047     598      321      658      711      124      350      446      691      
7        887      389      796      212      776      428      486      0        667      789      908      264      955      443      787      893      282      377      670      615      467      
8        293      352      156      718      132      743      741      667      0        169      673      770      312      224      817      484      556      746      544      360      245      
9        357      513      34       867      207      908      909      789      169      0        815      922      166      354      981      603      627      909      708      524      327      
10       514      570      787      781      612      607      549      908      673      815      0        788      878      706      319      243      1010     658      237      354      805      
11       920      424      920      60       850      203      269      264      770      922      788      0        1080     571      591      844      537      145      562      583      634      
12       372      664      161      1027     281      1053     1047     955      312      166      878      1080     0        518      1084     645      789      1058     810      633      493      
13       478      197      357      515      342      584      598      443      224      354      706      571      518      0        756      581      356      574      513      351      104      
14       757      569      960      606      803      387      321      787      817      981      319      591      1084     756      0        524      970      446      274      457      860      
15       275      510      571      820      396      701      658      893      484      603      243      844      645      581      524      0        925      740      309      278      667      
16       833      439      644      479      686      665      711      282      556      627      1010     537      789      356      970      925      0        625      786      666      312      
17       851      395      901      170      806      58       124      377      746      909      658      145      1058     574      446      740      625      0        443      499      655      
18       496      349      685      549      529      398      350      670      544      708      237      562      810      513      274      309      786      443      0        184      617      
19       356      234      502      552      354      472      446      615      360      524      354      583      633      351      457      278      666      499      184      0        451      
20       530      296      339      575      376      670      691      467      245      327      805      634      493      104      860      667      312      655      617      451      0        
;



Table delta(i,j)                 Distance
         0        1        2        3        4        5        6        7        8        9        10       11       12       13       14       15       16       17       18       19       20       
0        0        15600    6120     8640     10740    12510    780      7800     3720     11520    6960     4560     4230     7830     6180     11310    11190    14400    6930     3720     8730     
1        15600    0        565      646      224      276      517      279      502      492      661      663      630      717      701      154      261      62       479      634      242      
2        6120     565      0        489      350      557      177      377      326      576      422      294      143      435      358      411      507      546      427      183      325      
3        8640     646      489      0        570      419      315      376      187      238      89       237      382      135      201      547      403      589      166      340      486      
4        10740    224      350      570      0        348      346      216      390      501      554      510      438      600      561      87       304      225      418      453      84       
5        12510    276      557      419      348      0        429      181      337      222      462      520      556      522      536      270      50       214      263      541      288      
6        780      517      177      315      346      429      0        266      149      407      258      167      127      284      224      371      384      480      254      118      283      
7        7800     279      377      376      216      181      266      0        223      285      382      391      391      438      424      172      131      229      213      384      135      
8        3720     502      326      187      390      337      149      223      0        264      164      183      255      215      203      381      302      452      109      226      310      
9        11520    492      576      238      501      222      407      285      264      0        309      421      519      367      411      444      231      430      154      489      421      
10       6960     661      422      89       554      462      258      382      164      309      0        151      304      60       112      545      437      607      198      260      474      
11       4560     663      294      237      510      520      167      391      183      421      151      0        161      143      63       525      483      619      277      116      441      
12       4230     630      143      382      438      556      127      391      255      519      304      161      0        304      223      479      511      598      365      44       389      
13       7830     717      435      135      600      522      284      438      215      367      60       143      304      0        85       596      497      664      259      260      522      
14       6180     701      358      201      561      536      224      424      203      411      112      63       223      85       0        569      504      653      280      179      488      
15       11310    154      411      547      87       270      371      172      381      444      545      525      479      596      569      0        230      141      385      486      89       
16       11190    261      507      403      304      50       384      131      302      231      437      483      511      497      504      230      0        199      240      498      240      
17       14400    62       546      589      225      214      480      229      452      430      607      619      598      664      653      141      199      0        422      599      220      
18       6930     479      427      166      418      263      254      213      109      154      198      277      365      259      280      385      240      422      0        335      334      
19       3720     634      183      340      453      541      118      384      226      489      260      116      44       260      179      486      498      599      335      0        397      
20       8730     242      325      486      84       288      283      135      310      421      474      441      389      522      488      89       240      220      334      397      0        
;

