
sets
i        orders          /0*10/
k        routes          /1*10/
p        positions       /0*10/
;

alias(i,j)
alias(i,h)
alias(i,hh)
alias(i,jj)
alias(k,kk)
                
                    Parameters

rho(i)	Processing time
/
0	0
1	62
2	18
3	55
4	94
5	78
6	61
7	20
8	27
9	62
10	27
/

gamma(i)	Duedate
/
0	0
1	63
2	52
3	6
4	46
5	16
6	60
7	57
8	85
9	67
10	56
/

sigma(i)	Size
/
0	0
1	4
2	7
3	1
4	3
5	5
6	7
7	1
8	1
9	2
10	9
/

epsilon(i)	Priority
/
0	0
1	8
2	1
3	5
4	3
5	6
6	3
7	1
8	9
9	7
10	2
/

psi	Vehicle Capacity
/ 30 /
;

Table kappa(i,j)                 Setup
         0        1        2        3        4        5        6        7        8        9        10       
0        0        70       31       104      183      202      178      207      79       121      120      
1        70       0        47       175      195      270      151      173      117      147      174      
2        31       47       0        131      202      232      181      207      104      110      151      
3        104      175      131      0        215      107      253      285      119      149      100      
4        183      195      202      215      0        233      100      125      107      304      120      
5        202      270      232      107      233      0        305      338      177      254      122      
6        178      151      181      253      100      305      0        32       135      292      183      
7        207      173      207      285      125      338      32       0        168      317      215      
8        79       117      104      119      107      177      135      168      0        198      61       
9        121      147      110      149      304      254      292      317      198      0        223      
10       120      174      151      100      120      122      183      215      61       223      0        
;



Table delta(i,j)                 Distance
         0        1        2        3        4        5        6        7        8        9        10       
0        0        186      195      136      57       29       68       28       85       162      54       
1        186      0        154      186      194      158      201      166      153      110      155      
2        195      154      0        84       158      171      252      166      110      48       140      
3        136      186      84       0        85       121      203      111      57       88       87       
4        57       194      158      85       0        56       125      43       51       137      40       
5        29       158      171      121      56       0        82       13       65       135      33       
6        68       201      252      203      125      82       0        91       148      212      116      
7        28       166      166      111      43       13       91       0        58       134      26       
8        85       153      110      57       51       65       148      58       0        86       32       
9        162      110      48       88       137      135      212      134      86       0        110      
10       54       155      140      87       40       33       116      26       32       110      0        
;

