
sets
i        orders          /0*10/
k        routes          /1*10/
p        positions       /0*10/
;

alias(i,j)
alias(i,h)
alias(i,hh)
alias(i,jj)
alias(k,kk)
                
                    Parameters

rho(i)	Processing time
/
0	0
1	10
2	18
3	5
4	94
5	74
6	78
7	44
8	11
9	40
10	67
/

gamma(i)	Duedate
/
0	0
1	7
2	84
3	95
4	95
5	61
6	76
7	49
8	6
9	11
10	80
/

sigma(i)	Size
/
0	0
1	8
2	4
3	3
4	6
5	4
6	9
7	3
8	7
9	1
10	2
/

epsilon(i)	Priority
/
0	0
1	2
2	7
3	5
4	9
5	9
6	3
7	4
8	9
9	8
10	5
/

psi	Vehicle Capacity
/ 30 /
;

Table kappa(i,j)                 Setup
         0        1        2        3        4        5        6        7        8        9        10       
0        0        178      105      177      141      187      97       111      212      158      220      
1        178      0        272      299      289      48       263      71       96       201      295      
2        105      272      0        103      51       269      8        212      280      163      175      
3        177      299      103      0        53       279      105      258      272      120      80       
4        141      289      51       53       0        277      55       237      279      141      130      
5        187      48       269      279      277      0        261      99       48       170      263      
6        97       263      8        105      55       261      0        204      272      158      175      
7        111      71       212      258      237      99       204      0        141      183      272      
8        212      96       280      272      279      48       272      141      0        154      243      
9        158      201      163      120      141      170      158      183      154      0        94       
10       220      295      175      80       130      263      175      272      243      94       0        
;



Table delta(i,j)                 Distance
         0        1        2        3        4        5        6        7        8        9        10       
0        0        172      195      97       201      36       103      192      119      111      127      
1        172      0        30       77       30       159      207      142      80       231      186      
2        195      30       0        98       15       185      217      130      89       242      191      
3        97       77       98       0        105      91       136      130      37       159      127      
4        201      30       15       105      0        189      229      145      101      254      204      
5        36       159      185      91       189      0        137      206      122      147      156      
6        103      207      217      136      229      137      0        145      128      26       44       
7        192      142      130      130      145      206      145      0        92       170      103      
8        119      80       89       37       101      122      128      92       0        153      107      
9        111      231      242      159      254      147      26       170      153      0        67       
10       127      186      191      127      204      156      44       103      107      67       0        
;

