

sets
i        orders          /0*20/
k        routes          /1*20/
p        positions       /0*20/
;

alias(i,j)
alias(i,h)
alias(i,hh)
alias(i,jj)
alias(k,kk)
                            Parameters

rho(i)	Processing time
/
0	0
1	17
2	58
3	66
4	96
5	61
6	64
7	15
8	96
9	91
10	83
11	47
12	65
13	56
14	26
15	12
16	28
17	96
18	65
19	99
20	11
/

gamma(i)	Duedate
/
0	0
1	18
2	91
3	58
4	31
5	41
6	29
7	13
8	78
9	64
10	5
11	97
12	82
13	87
14	57
15	38
16	95
17	52
18	53
19	34
20	69
/

sigma(i)	Size
/
0	0
1	6
2	2
3	2
4	8
5	4
6	4
7	7
8	9
9	3
10	9
11	6
12	1
13	5
14	5
15	7
16	6
17	2
18	7
19	2
20	6
/

epsilon(i)	Priority
/
0	0
1	2
2	7
3	1
4	1
5	7
6	6
7	5
8	7
9	8
10	8
11	9
12	1
13	1
14	2
15	9
16	3
17	3
18	1
19	6
20	8
/

psi	Vehicle Capacity
/ 23 /
;

Table kappa(i,j)                 Setup
         0        1        2        3        4        5        6        7        8        9        10       11       12       13       14       15       16       17       18       19       20       
0        0        280      1081     380      263      248      299      610      207      448      574      703      777      567      488      406      981      1055     616      905      1078     
1        280      0        829      275      245      265      420      398      223      169      394      432      530      290      358      301      750      787      482      642      825      
2        1081     829      0        1009     1050     896      1240     487      905      672      946      638      775      558      664      1020     911      145      1064     198      9        
3        380      275      1009     0        123      508      278      646      458      356      205      446      453      453      633      28       627      934      238      811      1003     
4        263      245      1050     123      0        428      192      642      376      378      327      536      565      492      594      146      748      989      354      855      1045     
5        248      265      896      508      428      0        533      409      51       371      657      668      786      464      253      536      1010     896      736      741      894      
6        299      420      1240     278      192      533      0        817      484      567      469      721      730      683      742      287      888      1182     450      1047     1235     
7        610      398      487      646      642      409      817      0        422      297      677      490      652      256      188      666      868      500      792      346      485      
8        207      223      905      458      376      51       484      422      0        345      611      639      750      447      282      486      972      897      687      743      903      
9        448      169      672      356      378      371      567      297      345      0        385      297      429      121      342      374      655      621      498      480      668      
10       574      394      946      205      327      657      469      677      611      385      0        319      268      435      719      187      422      847      120      749      938      
11       703      432      638      446      536      668      721      490      639      297      319      0        164      241      609      445      378      530      431      448      630      
12       777      530      775      453      565      786      730      652      750      429      268      164      0        399      760      442      226      653      350      594      766      
13       567      290      558      453      492      464      683      256      447      121      435      241      399      0        368      467      620      500      554      363      553      
14       488      358      664      633      594      253      742      188      282      342      719      609      760      368      0        658      985      687      823      534      664      
15       406      301      1020     28       146      536      287      666      486      374      187      445      442      467      658      0        609      942      211      822      1014     
16       981      750      911      627      748      1010     888      868      972      655      422      378      226      620      985      609      0        774      450      753      902      
17       1055     787      145      934      989      896      1182     500      897      621      847      530      653      500      687      942      774      0        962      155      135      
18       616      482      1064     238      354      736      450      792      687      498      120      431      350      554      823      211      450      962      0        868      1056     
19       905      642      198      811      855      741      1047     346      743      480      749      448      594      363      534      822      753      155      868      0        192      
20       1078     825      9        1003     1045     894      1235     485      903      668      938      630      766      553      664      1014     902      135      1056     192      0        
;



Table delta(i,j)                 Distance
         0        1        2        3        4        5        6        7        8        9        10       11       12       13       14       15       16       17       18       19       20       
0        0        2040     2340     2820     1350     1890     1650     2250     2550     420      1320     3420     1320     1830     1980     150      690      1740     2850     1560     810      
1        2040     0        45       63       54       5        38       79       113      82       60       79       73       47       77       65       67       70       72       91       87       
2        2340     45       0        18       37       48       23       42       81       88       42       38       54       18       44       73       63       42       26       71       83       
3        2820     63       18       0        50       66       40       42       81       103      54       20       64       33       48       89       77       49       12       78       95       
4        1350     54       37       50       0        52       18       33       60       53       6        70       19       18       27       39       27       18       49       37       45       
5        1890     5        48       66       52       0        38       79       112      77       58       83       70       47       77       60       63       69       74       88       82       
6        1650     38       23       40       18       38       0        41       75       65       24       60       37       10       38       49       42       32       43       56       61       
7        2250     79       42       42       33       79       41       0        39       78       31       55       32       32       9        69       52       16       33       39       64       
8        2550     113      81       81       60       112      75       39       0        82       54       92       45       68       37       81       63       43       71       33       63       
9        420      82       88       103      53       77       65       78       82       0        50       123      46       70       69       17       26       62       102      49       19       
10       1320     60       42       54       6        58       24       31       54       50       0        73       13       23       24       39       24       15       52       31       41       
11       3420     79       38       20       70       83       60       55       92       123      73       0        82       53       63       109      97       66       22       94       114      
12       1320     73       54       64       19       70       37       32       45       46       13       82       0        36       23       39       21       16       60       18       32       
13       1830     47       18       33       18       47       10       32       68       70       23       53       36       0        31       55       45       26       34       53       64       
14       1980     77       44       48       27       77       38       9        37       69       24       63       23       31       0        61       44       9        41       31       55       
15       150      65       73       89       39       60       49       69       81       17       39       109      39       55       61       0        18       52       89       48       26       
16       690      67       63       77       27       63       42       52       63       26       24       97       21       45       44       18       0        36       76       31       20       
17       1740     70       42       49       18       69       32       16       43       62       15       66       16       26       9        52       36       0        43       29       49       
18       2850     72       26       12       49       74       43       33       71       102      52       22       60       34       41       89       76       43       0        72       92       
19       1560     91       71       78       37       88       56       39       33       49       31       94       18       53       31       48       31       29       72       0        30       
20       810      87       83       95       45       82       61       64       63       19       41       114      32       64       55       26       20       49       92       30       0        
;

