
sets
i        orders          /0*40/
k        routes          /1*40/
p        positions       /0*40/
;

alias(i,j)
alias(i,h)
alias(i,hh)
alias(i,jj)
alias(k,kk)
                
                    Parameters

rho(i)	Processing time
/
0	0
1	61
2	22
3	96
4	43
5	79
6	33
7	3
8	52
9	7
10	28
11	20
12	32
13	69
14	92
15	37
16	76
17	28
18	90
19	10
20	44
21	48
22	43
23	15
24	86
25	66
26	3
27	9
28	46
29	87
30	36
31	5
32	97
33	46
34	87
35	96
36	91
37	19
38	62
39	27
40	92
/

gamma(i)	Duedate
/
0	0
1	16
2	89
3	42
4	21
5	70
6	1
7	97
8	20
9	96
10	31
11	51
12	32
13	14
14	86
15	53
16	74
17	99
18	33
19	43
20	80
21	14
22	69
23	64
24	14
25	54
26	46
27	58
28	28
29	84
30	95
31	57
32	95
33	38
34	67
35	67
36	54
37	40
38	54
39	30
40	31
/

sigma(i)	Size
/
0	0
1	1
2	8
3	8
4	6
5	6
6	7
7	7
8	6
9	5
10	8
11	8
12	9
13	6
14	3
15	3
16	5
17	9
18	5
19	1
20	4
21	9
22	7
23	4
24	7
25	8
26	6
27	9
28	7
29	1
30	9
31	2
32	4
33	2
34	4
35	7
36	9
37	9
38	5
39	3
40	5
/

epsilon(i)	Priority
/
0	0
1	4
2	1
3	9
4	2
5	1
6	3
7	3
8	2
9	4
10	2
11	3
12	2
13	4
14	2
15	2
16	4
17	6
18	9
19	4
20	4
21	6
22	3
23	4
24	3
25	3
26	1
27	4
28	9
29	8
30	5
31	6
32	7
33	7
34	4
35	3
36	7
37	8
38	8
39	6
40	7
/

psi	Vehicle Capacity
/ 10 /
;

Table kappa(i,j)                 Setup
         0        1        2        3        4        5        6        7        8        9        10       11       12       13       14       15       16       17       18       19       20       21       22       23       24       25       26       27       28       29       30       31       32       33       34       35       36       37       38       39       40       
0        0        281      450      442      58       328      277      333      253      145      103      364      587      622      87       254      304      236      203      208      146      88       514      489      396      382      429      254      205      175      429      208      203      274      493      284      520      61       141      251      434      
1        281      0        310      722      299      582      474      356      307      395      365      232      731      775      364      447      365      281      82       155      425      289      762      583      284      408      703      519      482      400      679      486      262      362      608      361      680      289      423      170      714      
2        450      310      0        850      422      613      454      657      596      473      470      88       582      628      533      690      262      249      310      247      546      390      752      411      58       234      856      581      583      620      683      589      543      646      451      279      558      495      566      202      843      
3        442      722      850      0        442      294      440      608      557      376      383      775      656      662      358      383      617      601      646      636      309      468      349      675      791      688      72       282      266      362      316      260      545      525      648      594      587      437      301      673      9        
4        58       299      422      442      0        289      221      391      311      100      65       340      529      564      114      304      251      191      216      194      133      36       473      431      366      331      438      220      186      222      389      190      260      332      434      230      463      119      145      233      434      
5        328      582      613      294      289      0        162      628      554      189      225      553      375      391      289      452      356      370      500      451      199      293      185      381      555      416      339      77       147      382      101      149      516      552      354      336      303      365      233      474      291      
6        277      474      454      440      221      162      0        609      530      144      184      402      313      345      285      484      194      222      394      326      217      205      304      252      398      254      472      160      207      402      229      213      481      545      239      175      243      333      258      338      436      
7        333      356      657      608      391      628      609      0        79       470      427      571      920      955      340      225      611      528      349      431      430      415      808      815      620      681      556      551      482      258      727      482      133      83       823      596      853      276      396      472      599      
8        253      307      596      557      311      554      530      79       0        392      349      508      841      875      265      187      534      452      286      362      355      336      736      737      555      606      511      477      410      197      654      410      56       57       744      518      774      198      324      404      548      
9        145      395      473      376      100      189      144      470      392      0        42       400      457      488      141      340      252      225      312      274      85       107      373      386      414      330      387      124      110      258      288      116      345      402      380      229      387      194      122      304      370      
10       103      365      470      383      65       225      184      427      349      42       0        392      498      529      104      305      268      226      282      254      76       84       411      419      412      347      386      155      122      222      326      127      303      360      415      245      428      151      102      289      376      
11       364      232      88       775      340      553      402      571      508      400      392      0        575      621      449      601      222      182      222      159      468      309      705      409      52       223      778      514      509      533      631      515      455      558      444      233      541      407      486      113      768      
12       587      731      582      656      529      375      313      920      841      457      498      575      0        46       598      793      369      450      663      576      523      507      344      171      543      353      710      429      497      713      342      501      790      858      131      370      73       645      565      567      655      
13       622      775      628      662      564      391      345      955      875      488      529      621      46       0        628      820      413      493      705      619      550      544      337      217      589      399      719      450      519      741      345      524      825      890      177      413      101      678      591      611      662      
14       87       364      533      358      114      289      285      340      265      141      104      449      598      628      0        201      362      306      289      295      90       150      472      523      478      442      341      211      147      118      389      148      228      266      519      340      527      84       65       337      350      
15       254      447      690      383      304      452      484      225      187      340      305      601      793      820      201      0        556      490      397      442      270      339      618      724      639      635      330      379      306      83       543      304      198      144      720      535      721      198      229      488      374      
16       304      365      262      617      251      356      194      611      534      252      268      222      369      413      362      556      0        87       303      212      337      216      490      219      208      80       636      336      357      474      421      364      478      568      242      23       325      364      369      198      612      
17       236      281      249      601      191      370      222      528      452      225      226      182      450      493      306      490      87       0        216      126      301      155      527      306      190      153      611      333      335      411      450      341      396      488      327      80       400      293      327      121      595      
18       203      82       310      646      216      500      394      349      286      312      282      222      663      705      289      397      303      216      0        93       345      206      680      523      270      357      630      436      401      340      596      405      233      336      543      296      608      220      345      126      638      
19       208      155      247      636      194      451      326      431      362      274      254      159      576      619      295      442      212      126      93       0        327      170      623      431      198      264      631      397      376      373      542      381      306      407      453      206      524      248      338      45       629      
20       146      425      546      309      133      199      217      430      355      85       76       468      523      550      90       270      337      301      345      327      0        159      382      466      488      415      310      121      60       192      299      62       318      354      456      314      451      169      41       364      302      
21       88       289      390      468      36       293      205      415      336      107      84       309      507      544      150      339      216      155      206      170      159      0        475      401      332      295      468      231      206      258      391      211      283      361      407      196      442      150      176      205      461      
22       514      762      752      349      473      185      304      808      736      373      411      705      344      337      472      618      490      527      680      623      382      475      0        430      698      531      416      261      326      555      84       326      700      729      389      474      290      550      412      640      352      
23       489      583      411      675      431      381      252      815      737      386      419      409      171      217      523      724      219      306      523      431      466      401      430      0        374      186      716      407      459      641      393      465      682      763      45       227      161      550      507      415      672      
24       396      284      58       791      366      555      398      620      555      414      412      52       543      589      478      639      208      190      270      198      488      332      698      374      0        191      798      522      525      568      627      531      501      603      412      223      514      443      509      153      785      
25       382      408      234      688      331      416      254      681      606      330      347      223      353      399      442      635      80       153      357      264      415      295      531      186      191      0        711      406      433      553      469      439      549      642      221      102      324      441      449      239      683      
26       429      703      856      72       438      339      472      556      511      387      386      778      710      719      341      330      636      611      630      631      310      468      416      716      798      711      0        311      279      323      376      272      506      474      691      613      639      414      293      671      67       
27       254      519      581      282      220      77       160      551      477      124      155      514      429      450      211      379      336      333      436      397      121      231      261      407      522      406      311      0        72       306      178      75       438      474      387      314      356      288      155      425      277      
28       205      482      583      266      186      147      207      482      410      110      122      509      497      519      147      306      357      335      401      376      60       206      326      459      525      433      279      72       0        234      245      6        375      405      444      334      423      229      86       410      259      
29       175      400      620      362      222      382      402      258      197      258      222      533      713      741      118      83       474      411      340      373      192      258      555      641      568      553      323      306      234      0        477      232      183      176      637      453      641      125      152      419      353      
30       429      679      683      316      389      101      229      727      654      288      326      631      342      345      389      543      421      450      596      542      299      391      84       393      627      469      376      178      245      477      0        246      617      649      357      403      276      466      331      561      317      
31       208      486      589      260      190      149      213      482      410      116      127      515      501      524      148      304      364      341      405      381      62       211      326      465      531      439      272      75       6        232      246      0        375      403      449      341      428      230      86       416      253      
32       203      262      543      545      260      516      481      133      56       345      303      455      790      825      228      198      478      396      233      306      318      283      700      682      501      549      506      438      375      183      617      375      0        103      690      462      723      152      290      349      536      
33       274      362      646      525      332      552      545      83       57       402      360      558      858      890      266      144      568      488      336      407      354      361      729      763      603      642      474      474      405      176      649      403      103      0        767      550      788      213      319      451      516      
34       493      608      451      648      434      354      239      823      744      380      415      444      131      177      519      720      242      327      543      453      456      407      389      45       412      221      691      387      444      637      357      449      690      767      0        247      116      553      498      441      646      
35       284      361      279      594      230      336      175      596      518      229      245      233      370      413      340      535      23       80       296      206      314      196      474      227      223      102      613      314      334      453      403      341      462      550      247      0        322      344      346      198      589      
36       520      680      558      587      463      303      243      853      774      387      428      541      73       101      527      721      325      400      608      524      451      442      290      161      514      324      639      356      423      641      276      428      723      788      116      322      0        577      492      520      586      
37       61       289      495      437      119      365      333      276      198      194      151      407      645      678      84       198      364      293      220      248      169      150      550      550      443      441      414      288      229      125      466      230      152      213      553      344      577      0        149      293      429      
38       141      423      566      301      145      233      258      396      324      122      102      486      565      591      65       229      369      327      345      338      41       176      412      507      509      449      293      155      86       152      331      86       290      319      498      346      492      149      0        378      293      
39       251      170      202      673      233      474      338      472      404      304      289      113      567      611      337      488      198      121      126      45       364      205      640      415      153      239      671      425      410      419      561      416      349      451      441      198      520      293      378      0        666      
40       434      714      843      9        434      291      436      599      548      370      376      768      655      662      350      374      612      595      638      629      302      461      352      672      785      683      67       277      259      353      317      253      536      516      646      589      586      429      293      666      0        
;



Table delta(i,j)                 Distance
         0        1        2        3        4        5        6        7        8        9        10       11       12       13       14       15       16       17       18       19       20       21       22       23       24       25       26       27       28       29       30       31       32       33       34       35       36       37       38       39       40       
0        0        1059     292      323      517      1249     1044     516      866      1210     1272     729      294      1042     443      638      381      875      895      478      645      584      793      1228     766      445      658      654      521      521      683      757      1184     906      1229     1041     988      505      299      650      703      
1        1059     0        906      937      796      923      578      681      368      549      957      1069     765      19       651      422      770      463      261      720      1295     1308     1080     746      1008     1106     1347     1104     828      724      904      1031     125      988      170      106      801      733      763      518      383      
2        292      906      0        507      228      959      775      564      815      952      980      463      231      887      437      521      137      625      808      214      482      455      524      948      486      254      517      407      229      246      394      482      1029     618      1072     916      698      583      220      420      617      
3        323      937      507      0        682      1373     1102     272      656      1234     1401     970      331      925      294      537      513      906      717      598      948      896      1029     1306     985      731      969      914      700      649      881      984      1056     1102     1100     889      1119     235      346      683      554      
4        517      796      228      682      0        732      559      656      802      742      754      334      355      777      517      490      169      433      765      108      499      513      377      722      319      318      551      328      33       76       203      326      912      419      951      831      470      690      340      278      597      
5        1249     923      959      1373     732      0        350      1254     1183     413      33       660      1046     910      1130     955      881      531      1089     786      966      1036     609      197      577      939      1020     758      730      737      596      603      965      425      976      1021     261      1303     1032     707      1033     
6        1044     578      775      1102     559      350      0        943      835      191      384      661      793      564      832      629      663      200      739      567      957      1004     640      210      577      848      1014     736      573      529      523      606      634      489      652      673      254      995      781      418      696      
7        516      681      564      272      656      1254     943      0        384      1046     1285     984      333      670      139      321      501      743      448      551      1046     1012     1032     1154     975      818      1079     954      684      598      858      982      795      1060     839      624      1017     54       345      547      303      
8        866      368      815      656      802      1183     835      384      0        868      1217     1128     608      365      422      312      701      657      108      699      1278     1266     1159     1034     1091     1059     1322     1131     836      727      972      1107     454      1124     494      278      998      425      613      568      205      
9        1210     549      952      1234     742      413      191      1046     868      0        444      849      943      540      950      724      832      336      763      739      1148     1196     825      216      765      1038     1205     927      759      706      715      794      567      665      572      654      422      1100     932      564      769      
10       1272     957      980      1401     754      33       384      1285     1217     444      0        668      1073     944      1160     987      906      563      1123     811      972      1044     615      227      586      953      1025     767      751      762      612      611      998      433      1009     1055     285      1333     1058     737      1066     
11       729      1069     463      970      334      660      661      984      1128     849      668      0        665      1050     846      817      484      631      1081     442      309      376      66       740      86       313      365      100      303      404      165      58       1173     235      1207     1123     447      1014     650      572      924      
12       294      765      231      331      355      1046     793      333      608      943      1073     665      0        748      207      347      186      607      619      267      713      684      719      991      668      485      748      625      377      318      558      671      890      775      935      753      789      354      15       378      424      
13       1042     19       887      925      777      910      564      670      365      540      944      1050     748      0        638      406      751      445      257      701      1276     1289     1061     734      989      1087     1328     1085     809      705      885      1013     142      971      187      114      784      723      746      499      371      
14       443      651      437      294      517      1130     832      139      422      950      1160     846      207      638      0        243      363      632      456      412      919      891      893      1041     836      692      955      818      545      459      719      843      773      921      818      615      888      178      217      423      272      
15       638      422      521      537      490      955      629      321      312      724      987      817      347      406      243      0        397      430      287      387      970      963      850      840      783      755      1015     818      523      415      664      798      546      829      592      405      737      375      347      273      107      
16       381      770      137      513      169      881      663      501      701      832      906      484      186      751      363      397      0        500      684      97       577      566      535      847      482      358      620      455      190      143      371      486      893      589      935      783      620      530      171      286      498      
17       875      463      625      906      433      531      200      743      657      336      563      631      607      445      632      430      500      0        569      410      896      928      631      411      560      747      952      685      456      383      471      586      551      526      581      540      348      795      596      229      503      
18       895      261      808      717      765      1089     739      448      108      763      1123     1081     619      257      456      287      684      569      0        667      1254     1249     1106     934      1036     1041     1300     1093     798      689      920      1055     356      1057     398      180      915      495      621      510      194      
19       478      720      214      598      108      786      567      551      699      739      811      442      267      701      412      387      97       410      667      0        587      590      484      750      424      386      636      432      139      51       306      433      840      513      881      746      526      587      252      212      493      
20       645      1295     482      948      499      966      957      1046     1278     1148     972      309      713      1276     919      970      577      896      1254     587      0        86       357      1049     396      228      57       221      467      573      434      368      1409     540      1447     1330     756      1061     702      777      1074     
21       584      1308     455      896      513      1036     1004     1012     1266     1196     1044     376      684      1289     891      963      566      928      1249     590      86       0        429      1109     460      207      74       279      482      584      481      433      1425     611      1464     1337     816      1024     674      790      1064     
22       793      1080     524      1029     377      609      640      1032     1159     825      615      66       719      1061     893      850      535      631      1106     484      357      429      0        702      71       380      411      162      348      443      186      52       1178     183      1211     1138     412      1065     704      595      957      
23       1228     746      948      1306     722      197      210      1154     1034     216      227      740      991      734      1041     840      847      411      934      750      1049     1109     702      0        654      980      1106     830      730      707      636      682      777      524      786      847      293      1206     978      623      905      
24       766      1008     486      985      319      577      577      975      1091     765      586      86       668      989      836      783      482      560      1036     424      396      460      71       654      0        376      452      181      293      381      120      29       1107     157      1140     1067     361      1009     653      525      889      
25       445      1106     254      731      318      939      848      818      1059     1038     953      313      485      1087     692      755      358      747      1041     386      228      207      380      980      376      0        264      222      291      384      346      358      1224     533      1265     1131     695      834      474      591      856      
26       658      1347     517      969      551      1020     1014     1079     1322     1205     1025     365      748      1328     955      1015     620      952      1300     636      57       74       411      1106     452      264      0        278      519      624      491      424      1462     594      1500     1381     813      1092     737      829      1118     
27       654      1104     407      914      328      758      736      954      1131     927      767      100      625      1085     818      818      455      685      1093     432      221      279      162      830      181      222      278      0        295      404      216      155      1213     335      1249     1150     537      979      611      593      925      
28       521      828      229      700      33       730      573      684      836      759      751      303      377      809      545      523      190      456      798      139      467      482      348      730      293      291      519      295      0        109      181      298      943      402      982      864      470      717      361      310      630      
29       521      724      246      649      76       737      529      598      727      706      762      404      318      705      459      415      143      383      689      51       573      584      443      707      381      384      624      404      109      0        261      391      841      464      881      756      477      635      303      206      522      
30       683      904      394      881      203      596      523      858      972      715      612      165      558      885      719      664      371      471      920      306      434      481      186      636      120      346      491      216      181      261      0        134      1008     224      1043     958      349      893      542      410      770      
31       757      1031     482      984      326      603      606      982      1107     794      611      58       671      1013     843      798      486      586      1055     433      368      433      52       682      29       358      424      155      298      391      134      0        1132     180      1165     1089     389      1015     656      544      905      
32       1184     125      1029     1056     912      965      634      795      454      567      998      1173     890      142      773      546      893      551      356      840      1409     1425     1178     777      1107     1224     1462     1213     943      841      1008     1132     0        1075     45       176      872      845      888      634      502      
33       906      988      618      1102     419      425      489      1060     1124     665      433      235      775      971      921      829      589      526      1057     513      540      611      183      524      157      533      594      335      402      464      224      180      1075     0        1103     1060     243      1099     760      557      931      
34       1229     170      1072     1100     951      976      652      839      494      572      1009     1207     935      187      818      592      935      581      398      881      1447     1464     1211     786      1140     1265     1500     1249     982      881      1043     1165     45       1103     0        217      895      889      933      674      547      
35       1041     106      916      889      831      1021     673      624      278      654      1055     1123     753      114      615      405      783      540      180      746      1330     1337     1138     847      1067     1131     1381     1150     864      756      958      1089     176      1060     217      0        885      673      753      556      342      
36       988      801      698      1119     470      261      254      1017     998      422      285      447      789      784      888      737      620      348      915      526      756      816      412      293      361      695      813      537      470      477      349      389      872      243      895      885      0        1064     775      472      827      
37       505      733      583      235      690      1303     995      54       425      1100     1333     1014     354      723      178      375      530      795      495      587      1061     1024     1065     1206     1009     834      1092     979      717      635      893      1015     845      1099     889      673      1064     0        367      596      357      
38       299      763      220      346      340      1032     781      345      613      932      1058     650      15       746      217      347      171      596      621      252      702      674      704      978      653      474      737      611      361      303      542      656      888      760      933      753      775      367      0        367      427      
39       650      518      420      683      278      707      418      547      568      564      737      572      378      499      423      273      286      229      510      212      777      790      595      623      525      591      829      593      310      206      410      544      634      557      674      556      472      596      367      0        373      
40       703      383      617      554      597      1033     696      303      205      769      1066     924      424      371      272      107      498      503      194      493      1074     1064     957      905      889      856      1118     925      630      522      770      905      502      931      547      342      827      357      427      373      0        
;

