
sets
i        orders          /0*40/
k        routes          /1*40/
p        positions       /0*40/
;

alias(i,j)
alias(i,h)
alias(i,hh)
alias(i,jj)
alias(k,kk)
                
                    Parameters

rho(i)	Processing time
/
0	0
1	44
2	69
3	28
4	26
5	9
6	47
7	31
8	12
9	48
10	64
11	19
12	70
13	16
14	7
15	30
16	68
17	11
18	79
19	97
20	55
21	36
22	7
23	41
24	3
25	99
26	67
27	69
28	47
29	40
30	8
31	87
32	93
33	4
34	80
35	90
36	44
37	1
38	57
39	45
40	12
/

gamma(i)	Duedate
/
0	0
1	59
2	9
3	45
4	1
5	47
6	74
7	21
8	67
9	81
10	21
11	89
12	90
13	92
14	74
15	5
16	7
17	8
18	1
19	98
20	19
21	95
22	60
23	99
24	86
25	27
26	82
27	75
28	72
29	82
30	14
31	61
32	35
33	18
34	50
35	10
36	39
37	66
38	70
39	18
40	72
/

sigma(i)	Size
/
0	0
1	1
2	2
3	8
4	4
5	3
6	6
7	7
8	2
9	3
10	4
11	1
12	4
13	1
14	2
15	4
16	1
17	7
18	3
19	3
20	1
21	3
22	4
23	5
24	1
25	6
26	1
27	4
28	7
29	2
30	5
31	6
32	3
33	5
34	6
35	2
36	3
37	1
38	5
39	3
40	5
/

epsilon(i)	Priority
/
0	0
1	7
2	7
3	7
4	1
5	9
6	9
7	5
8	8
9	2
10	7
11	9
12	6
13	5
14	8
15	9
16	8
17	1
18	8
19	5
20	8
21	2
22	4
23	7
24	5
25	7
26	9
27	7
28	4
29	6
30	7
31	8
32	6
33	7
34	7
35	8
36	7
37	5
38	9
39	2
40	4
/

psi	Vehicle Capacity
/ 33 /
;

Table kappa(i,j)                 Setup
         0        1        2        3        4        5        6        7        8        9        10       11       12       13       14       15       16       17       18       19       20       21       22       23       24       25       26       27       28       29       30       31       32       33       34       35       36       37       38       39       40       
0        0        122      707      789      844      275      691      1142     702      500      801      541      1016     143      360      575      884      531      772      549      588      474      516      1166     707      633      399      518      638      593      395      288      218      512      610      1117     1065     659      1113     448      903      
1        122      0        620      867      842      234      584      1155     659      616      714      452      1015     52       477      664      892      486      830      629      527      378      409      1145     701      662      412      522      547      704      494      397      112      615      603      1204     1144     550      1192     555      899      
2        707      620      0        1013     590      450      180      897      289      1046     94       168      717      575      1049     924      675      284      879      857      193      246      252      723      492      647      520      491      82       1077     1103     836      509      964      458      1342     1247     209      1285     943      619      
3        789      867      1013     0        580      734      1133     647      764      469      1074     939      655      839      765      227      529      734      167      240      820      941      1019     882      569      371      538      523      1005     370      910      532      875      343      562      347      277      1130     325      411      614      
4        844      842      590      580      0        612      760      329      301      867      611      611      173      792      1045     628      86       409      413      565      445      663      730      347      142      275      446      326      625      830      1161     759      776      735      239      841      735      777      763      761      59       
5        275      234      450      734      612      0        477      931      430      621      543      295      785      182      600      570      667      257      660      516      313      250      318      910      470      461      211      302      392      675      663      399      168      567      373      1081     1007     457      1052     529      668      
6        691      584      180      1133     760      477      0        1074     458      1098     221      197      894      548      1049     1016     844      404      1014     953      328      227      175      902      650      781      609      611      136      1146     1078     876      474      1035     601      1472     1382     42       1423     1003     793      
7        1142     1155     897      647      329      931      1074     0        618      1056     902      937      180      1107     1289     792      264      738      503      746      771      992      1057     320      468      516      746      632      943      987      1419     1004     1098     916      559      776      672      1095     679      962      284      
8        702      659      289      764      301      430      458      618      0        899      323      323      442      607      987      721      386      173      616      652      160      388      445      502      208      392      367      281      325      902      1075     725      568      791      205      1077     977      477      1012     789      335      
9        500      616      1046     469      867      621      1098     1056     899      0        1132     910      1003     616      314      265      857      779      560      311      868      872      937      1213     780      592      539      621      1003     118      458      227      682      139      713      710      694      1078     740      110      920      
10       801      714      94       1074     611      543      221      902      323      1132     0        261      721      668      1143     1000     698      359      933      931      268      338      334      697      531      704      600      559      169      1159     1197     926      602      1045     513      1396     1298     259      1334     1027     633      
11       541      452      168      939      611      295      197      937      323      910      261      0        764      406      889      819      690      219      824      755      166      82       121      815      486      593      411      420      98       953      936      692      341      841      422      1280     1192     191      1233     812      653      
12       1016     1015     717      655      173      785      894      180      442      1003     721      764      0        965      1203     750      146      573      491      694      598      822      885      227      315      421      617      498      764      952      1324     916      949      866      412      856      749      916      767      901      117      
13       143      52       575      839      792      182      548      1107     607      616      668      406      965      0        503      643      843      434      794      604      476      335      373      1093     650      619      367      474      502      697      533      392      74       604      553      1179     1116     516      1164     548      849      
14       360      477      1049     765      1045     600      1049     1289     987      314      1143     889      1203     503      0        542      1058     831      824      561      905      828      874      1390     929      783      627      741      987      432      145      287      578      421      842      1024     1006     1019     1053     354      1103     
15       575      664      924      227      628      570      1016     792      721      265      1000     819      750      643      542      0        606      641      294      69       732      804      879      967      564      360      408      445      900      202      685      306      690      127      519      541      493      1005     542      188      677      
16       884      892      675      529      86       667      844      264      386      857      698      690      146      843      1058     606      0        482      362      548      525      738      807      361      208      275      485      369      709      809      1180     770      834      721      296      768      662      860      687      754      88       
17       531      486      284      734      409      257      404      738      173      779      359      219      573      434      831      641      482      0        610      573      91       256      328      666      274      377      242      210      272      800      910      585      396      687      203      1069     978      407      1019     672      457      
18       772      830      879      167      413      660      1014     503      616      560      933      824      491      794      824      294      362      610      0        263      690      838      917      718      413      233      451      404      881      484      963      556      817      421      421      463      368      1015     409      476      447      
19       549      629      857      240      565      516      953      746      652      311      931      755      694      604      561      69       548      573      263      0        665      744      820      907      496      294      344      375      834      265      701      300      645      172      449      575      516      943      564      216      616      
20       588      527      193      820      445      313      328      771      160      868      268      166      598      476      905      732      525      91       690      665      0        228      287      660      325      457      332      297      192      891      976      668      427      778      273      1152     1059     338      1098     762      487      
21       474      378      246      941      663      250      227      992      388      872      338      82       822      335      828      804      738      256      838      744      228      0        78       887      531      612      404      436      169      924      867      649      266      814      456      1286     1202     206      1245     778      709      
22       516      409      252      1019     730      318      175      1057     445      937      334      121      885      373      874      879      807      328      917      820      287      78       0        936      601      690      482      514      170      994      904      712      299      885      530      1364     1280     144      1324     847      773      
23       1166     1145     723      882      347      910      902      320      502      1213     697      815      227      1093     1390     967      361      666      718      907      660      887      936      0        464      621      777      657      788      1170     1502     1105     1062     1079     558      1074     967      932      981      1108     292      
24       707      701      492      569      142      470      650      468      208      780      531      486      315      650      929      564      208      274      413      496      325      531      601      464      0        208      312      192      514      759      1038     646      634      655      97       871      770      663      804      670      198      
25       633      662      647      371      275      461      781      516      392      592      704      593      421      619      783      360      275      377      233      294      457      612      690      621      208      0        253      176      648      559      907      495      627      460      191      695      602      783      642      486      329      
26       399      412      520      538      446      211      609      746      367      539      600      411      617      367      627      408      485      242      451      344      332      404      482      777      312      253      0        120      491      558      728      357      374      445      218      884      804      600      849      431      505      
27       518      522      491      523      326      302      611      632      281      621      559      420      498      474      741      445      369      210      404      375      297      436      514      657      192      176      120      0        482      621      846      463      470      510      100      861      771      611      813      510      385      
28       638      547      82       1005     625      392      136      943      325      1003     169      98       764      502      987      900      709      272      881      834      192      169      170      788      514      648      491      482      0        1041     1034     787      435      929      465      1342     1250     152      1290     903      660      
29       593      704      1077     370      830      675      1146     987      902      118      1159     953      952      697      432      202      809      800      484      265      891      924      994      1170     759      559      558      621      1041     0        576      307      758      113      705      592      580      1130     625      150      879      
30       395      494      1103     910      1161     663      1078     1419     1075     458      1197     936      1324     533      145      685      1180     910      963      701      976      867      904      1502     1038     907      728      846      1034     576      0        414      605      566      947      1168     1151     1044     1198     498      1220     
31       288      397      836      532      759      399      876      1004     725      227      926      692      916      392      287      306      770      585      556      300      668      649      712      1105     646      495      357      463      787      307      414      0        456      224      563      841      799      854      847      159      816      
32       218      112      509      875      776      168      474      1098     568      682      602      341      949      74       578      690      834      396      817      645      427      266      299      1062     634      627      374      470      435      758      605      456      0        660      539      1219     1151     442      1198     608      832      
33       512      615      964      343      735      567      1035     916      791      139      1045     841      866      604      421      127      721      687      421      172      778      814      885      1079     655      460      445      510      929      113      566      224      660      0        596      623      591      1020     639      72       786      
34       610      603      458      562      239      373      601      559      205      713      513      422      412      553      842      519      296      203      421      449      273      456      530      558      97       191      218      100      465      705      947      563      539      596      0        885      789      607      827      603      296      
35       1117     1204     1342     347      841      1081     1472     776      1077     710      1396     1280     856      1179     1024     541      768      1069     463      575      1152     1286     1364     1074     871      695      884      861      1342     592      1168     841      1219     623      885      0        107      1472     100      695      857      
36       1065     1144     1247     277      735      1007     1382     672      977      694      1298     1192     749      1116     1006     493      662      978      368      516      1059     1202     1280     967      770      602      804      771      1250     580      1151     799      1151     591      789      107      0        1383     48       663      750      
37       659      550      209      1130     777      457      42       1095     477      1078     259      191      916      516      1019     1005     860      407      1015     943      338      206      144      932      663      783      600      611      152      1130     1044     854      442      1020     607      1472     1383     0        1424     985      813      
38       1113     1192     1285     325      763      1052     1423     679      1012     740      1334     1233     767      1164     1053     542      687      1019     409      564      1098     1245     1324     981      804      642      849      813      1290     625      1198     847      1198     639      827      100      48       1424     0        711      775      
39       448      555      943      411      761      529      1003     962      789      110      1027     812      901      548      354      188      754      672      476      216      762      778      847      1108     670      486      431      510      903      150      498      159      608      72       603      695      663      985      711      0        815      
40       903      899      619      614      59       668      793      284      335      920      633      653      117      849      1103     677      88       457      447      616      487      709      773      292      198      329      505      385      660      879      1220     816      832      786      296      857      750      813      775      815      0        
;



Table delta(i,j)                 Distance
         0        1        2        3        4        5        6        7        8        9        10       11       12       13       14       15       16       17       18       19       20       21       22       23       24       25       26       27       28       29       30       31       32       33       34       35       36       37       38       39       40       
0        0        264      528      155      162      333      250      445      293      141      488      434      479      380      285      422      362      96       127      362      400      368      445      237      385      164      464      241      250      360      434      376      427      213      200      380      367      229      159      78       294      
1        264      0        280      113      120      177      145      186      250      151      235      174      245      238      27       211      103      169      169      104      224      122      195      36       318      113      201      70       47       129      206      128      167      166      87       220      188      88       211      220      63       
2        528      280      0        390      401      232      404      101      349      432      47       201      61       235      272      131      231      433      407      177      187      161      85       316      341      363      105      287      319      168      102      154      120      344      328      401      368      360      414      465      293      
3        155      113      390      0        27       237      126      299      258      49       346      279      348      296      131      303      207      66       100      216      299      229      305      82       344      64       314      116      94       228      306      236      280      156      83       250      229      81       160      129      139      
4        162      120      401      27       0        260      101      307      285      31       356      277      363      320      134      321      205      83       125      224      320      241      315      85       371      92       320      137      91       243      321      247      287      184      107      229      210      67       186      149      134      
5        333      177      232      237      260      0        320      197      121      286      209      271      171      61       195      102      231      250      205      156      67       127      173      204      151      182      225      124      223      99       129      133      190      123      154      393      358      259      192      258      234      
6        250      145      404      126      101      320      0        302      371      110      356      237      380      381      139      355      176      184      226      231      370      259      322      116      451      184      307      199      98       272      345      263      283      273      186      130      118      61       286      250      110      
7        445      186      101      299      307      197      302      0        318      338      54       110      97       227      174      127      130      349      332      83       182      82       36       221      337      282      27       208      221      104      94       74       19       285      248      302      268      261      351      389      192      
8        293      250      349      258      285      121      371      318      0        301      329      383      287      122      275      217      331      239      180      267      165      243      294      263      93       193      345      180      287      216      248      250      309      101      185      470      439      311      133      215      313      
9        141      151      432      49       31       286      110      338      301      0        387      305      393      345      164      350      234      78       131      256      348      272      346      116      390      110      351      164      121      273      352      278      318      201      132      241      226      91       192      142      162      
10       488      235      47       346      356      209      356      54       329      387      0        158      61       224      226      117      184      392      370      131      176      119      42       271      333      323      61       247      272      131      83       111      73       313      288      355      322      313      381      427      246      
11       434      174      201      279      277      271      237      110      383      305      158      0        208      315      150      229      72       341      343      116      277      145      145      198      422      287      96       229      185      173      199      140      101      323      258      202      171      216      379      395      143      
12       479      245      61       348      363      171      380      97       287      393      61       208      0        173      242      70       219      386      355      148      125      122      64       281      280      315      116      239      288      121      45       117      110      287      280      397      362      330      357      412      270      
13       380      238      235      296      320      61       381      227      122      345      224      315      173      0        254      106      284      304      254      204      48       171      196      265      110      238      254      185      284      143      141      175      224      167      213      451      416      320      229      303      294      
14       285      27       272      131      134      195      139      174      275      164      226      150      242      254      0        216      78       191      195      95       236      120      188      49       339      139      186      96       46       133      206      125      155      193      114      198      165      87       238      245      40       
15       422      211      131      303      321      102      355      127      217      350      117      229      70       106      216      0        217      332      296      134      58       100      93       246      216      261      153      188      258      83       35       100      129      222      227      395      359      299      292      352      251      
16       362      103      231      207      205      231      176      130      331      234      184      72       219      284      78       217      0        268      273      83       254      117      156      125      383      217      131      164      113      142      195      116      112      261      190      179      144      146      313      323      72       
17       96       169      433      66       83       250      184      349      239      78       392      341      386      304      191      332      268      0        59       266      317      272      350      143      331      71       367      147      159      266      342      280      330      143      106      312      293      147      117      65       204      
18       127      169      407      100      125      205      226      332      180      131      370      343      355      254      195      296      273      59       0        252      272      251      327      155      273      56       354      124      176      239      310      260      315      88       86       348      325      177      61       57       219      
19       362      104      177      216      224      156      231      83       267      256      131      116      148      204      95       134      83       266      252      0        171      34       92       139      307      200      101      129      142      60       116      34       64       215      166      260      225      183      277      308      122      
20       400      224      187      299      320      67       370      182      165      348      176      277      125      48       236      58       254      317      272      171      0        137      150      256      157      247      209      183      272      111      93       140      182      190      217      427      392      311      257      326      274      
21       368      122      161      229      241      127      259      82       243      272      119      145      122      171      120      100      117      272      251      34       137      0        77       158      276      204      107      128      165      28       86       8        68       202      168      295      259      207      268      309      152      
22       445      195      85       305      315      173      322      36       294      346      42       145      64       196      188      93       156      350      327      92       150      77       0        231      306      281      60       205      234      89       58       69       46       271      245      333      298      275      340      385      211      
23       237      36       316      82       85       204      116      221      263      116      271      198      281      265      49       246      125      143      155      139      256      158      231      0        338      100      234      85       23       164      242      164      201      171      84       208      178      55       204      200      64       
24       385      318      341      344      371      151      451      337      93       390      333      422      280      110      339      216      383      331      273      307      157      276      306      338      0        280      364      252      360      248      251      282      333      189      266      538      505      389      226      308      379      
25       164      113      363      64       92       182      184      282      193      110      323      287      315      238      139      261      217      71       56       200      247      204      281      100      280      0        302      76       122      195      270      212      265      92       35       300      274      129      105      108      163      
26       464      201      105      314      320      225      307      27       345      351      61       96       116      254      186      153      131      367      354      101      209      107      60       234      364      302      0        230      232      130      119      99       38       310      268      296      263      270      375      410      199      
27       241      70       287      116      137      124      199      208      180      164      247      229      239      185      96       188      164      147      124      129      183      128      205      85       252      76       230      0        107      119      195      136      191      97       41       289      258      137      150      180      133      
28       250      47       319      94       91       223      98       221      287      121      272      185      288      284      46       258      113      159      176      142      272      165      234      23       360      122      232      107      0        175      251      170      201      194      107      184      155      41       227      219      45       
29       360      129      168      228      243      99       272      104      216      273      131      173      121      143      133      83       142      266      239      60       111      28       89       164      248      195      130      119      175      0        78       34       93       182      160      317      281      216      250      296      168      
30       434      206      102      306      321      129      345      94       248      352      83       199      45       141      206      35       195      342      310      116      93       86       58       242      251      270      119      195      251      78       0        83       98       242      236      374      339      292      312      367      238      
31       376      128      154      236      247      133      263      74       250      278      111      140      117      175      125      100      116      280      260      34       140      8        69       164      282      212      99       136      170      34       83       0        60       211      176      294      259      212      277      317      155      
32       427      167      120      280      287      190      283      19       309      318      73       101      110      224      155      129      112      330      315      64       182      68       46       201      333      265      38       191      201      93       98       60       0        271      230      287      252      241      336      372      173      
33       213      166      344      156      184      123      273      285      101      201      313      323      287      167      193      222      261      143      88       215      190      202      271      171      189      92       310      97       194      182      242      211      271      0        87       379      349      214      70       136      228      
34       200      87       328      83       107      154      186      248      185      132      288      258      280      213      114      227      190      106      86       166      217      168      245      84       266      35       268      41       107      160      236      176      230      87       0        291      262      126      123      141      144      
35       380      220      401      250      229      393      130      302      470      241      355      202      397      451      198      395      179      312      348      260      427      295      333      208      538      300      296      289      184      317      374      294      287      379      291      0        35       170      405      378      158      
36       367      188      368      229      210      358      118      268      439      226      322      171      362      416      165      359      144      293      325      225      392      259      298      178      505      274      263      258      155      281      339      259      252      349      262      35       0        147      380      358      125      
37       229      88       360      81       67       259      61       261      311      91       313      216      330      320      87       299      146      147      177      183      311      207      275      55       389      129      270      137      41       216      292      212      241      214      126      170      147      0        234      211      73       
38       159      211      414      160      186      192      286      351      133      192      381      379      357      229      238      292      313      117      61       277      257      268      340      204      226      105      375      150      227      250      312      277      336      70       123      405      380      234      0        82       267      
39       78       220      465      129      149      258      250      389      215      142      427      395      412      303      245      352      323      65       57       308      326      309      385      200      308      108      410      180      219      296      367      317      372      136      141      378      358      211      82       0        264      
40       294      63       293      139      134      234      110      192      313      162      246      143      270      294      40       251      72       204      219      122      274      152      211      64       379      163      199      133      45       168      238      155      173      228      144      158      125      73       267      264      0        
;

