

sets
i        orders          /0*40/
k        routes          /1*40/
p        positions       /0*40/
;

alias(i,j)
alias(i,h)
alias(i,hh)
alias(i,jj)
alias(k,kk)
                            Parameters

rho(i)	Processing time
/
0	0
1	77
2	43
3	80
4	16
5	23
6	61
7	25
8	91
9	71
10	74
11	64
12	79
13	47
14	54
15	84
16	27
17	31
18	80
19	28
20	22
21	87
22	61
23	37
24	14
25	78
26	22
27	21
28	41
29	64
30	24
31	40
32	60
33	85
34	23
35	54
36	87
37	6
38	73
39	17
40	62
/

gamma(i)	Duedate
/
0	0
1	7
2	83
3	67
4	56
5	45
6	70
7	28
8	20
9	4
10	43
11	6
12	52
13	82
14	9
15	17
16	84
17	37
18	39
19	75
20	47
21	11
22	50
23	27
24	94
25	65
26	60
27	90
28	3
29	82
30	15
31	6
32	31
33	23
34	61
35	67
36	4
37	61
38	62
39	49
40	44
/

sigma(i)	Size
/
0	0
1	7
2	6
3	4
4	2
5	1
6	9
7	1
8	6
9	6
10	5
11	5
12	6
13	6
14	1
15	3
16	8
17	4
18	2
19	8
20	2
21	4
22	3
23	9
24	1
25	6
26	5
27	2
28	6
29	8
30	3
31	3
32	8
33	9
34	7
35	9
36	7
37	6
38	3
39	9
40	5
/

epsilon(i)	Priority
/
0	0
1	9
2	5
3	7
4	5
5	6
6	9
7	7
8	6
9	1
10	3
11	9
12	8
13	3
14	6
15	2
16	8
17	4
18	4
19	3
20	8
21	6
22	1
23	6
24	8
25	8
26	3
27	8
28	5
29	8
30	7
31	4
32	7
33	1
34	1
35	2
36	8
37	8
38	4
39	9
40	3
/

psi	Vehicle Capacity
/ 114 /
;

Table kappa(i,j)                 Setup
         0        1        2        3        4        5        6        7        8        9        10       11       12       13       14       15       16       17       18       19       20       21       22       23       24       25       26       27       28       29       30       31       32       33       34       35       36       37       38       39       40       
0        0        1255     1629     1767     1744     905      1307     1020     1884     2394     649      1046     1651     1458     643      807      1345     1224     1387     770      902      838      2148     1154     1562     2168     1222     833      2054     2085     611      2027     1846     648      1722     1566     853      1341     1826     463      1504     
1        1255     0        848      829      2260     1532     1818     1315     1559     1876     1079     1138     1931     337      760      453      1742     1650     418      813      1495     1665     1387     1130     2052     1798     1002     1382     1506     2020     810      1619     1956     1497     1771     1226     1488     411      1992     1109     2103     
2        1629     848      0        213      1828     1381     1483     1052     783      1028     1102     852      1417     547      987      1068     1355     1314     430      873      1339     1594     564      757      1644     979      579      1255     663      1297     1019     803      1335     1508     1154     535      1363     442      1397     1251     1756     
3        1767     829      213      0        2041     1584     1697     1259     949      1106     1280     1057     1626     495      1125     1131     1569     1527     438      1033     1542     1794     567      967      1857     1109     788      1455     768      1473     1163     941      1534     1698     1355     739      1564     470      1598     1417     1970     
4        1744     2260     1828     2041     0        855      465      950      1281     1709     1287     1122     434      2172     1610     2046     517      615      2013     1482     871      917      1939     1149     208      1409     1312     972      1615     955      1573     1419     658      1096     761      1314     910      1979     572      1391     249      
5        905      1532     1381     1584     855      0        403      338      1234     1769     466      529      760      1538     804      1238     449      334      1394     718      42       233      1729     633      662      1490     803      149      1506     1268     760      1396     987      288      903      1030     55       1351     951      538      633      
6        1307     1818     1483     1697     465      403      0        503      1107     1615     822      694      405      1760     1147     1584     150      174      1605     1024     412      526      1707     747      262      1316     923      508      1424     984      1109     1267     671      672      652      1020     456      1567     614      930      287      
7        1020     1315     1052     1259     950      338      503      0        931      1466     399      205      690      1265     677      1105     437      335      1113     534      297      567      1392     297      741      1202     472      249      1182     1065     648      1090     837      550      702      697      334      1073     831      565      789      
8        1884     1559     783      949      1281     1234     1107     931      0        535      1236     840      848      1307     1337     1622     957      989      1163     1165     1201     1465     668      729      1150     285      691      1180     334      526      1341     162      656      1481     519      354      1249     1156     737      1423     1307     
9        2394     1876     1028     1106     1709     1769     1615     1466     535      0        1754     1363     1300     1571     1813     2036     1466     1512     1458     1649     1736     1999     576      1247     1614     302      1176     1715     374      779      1825     376      1050     2016     977      828      1785     1467     1136     1940     1781     
10       649      1079     1102     1280     1287     466      822      399      1236     1754     0        397      1082     1129     337      772      803      685      1003     278      436      587      1562     508      1082     1520     600      323      1426     1450     293      1383     1235     437      1094     931      417      956      1230     186      1086     
11       1046     1138     852      1057     1122     529      694      205      840      1363     397      0        809      1067     580      978      605      521      912      412      487      748      1226     119      915      1123     274      410      1049     1076     564      989      899      692      737      552      514      873      912      584      981      
12       1651     1931     1417     1626     434      760      405      690      848      1300     1082     809      0        1803     1365     1783     311      428      1642     1211     754      923      1505     801      314      997      942      818      1182     597      1338     991      277      1046     331      891      807      1612     211      1229     485      
13       1458     337      547      495      2172     1538     1760     1265     1307     1571     1129     1067     1803     0        867      711      1662     1587     161      850      1498     1708     1059     1023     1970     1523     863      1391     1209     1800     915      1345     1783     1566     1596     1004     1502     193      1831     1211     2047     
14       643      760      987      1125     1610     804      1147     677      1337     1813     337      580      1365     867      0        437      1109     998      768      174      772      910      1515     648      1403     1621     646      659      1455     1648     50       1463     1479     737      1316     993      754      721      1487     351      1418     
15       807      453      1068     1131     2046     1238     1584     1105     1622     2036     772      978      1783     711      437      0        1541     1432     696      572      1208     1324     1633     1018     1838     1893     956      1095     1662     2005     478      1721     1871     1137     1698     1268     1187     660      1889     740      1855     
16       1345     1742     1355     1569     517      449      150      437      957      1466     803      605      311      1662     1109     1541     0        121      1503     971      444      620      1560     639      310      1168     809      516      1274     855      1076     1116     553      735      511      878      496      1468     508      935      400      
17       1224     1650     1314     1527     615      334      174      335      989      1512     685      521      428      1587     998      1432     121      0        1431     866      326      523      1561     573      407      1219     750      395      1294     945      963      1151     654      623      587      866      379      1393     617      814      460      
18       1387     418      430      438      2013     1394     1605     1113     1163     1458     1003     912      1642     161      768      696      1503     1431     0        727      1354     1572     976      864      1811     1389     702      1249     1089     1648     813      1211     1623     1439     1436     849      1361     47       1670     1100     1891     
19       770      813      873      1033     1482     718      1024     534      1165     1649     278      412      1211     850      174      572      971      866      727      0        682      863      1378     474      1273     1450     476      568      1295     1475     176      1294     1312     715      1146     824      675      680      1324     384      1304     
20       902      1495     1339     1542     871      42       412      297      1201     1736     436      487      754      1498     772      1208     444      326      1354     682      0        270      1689     591      674      1460     761      114      1470     1249     729      1363     973      304      882      991      54       1311     941      520      655      
21       838      1665     1594     1794     917      233      526      567      1465     1999     587      748      923      1708     910      1324     620      523      1572     863      270      0        1959     857      754      1717     1022     339      1739     1469     861      1627     1173     200      1110     1262     234      1528     1127     586      671      
22       2148     1387     564      567      1939     1729     1707     1392     668      576      1562     1226     1505     1059     1515     1633     1560     1561     976      1378     1689     1959     0        1108     1793     685      967      1632     348      1155     1541     567      1325     1918     1181     701      1726     997      1405     1732     1939     
23       1154     1130     757      967      1149     633      747      297      729      1247     508      119      801      1023     648      1018     639      573      864      474      591      857      1108     0        947      1013     179      524      929      1001     640      875      854      810      680      433      623      829      877      694      1031     
24       1562     2052     1644     1857     208      662      262      741      1150     1614     1082     915      314      1970     1403     1838     310      407      1811     1273     674      754      1793     947      0        1311     1114     771      1482     901      1366     1298     584      920      640      1142     717      1777     506      1193     172      
25       2168     1798     979      1109     1409     1490     1316     1202     285      302      1520     1123     997      1523     1621     1893     1168     1219     1389     1450     1460     1717     685      1013     1311     0        975      1448     353      502      1626     178      751      1747     674      631      1510     1388     837      1707     1479     
26       1222     1002     579      788      1312     803      923      472      691      1176     600      274      942      863      646      956      809      750      702      476      761      1022     967      179      1114     975      0        684      831      1051     652      817      954      956      771      348      789      671      990      779      1205     
27       833      1382     1255     1455     972      149      508      249      1180     1715     323      410      818      1391     659      1095     516      395      1249     568      114      339      1632     524      771      1448     684      0        1431     1276     617      1339     1017     300      908      942      112      1206     993      422      764      
28       2054     1506     663      768      1615     1506     1424     1182     334      374      1426     1049     1182     1209     1455     1662     1274     1294     1089     1295     1470     1739     348      929      1482     353      831      1431     0        806      1469     219      985      1729     853      496      1513     1096     1067     1608     1636     
29       2085     2020     1297     1473     955      1268     984      1065     526      779      1450     1076     597      1800     1648     2005     855      945      1648     1475     1249     1469     1155     1001     901      502      1051     1276     806      0        1638     587      319      1553     367      798      1303     1633     395      1628     1074     
30       611      810      1019     1163     1573     760      1109     648      1341     1825     293      564      1338     915      50       478      1076     963      813      176      729      861      1541     640      1366     1626     652      617      1469     1638     0        1470     1459     687      1301     1000     709      766      1465     301      1378     
31       2027     1619     803      941      1419     1396     1267     1090     162      376      1383     989      991      1345     1463     1721     1116     1151     1211     1294     1363     1627     567      875      1298     178      817      1339     219      587      1470     0        776      1640     660      469      1410     1210     861      1569     1458     
32       1846     1956     1335     1534     658      987      671      837      656      1050     1235     899      277      1783     1479     1871     553      654      1623     1312     973      1173     1325     854      584      751      954      1017     985      319      1459     776      0        1275     186      801      1027     1600     86       1401     756      
33       648      1497     1508     1698     1096     288      672      550      1481     2016     437      692      1046     1566     737      1137     735      623      1439     715      304      200      1918     810      920      1747     956      300      1729     1553     687      1640     1275     0        1186     1237     249      1393     1240     397      856      
34       1722     1771     1154     1355     761      903      652      702      519      977      1094     737      331      1596     1316     1698     511      587      1436     1146     882      1110     1181     680      640      674      771      908      853      367      1301     660      186      1186     0        619      937      1414     243      1268     805      
35       1566     1226     535      739      1314     1030     1020     697      354      828      931      552      891      1004     993      1268     878      866      849      824      991      1262     701      433      1142     631      348      942      496      798      1000     469      801      1237     619      0        1031     835      862      1115     1272     
36       853      1488     1363     1564     910      55       456      334      1249     1785     417      514      807      1502     754      1187     496      379      1361     675      54       234      1726     623      717      1510     789      112      1513     1303     709      1410     1027     249      937      1031     0        1318     995      484      688      
37       1341     411      442      470      1979     1351     1567     1073     1156     1467     956      873      1612     193      721      660      1468     1393     47       680      1311     1528     997      829      1777     1388     671      1206     1096     1633     766      1210     1600     1393     1414     835      1318     0        1646     1053     1854     
38       1826     1992     1397     1598     572      951      614      831      737      1136     1230     912      211      1831     1487     1889     508      617      1670     1324     941      1127     1405     877      506      837      990      993      1067     395      1465     861      86       1240     243      862      995      1646     0        1389     678      
39       463      1109     1251     1417     1391     538      930      565      1423     1940     186      584      1229     1211     351      740      935      814      1100     384      520      586      1732     694      1193     1707     779      422      1608     1628     301      1569     1401     397      1268     1115     484      1053     1389     0        1172     
40       1504     2103     1756     1970     249      633      287      789      1307     1781     1086     981      485      2047     1418     1855     400      460      1891     1304     655      671      1939     1031     172      1479     1205     764      1636     1074     1378     1458     756      856      805      1272     688      1854     678      1172     0        
;



Table delta(i,j)                 Distance
         0        1        2        3        4        5        6        7        8        9        10       11       12       13       14       15       16       17       18       19       20       21       22       23       24       25       26       27       28       29       30       31       32       33       34       35       36       37       38       39       40       
0        0        1230     830      730      900      530      790      240      350      720      1210     1200     1210     230      1180     1210     740      290      1010     360      360      460      1380     350      660      1290     640      640      720      1090     1200     90       970      1020     900      920      840      1180     1420     1020     910      
1        1230     0        118      93       35       154      176      142      157      108      169      149      167      146      73       242      176      97       129      115      120      164      206      149      152      217      154      67       149      70       86       119      30       101      211      214      207      207      189      151      211      
2        830      118      0        132      104      62       71       106      92       138      53       40       51       101      63       154      157      88       19       47       47       87       88       74       149      100      147      102      40       58       56       73       89       29       126      133      148      93       74       33       125      
3        730      93       132      0        60       126      152      76       105      15       181      172      181      84       132      188      90       48       150      95       99       119      206      108      63       202      66       35       139      123      140      77       83       136      158      158      137      191      203      161      160      
4        900      35       104      60       0        127      151      108      125      75       157      140      155      112      79       211      141      62       118      88       93       133      190      119      117      195      119      31       127      72       90       87       24       95       179      182      173      185      178      137      180      
5        530      154      62       126      127      0        26       65       38       125      78       86       79       57       120      93       111      78       75       39       33       26       86       21       113      76       110      109      28       113      117      49       124      91       64       70       88       65       96       63       63       
6        790      176      71       152      151      26       0        88       58       151      67       83       70       79       134      84       131      104      78       63       57       43       64       45       136      50       133      134      30       128      128      75       146      101      61       68       96       39       81       59       59       
7        240      142      106      76       108      65       88       0        32       70       140      141      140      9        142      111      51       45       124      59       58       47       151      43       48       138      45       78       89       133      144      33       118      126      81       81       65       127      159      121      83       
8        350      157      92       105      125      38       58       32       0        101      116      122      117      23       141      86       73       64       108      51       48       15       122      18       78       106      75       99       65       132      140      38       130      118      55       57       57       95       134      100      56       
9        720      108      138      15       75       125      151      70       101      0        186      179      186      79       144      181      77       51       157      98       102      115      208      107      50       201      53       47       141      135      152      77       97       145      152      151      127      190      208      165      154      
10       1210     169      53       181      157      78       67       140      116      186      0        25       3        132      105      148      189      135      40       88       85       104      40       98       187      65       185      153      50       103      94       113      141      70       128      136      163      63       21       20       126      
11       1200     149      40       172      140      86       83       141      122      179      25       0        21       135      81       166      192      128      22       84       83       113      65       104      186      90       184      141      58       81       70       111      123      48       144      151      174      86       40       24       142      
12       1210     167      51       181      155      79       70       140      117      186      3        21       0        133      102      151      190      134      37       88       85       106      44       99       187      69       185      152      52       100      91       113      139      67       131      138      165      66       23       20       128      
13       230      146      101      84       112      57       79       9        23       79       132      135      133      0        141      104      56       49       118      55       53       38       143      35       56       129      53       83       82       132      142      32       120      123      73       74       61       118      152      115      75       
14       1180     73       63       132      79       120      134      142      141      144      105      81       102      141      0        214      189      105      66       89       93       140      145      126      173      163      172      97       103      9        13       109      54       35       185      190      198      156      122      91       184      
15       1210     242      154      188      211      93       84       111      86       181      148      166      151      104      214      0        123      151      163      129      124      78       127      93       143      96       139      186      114      207      210      124      214      184      31       30       62       90       155      143      31       
16       740      176      157      90       141      111      131      51       73       77       189      192      190      56       189      123      0        85       175      110      109      88       196      90       27       177      24       109      138      180      193      84       157      176      101      97       61       166      207      171      104      
17       290      97       88       48       62       78       104      45       64       51       135      128      134      49       105      151      85       0        107      47       51       75       158      63       67       154      67       34       90       96       110      29       74       99       119      121      110      143      156      114      120      
18       1010     129      19       150      118      75       78       124      108      157      40       22       37       118      66       163      175      107      0        65       65       101      79       90       167      98       166      119      49       63       56       92       102      30       137      144      163      92       60       25       135      
19       360      115      47       95       88       39       63       59       51       98       88       84       88       55       89       129      110      47       65       0        5        52       111      37       102      110      100      72       44       81       89       26       85       68       98       103      108      99       110      68       98       
20       360      120      47       99       93       33       57       58       48       102      85       83       85       53       93       124      109      51       65       5        0        47       106      32       103      104      101      77       39       85       92       27       91       70       93       98       105      94       106      65       93       
21       460      164      87       119      133      26       43       47       15       115      104      113      106      38       140      78       88       75       101      52       47       0        108      15       94       91       90       109      55       132      138      46       135      114      47       51       61       80       121      90       47       
22       1380     206      88       206      190      86       64       151      122      208      40       65       44       143      145      127      196      158      79       111      106      108      0        107      200      33       196      182      67       143      134      131      177      110      116      124      158      37       32       55       113      
23       350      149      74       108      119      21       45       43       18       107      98       104      99       35       126      93       90       63       90       37       32       15       107      0        92       95       89       96       47       118      124      33       120      101      62       66       74       84       117      82       62       
24       660      152      149      63       117      113      136      48       78       50       187      186      187      56       173      143      27       67       167      102      103      94       200      92       0        185      4        86       137      163      178      75       136      164      118      115      84       174      207      168      121      
25       1290     217      100      202      195      76       50       138      106      201      65       90       69       129      163      96       177      154      98       110      104      91       33       95       185      0        182      182      68       159      154      125      187      127      88       96       132      11       64       72       85       
26       640      154      147      66       119      110      133      45       75       53       185      184      185      53       172      139      24       67       166      100      101      90       196      89       4        182      0        87       134      163      177      74       137      163      114      111      80       171      205      166      117      
27       640      67       102      35       31       109      134      78       99       47       153      141      152      83       97       186      109      34       119      72       77       109      182      96       86       182      87       0        116      88       105      63       50       102      154      156      143      171      175      132      155      
28       720      149      40       139      127      28       30       89       65       141      50       58       52       82       103      114      138      90       49       44       39       55       67       47       137      68       134      116      0        97       97       65       119      70       88       95       116      58       70       34       86       
29       1090     70       58       123      72       113      128      133      132      135      103      81       100      132      9        207      180      96       63       81       85       132      143      118      163      159      163      88       97       0        18       100      48       33       177      183      189      151      122      88       177      
30       1200     86       56       140      90       117      128      144      140      152      94       70       91       142      13       210      193      110      56       89       92       138      134      124      178      154      177      105      97       18       0        110      66       27       181      187      197      147      110      81       180      
31       90       119      73       77       87       49       75       33       38       77       113      111      113      32       109      124      84       29       92       26       27       46       131      33       75       125      74       63       65       100      110      0        91       92       92       95       91       114      134      93       93       
32       970      30       89       83       24       124      146      118      130      97       141      123      139      120      54       214      157      74       102      85       91       135      177      120      136      187      137      50       119      48       66       91       0        75       182      186      182      178      162      122      183      
33       1020     101      29       136      95       91       101      126      118      145      70       48       67       123      35       184      176      99       30       68       70       114      110      101      164      127      163      102      70       33       27       92       75       0        156      162      175      120      89       55       155      
34       900      211      126      158      179      64       61       81       55       152      128      144      131      73       185      31       101      119      137      98       93       47       116      62       118      88       114      154      88       177      181      92       182      156      0        7        45       80       140      120      3        
35       920      214      133      158      182      70       68       81       57       151      136      151      138      74       190      30       97       121      144      103      98       51       124      66       115      96       111      156      95       183      187      95       186      162      7        0        39       87       147      127      10       
36       840      207      148      137      173      88       96       65       57       127      163      174      165      61       198      62       61       110      163      108      105      61       158      74       84       132      80       143      116      189      197      91       182      175      45       39       0        123      178      150      49       
37       1180     207      93       191      185      65       39       127      95       190      63       86       66       118      156      90       166      143      92       99       94       80       37       84       174      11       171      171      58       151      147      114      178      120      80       87       123      0        66       67       77       
38       1420     189      74       203      178      96       81       159      134      208      21       40       23       152      122      155      207      156      60       110      106      121      32       117      207      64       205      175      70       122      110      134      162      89       140      147      178      66       0        42       137      
39       1020     151      33       161      137      63       59       121      100      165      20       24       20       115      91       143      171      114      25       68       65       90       55       82       168      72       166      132      34       88       81       93       122      55       120      127      150      67       42       0        118      
40       910      211      125      160      180      63       59       83       56       154      126      142      128      75       184      31       104      120      135      98       93       47       113      62       121      85       117      155      86       177      180      93       183      155      3        10       49       77       137      118      0        
;

