
sets
i        orders          /0*10/
k        routes          /1*10/
p        positions       /0*10/
;

alias(i,j)
alias(i,h)
alias(i,hh)
alias(i,jj)
alias(k,kk)
                
                    Parameters

rho(i)	Processing time
/
0	0
1	57
2	61
3	10
4	81
5	65
6	25
7	2
8	73
9	2
10	57
/

gamma(i)	Duedate
/
0	0
1	60
2	55
3	26
4	74
5	96
6	56
7	52
8	15
9	59
10	16
/

sigma(i)	Size
/
0	0
1	6
2	6
3	2
4	3
5	9
6	3
7	4
8	9
9	3
10	6
/

epsilon(i)	Priority
/
0	0
1	5
2	1
3	3
4	2
5	9
6	4
7	4
8	8
9	6
10	3
/

psi	Vehicle Capacity
/ 24 /
;

Table kappa(i,j)                 Setup
         0        1        2        3        4        5        6        7        8        9        10       
0        0        182      92       26       34       133      144      72       12       106      94       
1        182      0        95       162      154      174      129      116      188      222      100      
2        92       95       0        69       72       146      124      21       95       164      13       
3        26       162      69       0        35       142      144      48       26       127      70       
4        34       154      72       35       0        107      112      57       45       98       78       
5        133      174      146      142      107      0        49       145      146      71       159      
6        144      129      124      144      112      49       0        131      156      115      137      
7        72       116      21       48       57       145      131      0        75       153      22       
8        12       188      95       26       45       146      156      75       0        117      96       
9        106      222      164      127      98       71       115      153      117      0        173      
10       94       100      13       70       78       159      137      22       96       173      0        
;



Table delta(i,j)                 Distance
         0        1        2        3        4        5        6        7        8        9        10       
0        0        95       43       143      166      39       14       156      114      32       32       
1        95       0        58       49       170      78       107      61       75       67       127      
2        43       58       0        108      144      51       52       117      103      32       73       
3        143      49       108      0        203      120      156      28       83       114      176      
4        166      170      144      203      0        193      162      190      240      174      177      
5        39       78       51       120      193      0        52       139      75       19       64       
6        14       107      52       156      162      52       0        168      128      46       21       
7        156      61       117      28       190      139      168      0        111      129      188      
8        114      75       103      83       240      75       128      111      0        83       139      
9        32       67       32       114      174      19       46       129      83       0        62       
10       32       127      73       176      177      64       21       188      139      62       0        
;

