

sets
i        orders          /0*40/
k        routes          /1*40/
p        positions       /0*40/
;

alias(i,j)
alias(i,h)
alias(i,hh)
alias(i,jj)
alias(k,kk)
                            Parameters

rho(i)	Processing time
/
0	0
1	25
2	21
3	1
4	22
5	88
6	47
7	37
8	86
9	56
10	55
11	40
12	90
13	77
14	75
15	75
16	23
17	87
18	32
19	15
20	87
21	41
22	13
23	30
24	11
25	93
26	47
27	77
28	70
29	15
30	32
31	99
32	91
33	71
34	50
35	61
36	13
37	95
38	73
39	3
40	35
/

gamma(i)	Duedate
/
0	0
1	4
2	25
3	3
4	76
5	93
6	59
7	69
8	42
9	16
10	94
11	98
12	29
13	93
14	58
15	64
16	36
17	55
18	13
19	57
20	15
21	63
22	6
23	63
24	43
25	5
26	95
27	98
28	25
29	5
30	52
31	4
32	49
33	66
34	8
35	88
36	25
37	1
38	4
39	79
40	50
/

sigma(i)	Size
/
0	0
1	7
2	4
3	5
4	6
5	9
6	9
7	6
8	4
9	6
10	9
11	8
12	2
13	3
14	3
15	8
16	3
17	4
18	4
19	1
20	6
21	4
22	7
23	9
24	8
25	8
26	3
27	2
28	8
29	5
30	7
31	4
32	3
33	9
34	4
35	1
36	4
37	6
38	1
39	8
40	1
/

epsilon(i)	Priority
/
0	0
1	5
2	1
3	3
4	5
5	1
6	1
7	7
8	2
9	7
10	7
11	6
12	9
13	1
14	9
15	9
16	4
17	8
18	3
19	4
20	6
21	3
22	1
23	7
24	4
25	9
26	1
27	3
28	7
29	3
30	8
31	9
32	1
33	9
34	9
35	4
36	1
37	6
38	4
39	4
40	6
/

psi	Vehicle Capacity
/ 13 /
;

Table kappa(i,j)                 Setup
         0        1        2        3        4        5        6        7        8        9        10       11       12       13       14       15       16       17       18       19       20       21       22       23       24       25       26       27       28       29       30       31       32       33       34       35       36       37       38       39       40       
0        0        3930     658      2664     3104     766      1318     2669     3629     2784     3779     4259     261      3264     1820     3047     1551     984      4173     2138     636      2067     3090     1924     2859     4592     720      3529     2262     2791     2534     1435     3781     2004     2779     3140     1482     1570     2370     2533     3248     
1        3930     0        3896     2352     2332     4231     3159     2053     491      2071     2008     1279     3823     4055     2111     1180     2838     4114     656      3302     3364     2704     1896     2395     2813     1225     3301     3071     2355     2379     1839     2980     150      1966     3530     1250     2467     2598     2964     2254     1367     
2        658      3896     0        3029     2687     1419     878      2971     3667     3096     4075     4417     888      3849     1870     3176     1956     1642     4234     2672     1043     1637     2754     1634     3305     4708     1121     3988     2605     2376     2281     1872     3746     2113     3328     2938     1619     1331     2846     2165     3008     
3        2664     2352     3029     0        3412     2540     2796     312      1867     285      1156     1921     2438     1742     1535     1184     1113     2301     2170     1034     2042     2948     3067     2486     517      2335     1957     1095     427      3226     2506     1238     2256     1284     1181     2559     1528     2345     643      2918     2769     
4        3104     2332     2687     3412     0        3754     1817     3139     2478     3245     3817     3485     3162     5029     2018     2571     3035     3814     2956     3877     2855     1051     441      1239     3919     3539     2849     4478     3109     313      908      3101     2228     2185     4413     1114     2279     1592     3743     601      965      
5        766      4231     1419     2540     3754     0        2036     2634     3865     2727     3696     4337     606      2723     2163     3207     1497     306      4365     1758     935      2749     3682     2529     2594     4709     972      3213     2201     3447     3083     1350     4088     2266     2330     3624     1790     2169     2085     3163     3762     
6        1318     3159     878      2796     1817     2036     0        2652     3000     2782     3691     3852     1429     3985     1352     2624     1901     2165     3575     2755     1264     766      1877     792      3183     4093     1298     3858     2377     1505     1435     1882     3011     1629     3400     2106     1268     575      2806     1287     2156     
7        2669     2053     2971     312      3139     2634     2652     0        1572     129      1112     1729     2460     2054     1337     877      1149     2420     1911     1279     2035     2735     2781     2271     824      2129     1950     1340     432      2965     2238     1291     1952     1070     1490     2257     1399     2166     915      2664     2468     
8        3629     491      3667     1867     2478     3865     3000     1572     0        1584     1561     1007     3499     3564     1818     713      2427     3726     574      2835     3035     2654     2038     2284     2322     1120     2966     2588     1895     2462     1822     2573     427      1629     3042     1364     2148     2426     2486     2278     1534     
9        2784     2071     3096     285      3245     2727     2782     129      1584     0        995      1664     2571     2004     1465     911      1253     2506     1887     1307     2151     2859     2880     2395     761      2072     2066     1233     530      3077     2347     1392     1977     1196     1459     2341     1528     2294     925      2778     2552     
10       3779     2008     4075     1156     3817     3696     3691     1112     1561     995      0        1011     3566     2332     2340     1247     2244     3457     1531     2112     3146     3647     3402     3194     1279     1425     3061     1178     1522     3714     2986     2379     1982     2063     1978     2765     2478     3163     1711     3451     2966     
11       4259     1279     4417     1921     3485     4337     3852     1729     1007     1664     1011     0        4084     3334     2552     1242     2839     4140     648      2952     3629     3603     3045     3199     2206     425      3550     2189     2155     3464     2801     2987     1321     2304     2937     2372     2810     3281     2554     3266     2538     
12       261      3823     888      2438     3162     606      1429     2460     3499     2571     3566     4084     0        3003     1714     2890     1325     768      4031     1878     463      2146     3111     1949     2612     4429     537      3279     2044     2852     2530     1201     3676     1870     2518     3105     1356     1589     2119     2576     3228     
13       3264     4055     3849     1742     5029     2723     3985     2054     3564     2004     2332     3334     3003     0        3024     2915     2100     2417     3761     1229     2830     4373     4728     3942     1245     3754     2765     1187     1937     4802     4125     2103     3972     2844     616      4276     2842     3699     1285     4480     4483     
14       1820     2111     1870     1535     2018     2163     1352     1337     1818     1465     2340     2552     1714     3024     0        1309     1037     2098     2375     1859     1260     1414     1768     954      1994     2837     1204     2629     1155     1779     1136     1127     1963     277      2407     1510     374      831      1743     1456     1679     
15       3047     1180     3176     1184     2571     3207     2624     877      713      911      1247     1242     2890     2915     1309     0        1738     3048     1158     2123     2428     2453     2161     2018     1670     1545     2353     2043     1181     2468     1744     1886     1075     1064     2366     1544     1578     2058     1784     2212     1751     
16       1551     2838     1956     1113     3035     1497     1901     1149     2427     1253     2244     2839     1325     2100     1037     1738     0        1313     2894     877      936      2283     2804     1870     1349     3214     852      2034     722      2777     2171     149      2703     977      1503     2514     764      1603     914      2453     2696     
17       984      4114     1642     2301     3814     306      2165     2420     3726     2506     3457     4140     768      2417     2098     3048     1313     0        4206     1470     958      2840     3707     2576     2321     4523     969      2925     1988     3512     3091     1164     3974     2165     2027     3592     1726     2221     1813     3216     3743     
18       4173     656      4234     2170     2956     4365     3575     1911     574      1887     1531     648      4031     3761     2375     1158     2894     4206     0        3189     3567     3215     2516     2855     2557     583      3495     2680     2291     2974     2370     3043     732      2169     3296     1850     2691     3000     2812     2815     1992     
19       2138     3302     2672     1034     3877     1758     2755     1279     2835     1307     2112     2952     1878     1229     1859     2123     877      1470     3189     0        1634     3159     3613     2741     875      3369     1562     1455     952      3631     2990     873      3189     1724     658      3242     1633     2480     403      3307     3439     
20       636      3364     1043     2042     2855     935      1264     2035     3035     2151     3146     3629     463      2830     1260     2428     936      958      3567     1634     0        1891     2757     1618     2274     3969     85       2955     1632     2553     2151     837      3217     1407     2291     2691     896      1262     1805     2257     2827     
21       2067     2704     1637     2948     1051     2749     766      2735     2654     2859     3647     3603     2146     4373     1414     2453     2283     2840     3215     3159     1891     0        1151     463      3406     3775     1901     4043     2567     739      866      2310     2566     1667     3763     1519     1531     683      3117     557      1516     
22       3090     1896     2754     3067     441      3682     1877     2781     2038     2880     3402     3045     3111     4728     1768     2161     2804     3707     2516     3613     2757     1151     0        1166     3580     3099     2738     4112     2793     529      635      2887     1789     1893     4115     673      2074     1523     3445     595      528      
23       1924     2395     1634     2486     1239     2529     792      2271     2284     2395     3194     3199     1949     3942     954      2018     1870     2576     2855     2741     1618     463      1166     0        2948     3398     1610     3581     2110     944      648      1913     2249     1203     3329     1314     1107     360      2675     639      1374     
24       2859     2813     3305     517      3919     2594     3183     824      2322     761      1279     2206     2612     1245     1994     1670     1349     2321     2557     875      2274     3406     3580     2948     0        2631     2191     685      838      3723     3011     1437     2727     1763     739      3077     1926     2776     509      3411     3287     
25       4592     1225     4708     2335     3539     4709     4093     2129     1120     2072     1425     425      4429     3754     2837     1545     3214     4523     583      3369     3969     3775     3099     3398     2631     0        3892     2601     2548     3556     2939     3363     1313     2606     3362     2433     3123     3518     2972     3390     2575     
26       720      3301     1121     1957     2849     972      1298     1950     2966     2066     3061     3550     537      2765     1204     2353     852      969      3495     1562     85       1901     2738     1610     2191     3892     0        2873     1547     2550     2125     755      3155     1340     2220     2652     835      1258     1725     2249     2792     
27       3529     3071     3988     1095     4478     3213     3858     1340     2588     1233     1178     2189     3279     1187     2629     2043     2034     2925     2680     1455     2955     4043     4112     3581     685      2601     2873     0        1489     4306     3578     2118     3014     2379     1009     3555     2594     3432     1159     4002     3766     
28       2262     2355     2605     427      3109     2201     2377     432      1895     530      1522     2155     2044     1937     1155     1181     722      1988     2291     952      1632     2567     2793     2110     838      2548     1547     1489     0        2900     2200     861      2238     931      1329     2347     1109     1943     669      2584     2552     
29       2791     2379     2376     3226     313      3447     1505     2965     2462     3077     3714     3464     2852     4802     1779     2468     2777     3512     2974     3631     2553     739      529      944      3723     3556     2550     4306     2900     0        735      2835     2261     1969     4185     1129     2015     1291     3518     324      1031     
30       2534     1839     2281     2506     908      3083     1435     2238     1822     2347     2986     2801     2530     4125     1136     1744     2171     3091     2370     2990     2151     866      635      648      3011     2939     2125     3578     2200     735      0        2252     1703     1281     3510     674      1439     971      2839     471      727      
31       1435     2980     1872     1238     3101     1350     1882     1291     2573     1392     2379     2987     1201     2103     1127     1886     149      1164     3043     873      837      2310     2887     1913     1437     3363     755      2118     861      2835     2252     0        2844     1095     1520     2622     821      1627     975      2512     2800     
32       3781     150      3746     2256     2228     4088     3011     1952     427      1977     1982     1321     3676     3972     1963     1075     2703     3974     732      3189     3217     2566     1789     2249     2727     1313     3155     3014     2238     2261     1703     2844     0        1822     3436     1132     2320     2449     2858     2125     1263     
33       2004     1966     2113     1284     2185     2266     1629     1070     1629     1196     2063     2304     1870     2844     277      1064     977      2165     2169     1724     1407     1667     1893     1203     1763     2606     1340     2379     931      1969     1281     1095     1822     0        2228     1540     521      1106     1558     1652     1728     
34       2779     3530     3328     1181     4413     2330     3400     1490     3042     1459     1978     2937     2518     616      2407     2366     1503     2027     3296     658      2291     3763     4115     3329     739      3362     2220     1009     1329     4185     3510     1520     3436     2228     0        3675     2232     3093     670      3863     3881     
35       3140     1250     2938     2559     1114     3624     2106     2257     1364     2341     2765     2372     3105     4276     1510     1544     2514     3592     1850     3242     2691     1519     673      1314     3077     2433     2652     3555     2347     1129     674      2622     1132     1540     3675     0        1872     1611     3016     1019     211      
36       1482     2467     1619     1528     2279     1790     1268     1399     2148     1528     2478     2810     1356     2842     374      1578     764      1726     2691     1633     896      1531     2074     1107     1926     3123     835      2594     1109     2015     1439     821      2320     521      2232     1872     0        864      1592     1692     2033     
37       1570     2598     1331     2345     1592     2169     575      2166     2426     2294     3163     3281     1589     3699     831      2058     1603     2221     3000     2480     1262     683      1523     360      2776     3518     1258     3432     1943     1291     971      1627     2449     1106     3093     1611     864      0        2456     995      1695     
38       2370     2964     2846     643      3743     2085     2806     915      2486     925      1711     2554     2119     1285     1743     1784     914      1813     2812     403      1805     3117     3445     2675     509      2972     1725     1159     669      3518     2839     975      2858     1558     670      3016     1592     2456     0        3197     3220     
39       2533     2254     2165     2918     601      3163     1287     2664     2278     2778     3451     3266     2576     4480     1456     2212     2453     3216     2815     3307     2257     557      595      639      3411     3390     2249     4002     2584     324      471      2512     2125     1652     3863     1019     1692     995      3197     0        981      
40       3248     1367     3008     2769     965      3762     2156     2468     1534     2552     2966     2538     3228     4483     1679     1751     2696     3743     1992     3439     2827     1516     528      1374     3287     2575     2792     3766     2552     1031     727      2800     1263     1728     3881     211      2033     1695     3220     981      0        
;



Table delta(i,j)                 Distance
         0        1        2        3        4        5        6        7        8        9        10       11       12       13       14       15       16       17       18       19       20       21       22       23       24       25       26       27       28       29       30       31       32       33       34       35       36       37       38       39       40       
0        0        2550     2700     3600     4050     4230     2100     4440     8610     7080     3180     1740     5100     8220     8550     5520     3750     6660     1440     3810     4830     6870     4140     4050     3510     7860     5760     1890     7500     3600     7710     4320     5340     3630     5910     5850     780      840      2940     7350     7110     
1        2550     0        161      195      83       85       136      193      361      317      163      125      186      355      336      269      204      222      65       179      109      314      180      182      157      345      251      86       334      137      337      221      203      201      174      194      93       70       180      326      256      
2        2700     161      0        35       225      180      25       76       200      159      161      35       246      196      323      136      47       303      98       51       191      166      201      194      63       191      229      151      180      95       241      152      247      48       285      277      70       92       107      167      306      
3        3600     195      35       0        256      215      60       85       167      124      173      70       263      161      321      109      16       322      133      63       224      134      213      206      86       156      230      177      146      123      222      147      261      21       309      297      103      125      108      132      319      
4        4050     83       225      256      0        159      203      271      422      369      158      190      135      407      303      305      260      153      140      253      182      356      155      161      235      392      232      89       379      219      346      233      158      256      96       128      155      136      204      378      198      
5        4230     85       180      215      159      0        156      177      367      338      240      151      271      374      417      311      228      306      95       173      23       347      262      262      145      371      328      168      361      109      397      286      288      228      255      279      132      114      239      346      341      
6        2100     136      25       60       203      156      0        81       225      184      155      12       234      221      324      156      72       290      73       57       168      190      193      188      57       216      229      134      205      80       256      159      238      72       267      263      47       68       110      192      297      
7        4440     193      76       85       271      177      81       0        194      180      235      93       316      211      399      192      100      370      131      25       178      206      274      268      36       217      305      212      211      68       307      228      319      107      344      344      122      136      183      186      379      
8        8610     361      200      167      422      367      225      194      0        72       316      236      410      56       414      161      162      470      297      193      371      119      354      345      222      87       340      340      95       260      258      258      402      167      468      449      270      292      244      65       454      
9        7080     317      159      124      369      338      184      180      72       0        249      193      343      37       342      89       113      403      256      171      346      49       286      277      199      37       268      283      34       239      189      187      333      115      406      383      224      247      178      9        383      
10       3180     163      161      173      158      240      155      235      316      249      0        145      94       285      179      168      167      153      153      210      261      222      40       33       211      263      88       78       249      223      188      78       88       160      160      133      128      134      71       259      146      
11       1740     125      35       70       190      151      12       93       236      193      145      0        222      230      317      160      80       278      63       70       164      196      183      178      66       224      222      121      213      84       255      154      227      79       254      251      35       56       105      201      286      
12       5100     186      246      263      135      271      234      316      410      343      94       222      0        378      170      260      259      59       208      292      295      314      58       67       286      355      119      111      341      289      253      163      25       252      82       41       196      192      165      352      70       
13       8220     355      196      161      407      374      221      211      56       37       285      230      378      0        365      119      150      437      294      204      381      69       320      311      233      31       297      321      41       272      203      219      366      153      442      418      262      285      214      28       415      
14       8550     336      323      321      303      417      324      399      414      342      179      317      170      365      0        254      310      188      333      374      440      296      155      154      381      335      94       250      323      399      172      174      145      302      244      195      307      313      216      349      130      
15       5520     269      136      109      305      311      156      192      161      89       168      160      260      119      254      0        93       318      218      173      324      54       201      192      195      95       179      216      81       231      118      99       247      89       328      300      181      203      102      97       295      
16       3750     204      47       16       260      228      72       100      162      113      167      80       259      150      310      93       0        318      143      79       238      119      208      200      102      144      219      179      133      139      206      136      256      8        309      295      111      134      100      122      313      
17       6660     222      303      322      153      306      290      370      470      403      153      278      59       437      188      318      318      0        255      347      330      372      116      126      340      413      164      160      400      338      302      220      72       311      64       28       249      241      225      412      59       
18       1440     65       98       133      140      95       73       131      297      256      153      63       208      294      333      218      143      255      0        115      113      258      183      181      95       287      241      97       276      83       301      191      219      142      219      227      37       20       143      265      277      
19       3810     179      51       63       253      173      57       25       193      171      210      70       292      204      374      173      79       347      115      0        178      191      250      244      29       207      280      190      199      68       285      203      295      85       323      321      101      117      158      177      354      
20       4830     109      191      224      182      23       168      178      371      346      261      164      295      381      440      324      238      330      113      178      0        358      285      285      149      380      350      191      371      110      414      304      312      239      278      303      149      133      257      353      365      
21       6870     314      166      134      356      347      190      206      119      49       222      196      314      69       296      54       119      372      258      191      358      0        255      246      218      41       228      267      28       256      140      152      301      118      382      354      223      246      155      54       347      
22       4140     180      201      213      155      262      193      274      354      286      40       183      58       320      155      201      208      116      183      250      285      255      0        9        249      297      77       94       283      258      201      105      48       200      133      99       163      164      110      295      105      
23       4050     182      194      206      161      262      188      268      345      277      33       178      67       311      154      192      200      126      181      244      285      246      9        0        244      287      72       95       274      254      193      95       56       192      142      108      159      162      101      286      112      
24       3510     157      63       86       235      145      57       36       222      199      211      66       286      233      381      195      102      340      95       29       149      218      249      244      0        235      286      180      227      39       304      214      292      106      311      312      90       102      167      206      351      
25       7860     345      191      156      392      371      216      217      87       37       263      224      355      31       335      95       144      413      287      207      380      41       297      287      235      0        269      305      13       274      172      193      342      145      422      395      253      276      194      33       389      
26       5760     251      229      230      232      328      229      305      340      268      88       222      119      297      94       179      219      164      241      280      350      228      77       72       286      269      0        165      256      305      138      85       95       211      201      157      212      221      122      276      124      
27       1890     86       151      177      89       168      134      212      340      283      78       121      111      321      250      216      179      160      97       190      191      267      94       95       180      305      165      0        292      179      262      147      123      173      133      132      90       81       115      292      180      
28       7500     334      180      146      379      361      205      211      95       34       249      213      341      41       323      81       133      400      276      199      371      28       283      274      227      13       256      292      0        266      163      180      329      134      408      382      241      264      181      34       376      
29       3600     137      95       123      219      109      80       68       260      239      223      84       289      272      399      231      139      338      83       68       110      256      258      254      39       274      305      179      266      0        335      238      298      142      303      311      95       97       190      246      357      
30       7710     337      241      222      346      397      256      307      258      189      188      255      253      203      172      118      206      302      301      285      414      140      201      193      304      172      138      262      163      335      0        115      232      200      334      293      265      283      158      194      260      
31       4320     221      152      147      233      286      159      228      258      187      78       154      163      219      174      99       136      220      191      203      304      152      105      95       214      193      85       147      180      238      115      0        149      128      236      204      156      171      49       196      196      
32       5340     203      247      261      158      288      238      319      402      333      88       227      25       366      145      247      256      72       219      295      312      301      48       56       292      342      95       123      329      298      232      149      0        248      106      61       204      201      158      342      59       
33       3630     201      48       21       256      228      72       107      167      115      160      79       252      153      302      89       8        311      142      85       239      118      200      192      106      145      211      173      134      142      200      128      248      0        303      288      108      131      92       124      305      
34       5910     174      285      309      96       255      267      344      468      406      160      254      82       442      244      328      309      64       219      323      278      382      133      142      311      422      201      133      408      303      334      236      106      303      0        48       222      209      227      415      120      
35       5850     194      277      297      128      279      263      344      449      383      133      251      41       418      195      300      295      28       227      321      303      354      99       108      312      395      157      132      382      311      293      204      61       288      48       0        222      213      204      392      73       
36       780      93       70       103      155      132      47       122      270      224      128      35       196      262      307      181      111      249      37       101      149      223      163      159      90       253      212      90       241      95       265      156      204      108      222      222      0        23       107      233      263      
37       840      70       92       125      136      114      68       136      292      247      134      56       192      285      313      203      134      241      20       117      133      246      164      162      102      276      221      81       264      97       283      171      201      131      209      213      23       0        124      256      260      
38       2940     180      107      108      204      239      110      183      244      178      71       105      165      214      216      102      100      225      143      158      257      155      110      101      167      194      122      115      181      190      158      49       158      92       227      204      107      124      0        188      213      
39       7350     326      167      132      378      346      192      186      65       9        259      201      352      28       349      97       122      412      265      177      353      54       295      286      206      33       276      292      34       246      194      196      342      124      415      392      233      256      188      0        392      
40       7110     256      306      319      198      341      297      379      454      383      146      286      70       415      130      295      313      59       277      354      365      347      105      112      351      389      124      180      376      357      260      196      59       305      120      73       263      260      213      392      0        
;

