
sets
i        orders          /0*10/
k        routes          /1*10/
p        positions       /0*10/
;

alias(i,j)
alias(i,h)
alias(i,hh)
alias(i,jj)
alias(k,kk)
                
                    Parameters

rho(i)	Processing time
/
0	0
1	70
2	35
3	73
4	29
5	94
6	30
7	78
8	3
9	75
10	56
/

gamma(i)	Duedate
/
0	0
1	99
2	94
3	48
4	94
5	43
6	6
7	3
8	6
9	90
10	78
/

sigma(i)	Size
/
0	0
1	1
2	4
3	1
4	6
5	6
6	7
7	8
8	5
9	5
10	7
/

epsilon(i)	Priority
/
0	0
1	4
2	8
3	7
4	6
5	6
6	4
7	2
8	1
9	7
10	9
/

psi	Vehicle Capacity
/ 25 /
;

Table kappa(i,j)                 Setup
         0        1        2        3        4        5        6        7        8        9        10       
0        0        220      193      129      25       236      124      94       181      91       31       
1        220      0        60       95       200      34       131      152      123      200      205      
2        193      60       0        65       178      94       82       109      63       153      172      
3        129      95       65       0        112      120      46       58       81       108      111      
4        25       200      178      112      0        214      116      88       173      99       41       
5        236      34       94       120      214      0        160      178      157      228      226      
6        124      131      82       46       116      160      0        31       57       71       97       
7        94       152      109      58       88       178      31       0        87       50       66       
8        181      123      63       81       173      157      57       87       0        114      153      
9        91       200      153      108      99       228      71       50       114      0        60       
10       31       205      172      111      41       226      97       66       153      60       0        
;



Table delta(i,j)                 Distance
         0        1        2        3        4        5        6        7        8        9        10       
0        0        5430     5010     3630     9420     9180     4890     2700     1800     4350     5760     
1        5430     0        69       191      287      182      293      93       147      95       257      
2        5010     69       0        134      219      144      242      104      116      32       193      
3        3630     191      134      0        196      231      107      146      74       102      78       
4        9420     287      219      196      0        168      250      303      257      207      155      
5        9180     182      144      231      168      0        330      248      248      160      248      
6        4890     293      242      107      250      330      0        230      153      209      95       
7        2700     93       104      146      303      248      230      0        77       99       223      
8        1800     147      116      74       257      248      153      77       0        89       151      
9        4350     95       32       102      207      160      209      99       89       0        163      
10       5760     257      193      78       155      248      95       223      151      163      0        
;

