
sets
i        orders          /0*20/
k        routes          /1*20/
p        positions       /0*20/
;

alias(i,j)
alias(i,h)
alias(i,hh)
alias(i,jj)
alias(k,kk)
                
                    Parameters

rho(i)	Processing time
/
0	0
1	41
2	88
3	86
4	78
5	60
6	55
7	37
8	96
9	60
10	26
11	80
12	30
13	5
14	18
15	44
16	27
17	66
18	61
19	32
20	85
/

gamma(i)	Duedate
/
0	0
1	51
2	54
3	13
4	82
5	11
6	65
7	51
8	93
9	84
10	50
11	31
12	93
13	38
14	44
15	56
16	57
17	23
18	73
19	38
20	11
/

sigma(i)	Size
/
0	0
1	1
2	2
3	1
4	8
5	6
6	1
7	1
8	7
9	8
10	4
11	2
12	2
13	5
14	7
15	7
16	2
17	7
18	5
19	7
20	1
/

epsilon(i)	Priority
/
0	0
1	3
2	6
3	3
4	3
5	6
6	3
7	2
8	2
9	5
10	2
11	9
12	5
13	6
14	9
15	5
16	2
17	6
18	2
19	7
20	9
/

psi	Vehicle Capacity
/ 33 /
;

Table kappa(i,j)                 Setup
         0        1        2        3        4        5        6        7        8        9        10       11       12       13       14       15       16       17       18       19       20       
0        0        144      123      75       122      83       140      80       40       104      50       84       10       19       84       93       42       43       35       121      144      
1        144      0        45       187      54       72       87       110      179      158      190      203      142      139      116      116      185      185      175      70       42       
2        123      45       0        181      9        40       45       70       162      115      173      196      124      124      125      73       166      166      158      25       81       
3        75       187      181      0        184      146      208      153      47       178      48       17       66       62       79       167      56       53       52       187      170      
4        122      54       9        184      0        39       36       64       162      107      173      198      125      125      130      65       165      166      157      15       90       
5        83       72       40       146      39       0        63       40       123      90       134      160      86       87       102      50       126      127      118      40       93       
6        140      87       45       208      36       63       0        65       181      94       191      222      145      147      163      59       182      183      175      24       125      
7        80       110      70       153      64       40       65       0        119      50       128      164      87       91       129      14       119      120      113      54       134      
8        40       179      162      47       162      123      181      119      0        135      11       50       38       40       95       131      10       8        6        161      173      
9        104      158      115      178      107      90       94       50       135      0        141      185      114      121      172      42       131      133      129      94       184      
10       50       190      173      48       173      134      191      128      11       141      0        47       49       51       105      140      10       8        15       172      184      
11       84       203      196      17       198      160      222      164      50       185      47       0        77       74       96       177      57       54       56       200      187      
12       10       142      124      66       125      86       145      87       38       114      49       77       0        8        74       100      43       43       33       125      139      
13       19       139      124      62       125      87       147      91       40       121      51       74       8        0        66       105      47       46       37       126      134      
14       84       116      125      79       130      102      163      129      95       172      105      96       74       66       0        143      105      103      95       139      92       
15       93       116      73       167      65       50       59       14       131      42       140      177      100      105      143      0        130      132      125      53       142      
16       42       185      166      56       165      126      182      119      10       131      10       57       43       47       105      130      0        3        10       164      181      
17       43       185      166      53       166      127      183      120      8        133      8        54       43       46       103      132      3        0        9        165      180      
18       35       175      158      52       157      118      175      113      6        129      15       56       33       37       95       125      10       9        0        156      171      
19       121      70       25       187      15       40       24       54       161      94       172      200      125      126      139      53       164      165      156      0        105      
20       144      42       81       170      90       93       125      134      173      184      184      187      139      134      92       142      181      180      171      105      0        
;



Table delta(i,j)                 Distance
         0        1        2        3        4        5        6        7        8        9        10       11       12       13       14       15       16       17       18       19       20       
0        0        2500     3290     3850     280      5090     620      4960     4850     4670     5030     5100     3610     5420     3870     2540     5350     6940     2010     2330     980      
1        2500     0        175      268      274      288      190      246      422      268      258      282      325      299      139      237      462      452      87       112      306      
2        3290     175      0        440      357      196      271      256      252      408      331      206      177      261      233      408      288      397      141      286      333      
3        3850     268      440      0        392      489      354      371      690      149      290      471      592      450      255      147      728      578      342      176      479      
4        280      274      357      392      0        536      89       521      511      481      524      537      386      568      409      255      561      720      228      248      107      
5        5090     288      196      489      536      0        447      147      339      396      258      26       330      94       234      515      347      202      308      391      526      
6        620      190      271      354      89       447      0        434      446      420      445      448      323      479      328      238      495      631      139      189      128      
7        4960     246      256      371      521      147      434      0        465      257      110      122      427      79       129      430      482      216      306      318      540      
8        4850     422      252      690      511      339      446      465      0        658      562      363      124      432      480      641      51       515      361      528      436      
9        4670     268      408      149      481      396      420      257      658      0        156      373      580      336      178      275      688      446      356      233      548      
10       5030     258      331      290      524      258      445      110      562      156      0        233      508      184      119      380      583      291      337      289      564      
11       5100     282      206      471      537      26       448      122      363      373      233      0        350      68       216      503      373      191      309      380      532      
12       3610     325      177      592      386      330      323      427      124      580      508      350      0        415      410      528      174      528      252      422      314      
13       5420     299      261      450      568      94       479      79       432      336      184      68       415      0        202      502      441      152      343      385      574      
14       3870     139      233      255      409      234      328      129      480      178      119      216      410      202      0        300      509      346      218      189      445      
15       2540     237      408      147      255      515      238      430      641      275      380      503      528      502      300      0        685      646      279      125      352      
16       5350     462      288      728      561      347      495      482      51       688      583      373      174      441      509      685      0        510      405      569      487      
17       6940     452      397      578      720      202      631      216      515      446      291      191      528      152      346      646      510      0        494      534      722      
18       2010     87       141      342      228      308      139      306      361      356      337      309      252      343      218      279      405      494      0        169      234      
19       2330     112      286      176      248      391      189      318      528      233      289      380      422      385      189      125      569      534      169      0        317      
20       980      306      333      479      107      526      128      540      436      548      564      532      314      574      445      352      487      722      234      317      0        
;

