
sets
i        orders          /0*20/
k        routes          /1*20/
p        positions       /0*20/
;

alias(i,j)
alias(i,h)
alias(i,hh)
alias(i,jj)
alias(k,kk)
                
                    Parameters

rho(i)	Processing time
/
0	0
1	17
2	86
3	81
4	62
5	18
6	28
7	96
8	51
9	37
10	69
11	56
12	37
13	11
14	12
15	44
16	40
17	34
18	88
19	78
20	19
/

gamma(i)	Duedate
/
0	0
1	63
2	17
3	51
4	89
5	86
6	60
7	80
8	19
9	21
10	98
11	32
12	20
13	37
14	67
15	47
16	86
17	8
18	62
19	30
20	54
/

sigma(i)	Size
/
0	0
1	5
2	9
3	6
4	7
5	5
6	1
7	6
8	4
9	7
10	5
11	1
12	9
13	6
14	4
15	2
16	2
17	2
18	2
19	1
20	7
/

epsilon(i)	Priority
/
0	0
1	6
2	1
3	4
4	9
5	6
6	2
7	2
8	6
9	3
10	5
11	8
12	9
13	4
14	6
15	9
16	9
17	4
18	3
19	2
20	4
/

psi	Vehicle Capacity
/ 28 /
;

Table kappa(i,j)                 Setup
         0        1        2        3        4        5        6        7        8        9        10       11       12       13       14       15       16       17       18       19       20       
0        0        97       118      131      116      16       70       65       50       78       87       46       133      75       92       116      108      72       125      51       96       
1        97       0        116      34       144      91       151      159      144      127      112      74       130      158      120      112      201      32       141      45       88       
2        118      116      0        128      225      129      187      135      129      192      192      142      16       115      36       3        162      125      29       103      184      
3        131      34       128      0        171      126      185      191      177      158      141      108      139      188      140      125      233      65       156      79       113      
4        116      144      225      171      0        100      81       160      148      39       34       83       242      181      206      223      194      114      239      125      59       
5        16       91       129      126      100      0        64       79       64       63       70       30       145      91       106      127      121      63       139      48       80       
6        70       151      187      185      81       64       0        85       76       46       72       76       202      110      158      185      114      119      191      111      102      
7        65       159      135      191      160      79       85       0        15       120      139      109      147      27       100      134      42       137      128      113      157      
8        50       144      129      177      148      64       76       15       0        108      126      94       141      33       94       128      58       122      124      98       142      
9        78       127      192      158      39       63       46       120      108      0        26       55       208      141      170      190      156      95       203      97       58       
10       87       112      192      141      34       70       72       139      126      26       0        50       209      157      174      190      177      81       206      91       33       
11       46       74       142      108      83       30       76       109      94       55       50       0        158      121      125      139      151      43       157      42       50       
12       133      130      16       139      242      145      202      147      141      208      209      158      0        125      47       19       171      141      26       119      201      
13       75       158      115      188      181      91       110      27       33       141      157      121      125      0        79       114      48       141      104      115      171      
14       92       120      36       140      206      106      158      100      94       170      174      125      47       79       0        36       126      120      33       93       173      
15       116      112      3        125      223      127      185      134      128      190      190      139      19       114      36       0        162      122      31       100      181      
16       108      201      162      233      194      121      114      42       58       156      177      151      171      48       126      162      0        180      148      156      197      
17       72       32       125      65       114      63       119      137      122      95       81       43       141      141      120      122      180      0        146      28       62       
18       125      141      29       156      239      139      191      128      124      203      206      157      26       104      33       31       148      146      0        122      203      
19       51       45       103      79       125      48       111      113      98       97       91       42       119      115      93       100      156      28       122      0        81       
20       96       88       184      113      59       80       102      157      142      58       33       50       201      171      173      181      197      62       203      81       0        
;



Table delta(i,j)                 Distance
         0        1        2        3        4        5        6        7        8        9        10       11       12       13       14       15       16       17       18       19       20       
0        0        4830     1000     1550     4320     2790     3190     3350     2970     2420     2550     2370     2460     4100     430      760      2630     3500     4120     1220     2470     
1        4830     0        576      351      516      755      602      585      446      254      525      395      246      209      448      487      307      821      73       363      623      
2        1000     576      0        256      438      180      282      307      380      327      241      328      332      480      128      99       362      250      506      212      185      
3        1550     351      256      0        471      434      421      426      199      159      343      123      155      336      139      199      112      505      277      92       379      
4        4320     516      438      471      0        531      205      169      671      352      200      594      362      308      397      361      555      565      488      382      310      
5        2790     755      180      434      531      0        333      368      529      503      336      490      509      643      308      269      537      71       686      392      221      
6        3190     602      282      421      205      333      0        36       606      370      82       536      381      423      300      243      528      361      552      331      113      
7        3350     585      307      426      169      368      36       0        616      362      83       544      373      400      312      258      530      397      539      334      147      
8        2970     446      380      199      671      529      606      616      0        344      533      77       336      506      306      367      147      599      380      290      544      
9        2420     254      327      159      352      503      370      362      344      0        289      268      11       179      203      234      209      568      190      120      373      
10       2550     525      241      343      200      336      82       83       533      289      0        461      299      355      230      179      448      378      473      252      123      
11       2370     395      328      123      594      490      536      544      77       268      461      0        261      435      239      301      87       561      325      214      481      
12       2460     246      332      155      362      509      381      373      336      11       299      261      0        181      207      240      200      575      182      123      383      
13       4100     209      480      336      308      643      423      400      506      179      355      435      181      0        367      381      361      702      196      293      470      
14       430      448      128      139      397      308      300      312      306      203      230      239      207      367      0        62       251      377      378      85       243      
15       760      487      99       199      361      269      243      258      367      234      179      301      240      381      62       0        311      334      419      130      181      
16       2630     307      362      112      555      537      528      530      147      209      448      87       200      361      251      311      0        608      238      197      491      
17       3500     821      250      505      565      71       361      397      599      568      378      561      575      702      377      334      608      0        753      460      256      
18       4120     73       506      277      488      686      552      539      380      190      473      325      182      196      378      419      238      753      0        293      564      
19       1220     363      212      92       382      392      331      334      290      120      252      214      123      293      85       130      197      460      293      0        299      
20       2470     623      185      379      310      221      113      147      544      373      123      481      383      470      243      181      491      256      564      299      0        
;

