
sets
i        orders          /0*20/
k        routes          /1*20/
p        positions       /0*20/
;

alias(i,j)
alias(i,h)
alias(i,hh)
alias(i,jj)
alias(k,kk)
                
                    Parameters

rho(i)	Processing time
/
0	0
1	19
2	7
3	1
4	55
5	26
6	13
7	99
8	87
9	32
10	23
11	51
12	36
13	67
14	38
15	96
16	40
17	13
18	97
19	92
20	81
/

gamma(i)	Duedate
/
0	0
1	21
2	84
3	62
4	63
5	10
6	18
7	31
8	45
9	56
10	49
11	20
12	43
13	35
14	29
15	17
16	6
17	97
18	54
19	47
20	20
/

sigma(i)	Size
/
0	0
1	9
2	3
3	8
4	7
5	7
6	9
7	5
8	4
9	3
10	6
11	6
12	2
13	9
14	4
15	4
16	9
17	9
18	9
19	8
20	2
/

epsilon(i)	Priority
/
0	0
1	2
2	2
3	2
4	2
5	6
6	1
7	2
8	3
9	1
10	8
11	1
12	9
13	7
14	3
15	6
16	1
17	1
18	3
19	2
20	2
/

psi	Vehicle Capacity
/ 29 /
;

Table kappa(i,j)                 Setup
         0        1        2        3        4        5        6        7        8        9        10       11       12       13       14       15       16       17       18       19       20       
0        0        102      82       81       157      127      89       62       96       178      186      40       81       109      100      66       216      163      169      232      64       
1        102      0        137      78       72       37       25       45       96       139      136      137      63       102      50       139      116      89       152      132      62       
2        82       137      0        156      156      140      113      119      58       132      145      65       77       66       101      25       227      149      108      240      134      
3        81       78       156      0        150      115      88       45       142      208      209      121      112      153      114      145      185      166      213      201      23       
4        157      72       156      150      0        35       70       113      99       88       79       183      83       95       60       169      72       23       116      84       134      
5        127      37       140      115      35       0        37       78       88       107      102      157      62       89       39       149      91       52       127      106      99       
6        89       25       113      88       70       37       0        45       71       120      120      120      38       77       27       117      127      81       130      143      67       
7        62       45       119      45       113      78       45       0        97       163      164      101      66       108      69       114      161      126      167      177      23       
8        96       96       58       142      99       88       71       97       0        84       93       102      33       13       50       75       171      91       73       183      119      
9        178      139      132      208      88       107      120      163      84       0        17       186      100      71       94       155      149      66       36       154      186      
10       186      136      145      209      79       102      120      164      93       17       0        196      105      81       95       167      134      56       53       139      187      
11       40       137      65       121      183      157      120      101      102      186      196      0        101      115      123      41       248      185      169      263      105      
12       81       63       77       112      83       62       38       66       33       100      105      101      0        42       24       87       152      84       100      166      89       
13       109      102      66       153      95       89       77       108      13       71       81       115      42       0        53       86       168      85       61       179      130      
14       100      50       101      114      60       39       27       69       50       94       95       123      24       53       0        111      128      63       102      141      92       
15       66       139      25       145      169      149      117      114      75       155      167      41       87       86       111      0        239      166      133      253      125      
16       216      116      227      185      72       91       127      161      171      149      134      248      152      168      128      239      0        87       182      16       175      
17       163      89       149      166      23       52       81       126      91       66       56       185      84       85       63       166      87       0        96       96       148      
18       169      152      108      213      116      127      130      167      73       36       53       169      100      61       102      133      182      96       0        188      190      
19       232      132      240      201      84       106      143      177      183      154      139      263      166      179      141      253      16       96       188      0        192      
20       64       62       134      23       134      99       67       23       119      186      187      105      89       130      92       125      175      148      190      192      0        
;



Table delta(i,j)                 Distance
         0        1        2        3        4        5        6        7        8        9        10       11       12       13       14       15       16       17       18       19       20       
0        0        2330     2680     690      2670     2290     3470     3170     2110     1880     3920     2640     4080     4150     2450     740      2900     3820     940      2940     2140     
1        2330     0        69       230      286      84       559      541      123      131      465      347      631      470      95       234      101      579      220      448      377      
2        2680     69       0        247      250      50       568      559      94       113      430      323      647      430      47       251      31       582      275      438      374      
3        690      230      247      0        199      201      329      313      171      147      324      196      402      347      214      6        263      353      157      242      163      
4        2670     286      250      199      0        206      394      414      162      156      180      87       486      184      203      195      241      385      344      222      191      
5        2290     84       50       201      206      0        518      511      45       62       386      275      598      389      18       204      62       531      250      387      323      
6        3470     559      568      329      394      518      0        70       479      457      346      313      93       385      528      324      578      64       424      185      205      
7        3170     541      559      313      414      511      70       0        476      452      394      340      91       433      523      309      572      135      384      227      223      
8        2110     123      94       171      162      45       479      476      0        24       342      229      561      346      49       173      98       489      248      343      281      
9        1880     131      113      147      156      62       457      452      24       0        334      217      538      341      71       149      120      469      230      325      261      
10       3920     465      430      324      180      386      346      394      342      334      0        129      438      39       383      319      420      308      482      167      208      
11       2640     347      323      196      87       275      313      340      229      217      129      0        406      151      276      191      318      299      353      135      119      
12       4080     631      647      402      486      598      93       91       561      538      438      406      0        477      609      398      659      135      475      279      295      
13       4150     470      430      347      184      389      385      433      346      341      39       151      477      0        384      342      417      347      504      206      242      
14       2450     95       47       214      203      18       528      523      49       71       383      276      609      384      0        217      49       539      268      392      331      
15       740      234      251      6        195      204      324      309      173      149      319      191      398      342      217      0        266      348      163      236      157      
16       2900     101      31       263      241      62       578      572      98       120      420      318      659      417      49       266      0        588      303      439      379      
17       3820     579      582      353      385      531      64       135      489      469      308      299      135      347      539      348      588      0        466      164      208      
18       940      220      275      157      344      250      424      384      248      230      482      353      475      504      268      163      303      466      0        387      308      
19       2940     448      438      242      222      387      185      227      343      325      167      135      279      206      392      236      439      164      387      0        79       
20       2140     377      374      163      191      323      205      223      281      261      208      119      295      242      331      157      379      208      308      79       0        
;

