

sets
i        orders          /0*20/
k        routes          /1*20/
p        positions       /0*20/
;

alias(i,j)
alias(i,h)
alias(i,hh)
alias(i,jj)
alias(k,kk)
                            Parameters

rho(i)	Processing time
/
0	0
1	40
2	48
3	33
4	72
5	51
6	47
7	22
8	19
9	17
10	91
11	77
12	60
13	97
14	24
15	17
16	69
17	81
18	68
19	72
20	81
/

gamma(i)	Duedate
/
0	0
1	46
2	26
3	26
4	87
5	48
6	15
7	15
8	35
9	3
10	55
11	84
12	14
13	69
14	66
15	17
16	62
17	78
18	72
19	77
20	94
/

sigma(i)	Size
/
0	0
1	8
2	1
3	3
4	6
5	6
6	4
7	8
8	5
9	9
10	9
11	5
12	1
13	3
14	4
15	3
16	8
17	7
18	8
19	5
20	2
/

epsilon(i)	Priority
/
0	0
1	6
2	9
3	7
4	6
5	9
6	6
7	5
8	2
9	6
10	1
11	5
12	8
13	8
14	2
15	4
16	9
17	5
18	6
19	3
20	6
/

psi	Vehicle Capacity
/ 37 /
;

Table kappa(i,j)                 Setup
         0        1        2        3        4        5        6        7        8        9        10       11       12       13       14       15       16       17       18       19       20       
0        0        1793     1768     613      1035     599      1509     1094     163      997      573      1525     1402     1580     489      405      788      909      839      1170     759      
1        1793     0        65       1184     2042     2341     849      1393     1866     1933     1670     1491     549      355      1875     2133     1082     1270     1441     656      1066     
2        1768     65       0        1162     2050     2308     785      1410     1835     1942     1626     1427     492      293      1835     2100     1072     1219     1391     618      1051     
3        613      1184     1162     0        1133     1190     1056     794      708      1045     714      1310     849      1002     833      983      242      669      729      592      168      
4        1035     2042     2050     1133     0        1430     2177     681      1188     109      1578     2418     1910     2004     1525     1325     1050     1763     1765     1645     1119     
5        599      2341     2308     1190     1430     0        1911     1662     482      1430     783      1730     1892     2089     555      208      1384     1251     1113     1693     1347     
6        1509     849      785      1056     2177     1911     0        1689     1507     2081     1134     643      375      501      1366     1722     1138     662      818      573      1059     
7        1094     1393     1410     794      681      1662     1689     0        1252     574      1463     2076     1365     1414     1513     1490     590      1456     1523     1118     684      
8        163      1866     1835     708      1188     482      1507     1252     0        1154     473      1454     1439     1629     343      274      908      873      775      1224     866      
9        997      1933     1942     1045     109      1430     2081     574      1154     0        1523     2340     1808     1899     1485     1312     949      1686     1695     1544     1022     
10       573      1670     1626     714      1578     783      1134     1463     473      1523     0        986      1166     1373     232      610      956      472      330      1016     878      
11       1525     1491     1427     1310     2418     1730     643      2076     1454     2340     986      0        976      1138     1188     1584     1485     654      686      1072     1392     
12       1402     549      492      849      1910     1892     375      1365     1439     1808     1166     976      0        210      1386     1689     861      734      907      266      800      
13       1580     355      293      1002     2004     2089     501      1414     1629     1899     1373     1138     210      0        1591     1884     970      944      1117     412      925      
14       489      1875     1835     833      1525     555      1366     1513     343      1485     232      1188     1386     1591     0        395      1068     704      558      1219     1002     
15       405      2133     2100     983      1325     208      1722     1490     274      1312     610      1584     1689     1884     395      0        1181     1067     939      1485     1141     
16       788      1082     1072     242      1050     1384     1138     590      908      949      956      1485     861      970      1068     1181     0        871      953      595      94       
17       909      1270     1219     669      1763     1251     662      1456     873      1686     472      654      734      944      704      1067     871      0        173      652      776      
18       839      1441     1391     729      1765     1113     818      1523     775      1695     330      686      907      1117     558      939      953      173      0        814      861      
19       1170     656      618      592      1645     1693     573      1118     1224     1544     1016     1072     266      412      1219     1485     595      652      814      0        534      
20       759      1066     1051     168      1119     1347     1059     684      866      1022     878      1392     800      925      1002     1141     94       776      861      534      0        
;



Table delta(i,j)                 Distance
         0        1        2        3        4        5        6        7        8        9        10       11       12       13       14       15       16       17       18       19       20       
0        0        750      180      570      160      170      280      650      600      630      720      280      360      640      370      810      120      750      130      810      460      
1        750      0        76       60       82       60       73       57       58       45       30       53       72       22       88       40       69       45       62       34       34       
2        180      76       0        72       6        29       46       79       74       75       80       23       53       71       19       73       29       66       19       75       43       
3        570      60       72       0        73       42       33       8        3        17       34       62       26       37       91       92       45       92       53       88       59       
4        160      82       6        73       0        31       44       80       75       77       84       29       52       74       21       80       28       72       22       81       49       
5        170      60       29       42       31       0        21       49       44       46       55       25       26       47       49       73       9        68       11       72       35       
6        280      73       46       33       44       21       0        42       36       45       59       46       8        55       65       92       17       89       31       91       55       
7        650      57       79       8        80       49       42       0        5        12       30       67       35       35       98       92       53       93       60       88       62       
8        600      58       74       3        75       44       36       5        0        14       32       63       29       36       93       91       47       92       55       87       59       
9        630      45       75       17       77       46       45       12       14       0        17       60       39       22       93       80       52       81       56       75       52       
10       720      30       80       34       84       55       59       30       32       17       0        61       55       11       96       68       62       72       62       63       47       
11       280      53       23       62       29       25       46       67       63       60       61       0        51       50       35       52       31       46       16       53       20       
12       360      72       53       26       52       26       8        35       29       39       55       51       0        52       72       94       24       92       37       92       57       
13       640      22       71       37       74       47       55       35       36       22       11       50       52       0        86       58       55       61       53       53       36       
14       370      88       19       91       21       49       65       98       93       93       96       35       72       86       0        76       48       67       38       79       54       
15       810      40       73       92       80       73       92       92       91       80       68       52       94       58       76       0        81       9        68       6        37       
16       120      69       29       45       28       9        17       53       47       52       62       31       24       55       48       81       0        76       14       81       44       
17       750      45       66       92       72       68       89       93       92       81       72       46       92       61       67       9        76       0        63       15       34       
18       130      62       19       53       22       11       31       60       55       56       62       16       37       53       38       68       14       63       0        69       32       
19       810      34       75       88       81       72       91       88       87       75       63       53       92       53       79       6        81       15       69       0        36       
20       460      34       43       59       49       35       55       62       59       52       47       20       57       36       54       37       44       34       32       36       0        
;

