

sets
i        orders          /0*20/
k        routes          /1*20/
p        positions       /0*20/
;

alias(i,j)
alias(i,h)
alias(i,hh)
alias(i,jj)
alias(k,kk)
                            Parameters

rho(i)	Processing time
/
0	0
1	87
2	70
3	96
4	95
5	96
6	51
7	47
8	84
9	67
10	47
11	43
12	68
13	47
14	15
15	77
16	79
17	73
18	22
19	41
20	24
/

gamma(i)	Duedate
/
0	0
1	4
2	68
3	4
4	12
5	30
6	44
7	97
8	81
9	33
10	29
11	18
12	84
13	1
14	92
15	12
16	72
17	21
18	98
19	70
20	7
/

sigma(i)	Size
/
0	0
1	2
2	6
3	9
4	1
5	7
6	5
7	6
8	7
9	9
10	1
11	4
12	9
13	4
14	6
15	1
16	9
17	5
18	8
19	1
20	5
/

epsilon(i)	Priority
/
0	0
1	8
2	8
3	1
4	6
5	8
6	7
7	7
8	1
9	4
10	6
11	8
12	2
13	6
14	1
15	8
16	8
17	7
18	6
19	2
20	6
/

psi	Vehicle Capacity
/ 40 /
;

Table kappa(i,j)                 Setup
         0        1        2        3        4        5        6        7        8        9        10       11       12       13       14       15       16       17       18       19       20       
0        0        2263     348      1474     1270     1377     1971     403      1222     1767     1739     1616     655      321      1625     1355     1525     951      1128     1355     1905     
1        2263     0        2474     1116     1242     1309     1602     2148     1698     1264     1658     971      1685     2375     643      997      1041     1880     1139     945      811      
2        348      2474     0        1567     1580     1434     1942     353      1567     1803     1697     1914     793      104      1831     1629     1629     1299     1337     1537     2017     
3        1474     1116     1567     0        1184     193      746      1215     1609     383      659      1234     819      1463     621      941      75       1605     582      419      453      
4        1270     1242     1580     1184     0        1270     1930     1359     480      1563     1813     357      981      1505     780      284      1168     639      626      773      1364     
5        1377     1309     1434     193      1270     0        688      1082     1663     394      542      1365     733      1331     793      1052     268      1624     646      547      620      
6        1971     1602     1942     746      1930     688      0        1614     2345     384      250      1967     1372     1847     1308     1686     772      2311     1318     1164     795      
7        403      2148     353      1215     1359     1082     1614     0        1446     1454     1373     1668     464      249      1507     1360     1277     1220     1022     1204     1665     
8        1222     1698     1567     1609     480      1663     2345     1446     0        1993     2200     740      1191     1518     1260     765      1604     301      1027     1220     1834     
9        1767     1264     1803     383      1563     394      384      1454     1993     0        395      1584     1127     1701     924      1310     395      1985     966      791      456      
10       1739     1658     1697     659      1813     542      250      1373     2200     395      0        1892     1162     1603     1270     1589     706      2141     1188     1073     852      
11       1616     971      1914     1234     357      1365     1967     1668     740      1584     1892     0        1252     1834     684      336      1197     966      776      819      1291     
12       655      1685     793      819      981      733      1372     464      1191     1127     1162     1252     0        692      1043     927      870      1044     559      744      1252     
13       321      2375     104      1463     1505     1331     1847     249      1518     1701     1603     1834     692      0        1732     1542     1525     1260     1239     1436     1913     
14       1625     643      1831     621      780      793      1308     1507     1260     924      1270     684      1043     1732     0        495      564      1368     497      312      608      
15       1355     997      1629     941      284      1052     1686     1360     765      1310     1589     336      927      1542     495      0        915      893      441      521      1083     
16       1525     1041     1629     75       1168     268      772      1277     1604     395      706      1197     870      1525     564      915      0        1614     584      395      388      
17       951      1880     1299     1605     639      1624     2311     1220     301      1985     2141     966      1044     1260     1368     893      1614     0        1031     1257     1894     
18       1128     1139     1337     582      626      646      1318     1022     1027     966      1188     776      559      1239     497      441      584      1031     0        246      879      
19       1355     945      1537     419      773      547      1164     1204     1220     791      1073     819      744      1436     312      521      395      1257     246      0        639      
20       1905     811      2017     453      1364     620      795      1665     1834     456      852      1291     1252     1913     608      1083     388      1894     879      639      0        
;



Table delta(i,j)                 Distance
         0        1        2        3        4        5        6        7        8        9        10       11       12       13       14       15       16       17       18       19       20       
0        0        670      470      570      170      450      620      180      460      360      260      1120     920      1050     200      450      970      300      550      940      840      
1        670      0        34       70       58       47       19       71       22       82       43       73       60       59       65       33       49       39       40       50       22       
2        470      34       0        79       32       56       18       44       31       76       22       104      88       92       56       44       82       17       57       81       57       
3        570      70       79       0        68       23       80       75       51       33       62       68       49       68       37       37       65       64       29       59       71       
4        170      58       32       68       0        51       49       13       41       53       15       114      95       105      34       46       96       18       58       94       78       
5        450      47       56       23       51       0        56       60       28       39       41       68       47       62       29       14       56       43       12       51       52       
6        620      19       18       80       49       56       0        62       28       85       35       92       78       79       66       42       68       31       53       69       41       
7        180      71       44       75       13       60       62       0        55       54       28       126      106      117      38       58       109      32       69       106      91       
8        460      22       31       51       41       28       28       55       0        60       27       75       57       64       43       14       55       25       26       53       37       
9        360      82       76       33       53       39       85       54       60       0        55       101      81       98       20       50       93       59       51       88       91       
10       260      43       22       62       15       41       35       28       27       55       0        101      82       91       35       33       82       4        46       79       63       
11       1120     73       104      68       114      68       92       126      75       101      101      0        20       15       97       68       25       100      57       23       54       
12       920      60       88       49       95       47       78       106      57       81       82       20       0        19       77       49       21       82       37       14       44       
13       1050     59       92       68       105      62       79       117      64       98       91       15       19       0        92       60       10       90       50       11       39       
14       200      65       56       37       34       29       66       38       43       20       35       97       77       92       0        36       85       39       41       81       78       
15       450      33       44       37       46       14       42       58       14       50       33       68       49       60       36       0        51       33       13       48       42       
16       970      49       82       65       96       56       68       109      55       93       82       25       21       10       85       51       0        80       43       6        29       
17       300      39       17       64       18       43       31       32       25       59       4        100      82       90       39       33       80       0        47       78       60       
18       550      40       57       29       58       12       53       69       26       51       46       57       37       50       41       13       43       47       0        39       42       
19       940      50       81       59       94       51       69       106      53       88       79       23       14       11       81       48       6        78       39       0        32       
20       840      22       57       71       78       52       41       91       37       91       63       54       44       39       78       42       29       60       42       32       0        
;

