

sets
i        orders          /0*20/
k        routes          /1*20/
p        positions       /0*20/
;

alias(i,j)
alias(i,h)
alias(i,hh)
alias(i,jj)
alias(k,kk)
                            Parameters

rho(i)	Processing time
/
0	0
1	54
2	26
3	82
4	12
5	26
6	98
7	64
8	38
9	51
10	27
11	38
12	24
13	16
14	64
15	94
16	73
17	45
18	27
19	83
20	37
/

gamma(i)	Duedate
/
0	0
1	18
2	42
3	50
4	43
5	99
6	25
7	68
8	8
9	97
10	6
11	30
12	49
13	88
14	11
15	60
16	58
17	7
18	2
19	78
20	99
/

sigma(i)	Size
/
0	0
1	2
2	9
3	2
4	7
5	3
6	3
7	4
8	4
9	1
10	6
11	2
12	8
13	2
14	4
15	3
16	1
17	4
18	7
19	3
20	4
/

epsilon(i)	Priority
/
0	0
1	4
2	2
3	9
4	5
5	6
6	4
7	5
8	9
9	2
10	6
11	5
12	5
13	3
14	2
15	5
16	7
17	3
18	8
19	9
20	2
/

psi	Vehicle Capacity
/ 35 /
;

Table kappa(i,j)                 Setup
         0        1        2        3        4        5        6        7        8        9        10       11       12       13       14       15       16       17       18       19       20       
0        0        1982     1663     1958     2038     1972     1948     1877     728      2279     1472     1296     1963     379      2014     1939     1874     442      1429     1668     1426     
1        1982     0        329      118      2256     156      1756     535      1775     462      522      785      508      1761     2239     969      441      1692     994      1608     1777     
2        1663     329      0        296      2167     382      1704     455      1515     741      193      464      623      1462     2148     1004     377      1397     857      1512     1623     
3        1958     118      296      0        2340     271      1847     418      1796     573      486      722      619      1758     2322     1074     324      1691     1059     1688     1841     
4        2038     2256     2167     2340     0        2118     535      2621     1315     2128     2119     2258     1801     1682     24       1352     2545     1644     1312     655      656      
5        1972     156      382      271      2118     0        1611     680      1709     359      559      845      352      1726     2102     816      586      1655     882      1474     1660     
6        1948     1756     1704     1847     535      1611     0        2160     1238     1597     1685     1867     1281     1569     524      823      2078     1512     880      285      563      
7        1877     535      455      418      2621     680      2160     0        1876     988      527      582      1012     1754     2601     1439     94       1698     1308     1966     2063     
8        728      1775     1515     1796     1315     1709     1238     1876     0        1937     1364     1334     1575     368      1290     1400     1837     340      928      966      699      
9        2279     462      741      573      2128     359      1597     988      1937     0        914      1203     371      2005     2115     775      896      1931     1036     1522     1765     
10       1472     522      193      486      2119     559      1685     527      1364     914      0        294      739      1285     2098     1055     476      1222     810      1469     1541     
11       1296     785      464      722      2258     845      1867     582      1334     1203     294      0        1031     1177     2236     1313     578      1125     988      1626     1642     
12       1963     508      623      619      1801     352      1281     1012     1575     371      739      1031     0        1666     1786     469      918      1591     665      1174     1400     
13       379      1761     1462     1758     1682     1726     1569     1754     368      2005     1285     1177     1666     0        1658     1591     1732     75       1085     1288     1055     
14       2014     2239     2148     2322     24       2102     524      2601     1290     2115     2098     2236     1786     1658     0        1339     2525     1619     1292     636      632      
15       1939     969      1004     1074     1352     816      823      1439     1400     775      1055     1313     469      1591     1339     0        1348     1517     509      761      1042     
16       1874     441      377      324      2545     586      2078     94       1837     896      476      578      918      1732     2525     1348     0        1674     1234     1890     1997     
17       442      1692     1397     1691     1644     1655     1512     1698     340      1931     1222     1125     1591     75       1619     1517     1674     0        1010     1230     1008     
18       1429     994      857      1059     1312     882      880      1308     928      1036     810      988      665      1085     1292     509      1234     1010     0        659      783      
19       1668     1608     1512     1688     655      1474     285      1966     966      1522     1469     1626     1174     1288     636      761      1890     1230     659      0        340      
20       1426     1777     1623     1841     656      1660     563      2063     699      1765     1541     1642     1400     1055     632      1042     1997     1008     783      340      0        
;



Table delta(i,j)                 Distance
         0        1        2        3        4        5        6        7        8        9        10       11       12       13       14       15       16       17       18       19       20       
0        0        460      430      280      640      290      390      350      290      350      590      70       450      360      480      300      650      620      580      310      470      
1        460      0        35       74       47       64       7        35       28       80       91       53       24       15       58       58       91       31       14       77       55       
2        430      35       0        67       80       42       29       7        49       65       61       48       55       42       23       32       58       66       48       68       21       
3        280      74       67       0        84       33       68       59       54       16       55       21       70       63       63       41       66       87       85       4        63       
4        640      47       80       84       0        92       51       76       36       97       123      69       25       38       99       91       127      20       41       89       97       
5        290      64       42       33       92       0        57       35       57       24       30       27       71       59       31       10       37       88       78       32       31       
6        390      7        29       68       51       57       0        28       26       73       83       47       26       15       51       50       84       37       21       71       49       
7        350      35       7        59       76       35       28       0        44       58       57       40       51       38       23       27       56       65       49       61       21       
8        290      28       49       54       36       57       26       44       0        64       87       35       16       12       65       55       91       33       34       58       63       
9        350      80       65       16       97       24       73       58       64       0        40       28       80       71       56       34       52       97       93       12       56       
10       590      91       61       55       123      30       83       57       87       40       0        56       101      89       40       33       13       117      105      52       42       
11       70       53       48       21       69       27       47       40       35       28       56       0        51       43       50       31       64       68       65       24       50       
12       450      24       55       70       25       71       26       51       16       80       101      51       0        13       74       68       104      17       23       74       72       
13       360      15       42       63       38       59       15       38       12       71       89       43       13       0        61       56       91       28       23       67       59       
14       480      58       23       63       99       31       51       23       65       56       40       50       74       61       0        21       35       88       72       63       2        
15       300      58       32       41       91       10       50       27       55       34       33       31       68       56       21       0        36       84       72       41       22       
16       650      91       58       66       127      37       84       56       91       52       13       64       104      91       35       36       0        119      105      64       37       
17       620      31       66       87       20       88       37       65       33       97       117      68       17       28       88       84       119      0        22       91       86       
18       580      14       48       85       41       78       21       49       34       93       105      65       23       23       72       72       105      22       0        89       69       
19       310      77       68       4        89       32       71       61       58       12       52       24       74       67       63       41       64       91       89       0        63       
20       470      55       21       63       97       31       49       21       63       56       42       50       72       59       2        22       37       86       69       63       0        
;

