
sets
i        orders          /0*20/
k        routes          /1*20/
p        positions       /0*20/
;

alias(i,j)
alias(i,h)
alias(i,hh)
alias(i,jj)
alias(k,kk)
                
                    Parameters

rho(i)	Processing time
/
0	0
1	39
2	79
3	58
4	58
5	26
6	6
7	5
8	85
9	68
10	47
11	25
12	81
13	53
14	59
15	96
16	83
17	94
18	82
19	86
20	36
/

gamma(i)	Duedate
/
0	0
1	15
2	96
3	87
4	32
5	76
6	99
7	92
8	70
9	37
10	64
11	48
12	84
13	45
14	50
15	18
16	28
17	51
18	1
19	26
20	33
/

sigma(i)	Size
/
0	0
1	6
2	5
3	7
4	4
5	5
6	4
7	2
8	2
9	5
10	9
11	7
12	6
13	5
14	6
15	3
16	1
17	4
18	5
19	9
20	6
/

epsilon(i)	Priority
/
0	0
1	2
2	4
3	4
4	9
5	1
6	9
7	1
8	3
9	6
10	3
11	8
12	3
13	8
14	8
15	4
16	5
17	3
18	4
19	1
20	6
/

psi	Vehicle Capacity
/ 40 /
;

Table kappa(i,j)                 Setup
         0        1        2        3        4        5        6        7        8        9        10       11       12       13       14       15       16       17       18       19       20       
0        0        377      110      194      241      262      289      317      85       70       180      98       250      107      322      221      325      328      301      53       300      
1        377      0        281      183      280      154      103      316      462      397      199      383      250      483      83       200      52       165      276      386      89       
2        110      281      0        100      235      153      208      226      188      115      104      173      147      206      242      111      232      273      202      105      217      
3        194      183      100      0        195      88       109      241      279      215      38       219      150      299      142      81       132      187      205      204      116      
4        241      280      235      195      0        277      181      435      309      304      159      174      344      333      197      276      237      139      400      286      194      
5        262      154      153      88       277      0        136      180      341      262      126      303      99       359      158      48       120      233      139      255      134      
6        289      103      208      109      181      136      0        316      374      320      109      283      232      396      34       165      55       97       276      307      14       
7        317      316      226      241      435      180      316      0        368      275      276      397      90       375      338      160      296      412      41       280      314      
8        85       462      188      279      309      341      374      368      0        93       265      140      315      24       407      298      410      409      360      91       385      
9        70       397      115      215      304      262      320      275      93       0        212      168      223      103      354      215      348      375      267      18       330      
10       180      199      104      38       159      126      109      276      265      212      0        189      185      287      143      117      147      169      241      198      120      
11       98       383      173      219      174      303      283      397      140      168      189      0        319      164      313      273      331      292      375      152      297      
12       250      250      147      150      344      99       232      90       315      223      185      319      0        326      257      70       220      326      57       224      232      
13       107      483      206      299      333      359      396      375      24       103      287      164      326      0        430      314      431      433      370      104      408      
14       322      83       242      142      197      158      34       338      407      354      143      313      257      430      0        192      50       88       297      341      26       
15       221      200      111      81       276      48       165      160      298      215      117      273      70       314      192      0        161      256      123      210      166      
16       325      52       232      132      237      120      55       296      410      348      147      331      220      431      50       161      0        138      255      336      42       
17       328      165      273      187      139      233      97       412      409      375      169      292      326      433      88       256      138      0        372      360      103      
18       301      276      202      205      400      139      276      41       360      267      241      375      57       370      297      123      255      372      0        270      274      
19       53       386      105      204      286      255      307      280      91       18       198      152      224      104      341      210      336      360      270      0        317      
20       300      89       217      116      194      134      14       314      385      330      120      297      232      408      26       166      42       103      274      317      0        
;



Table delta(i,j)                 Distance
         0        1        2        3        4        5        6        7        8        9        10       11       12       13       14       15       16       17       18       19       20       
0        0        1060     2350     1890     3290     2760     920      1640     3450     4100     900      3030     1860     3150     2790     1950     3350     1840     3380     2480     2090     
1        1060     0        138      147      243      284      87       265      245      327      195      311      244      245      180      161      272      94       309      175      190      
2        2350     138      0        129      112      280      167      376      109      196      315      302      308      135      43       147      170      151      250      80       180      
3        1890     147      129      0        165      154      97       283      216      234      241      179      187      133      162      18       146      222      161      79       52       
4        3290     243      112      165      0        274      245      447      82       85       398      288      349      60       87       175      92       262      201      86       197      
5        2760     284      280      154      274      0        203      279      347      309      278      27       139      218      305      136      202      371      113      210      101      
6        920      87       167      97       245      203      0        209      274      322      153      230      159      225      210      103      243      181      249      161      120      
7        1640     265      376      283      447      279      209      0        483      518      76       298      140      415      419      278      422      348      380      361      270      
8        3450     245      109      216      82       347      274      483      0        133      425      363      403      141      65       230      174      232      282      140      259      
9        4100     327      196      234      85       309      322      518      133      0        474      316      408      102      166      240      107      345      212      161      253      
10       900      195      315      241      398      278      153      76       425      474      0        302      152      374      359      240      387      274      364      313      241      
11       3030     311      302      179      288      27       230      298      363      316      302      0        158      230      324      160      210      397      110      229      126      
12       1860     244      308      187      349      139      159      140      403      408      152      158      0        306      346      174      304      339      245      266      154      
13       3150     245      135      133      60       218      225      415      141      102      374      230      306      0        128      137      36       284      141      70       152      
14       2790     180      43       162      87       305      210      419      65       166      359      324      346      128      0        178      165      179      260      95       210      
15       1950     161      147      18       175      136      103      278      230      240      240      160      174      137      178      0        146      239      148      91       34       
16       3350     272      170      146      92       202      243      422      174      107      387      210      304      36       165      146      0        317      112      99       152      
17       1840     94       151      222      262      371      181      348      232      345      274      397      339      284      179      239      317      0        378      219      272      
18       3380     309      250      161      201      113      249      380      282      212      364      110      245      141      260      148      112      378      0        170      128      
19       2480     175      80       79       86       210      161      361      140      161      313      229      266      70       95       91       99       219      170      0        119      
20       2090     190      180      52       197      101      120      270      259      253      241      126      154      152      210      34       152      272      128      119      0        
;

