

sets
i        orders          /0*20/
k        routes          /1*20/
p        positions       /0*20/
;

alias(i,j)
alias(i,h)
alias(i,hh)
alias(i,jj)
alias(k,kk)
                            Parameters

rho(i)	Processing time
/
0	0
1	55
2	95
3	9
4	92
5	15
6	44
7	13
8	69
9	39
10	18
11	93
12	82
13	87
14	41
15	83
16	84
17	37
18	34
19	85
20	63
/

gamma(i)	Duedate
/
0	0
1	68
2	82
3	86
4	39
5	47
6	57
7	85
8	27
9	46
10	64
11	36
12	19
13	31
14	57
15	72
16	43
17	84
18	30
19	43
20	36
/

sigma(i)	Size
/
0	0
1	4
2	1
3	6
4	6
5	3
6	7
7	6
8	2
9	8
10	6
11	9
12	9
13	8
14	4
15	4
16	1
17	8
18	8
19	7
20	5
/

epsilon(i)	Priority
/
0	0
1	6
2	9
3	6
4	5
5	9
6	6
7	6
8	1
9	6
10	7
11	5
12	7
13	7
14	4
15	2
16	2
17	8
18	5
19	7
20	3
/

psi	Vehicle Capacity
/ 9 /
;

Table kappa(i,j)                 Setup
         0        1        2        3        4        5        6        7        8        9        10       11       12       13       14       15       16       17       18       19       20       
0        0        686      380      632      627      936      55       956      588      76       377      706      674      221      605      474      484      953      725      736      831      
1        686      0        498      254      59       558      681      890      764      674      696      131      946      753      458      213      1025     1018     343      1035     423      
2        380      498      0        321      446      563      338      605      309      427      198      447      472      306      227      322      539      649      379      559      473      
3        632      254      321      0        232      361      607      638      532      649      510      148      716      621      208      239      857      764      118      805      228      
4        627      59       446      232      0        563      622      870      722      616      643      142      902      695      427      154      969      989      335      991      426      
5        936      558      563      361      563      0        899      440      586      970      687      427      742      857      336      600      1016     623      242      818      137      
6        55       681      338      607      622      899      0        904      533      130      322      691      619      169      565      468      442      898      695      681      799      
7        956      890      605      638      870      440      904      0        391      1017     593      768      447      787      456      831      812      193      554      489      516      
8        588      764      309      532      722      586      533      391      0        656      211      679      184      399      332      620      446      365      521      272      565      
9        76       674      427      649      616      970      130      1017     656      0        447      708      749      298      646      468      558      1022     750      812      859      
10       377      696      198      510      643      687      322      593      211      447      0        644      316      194      364      512      348      576      547      394      625      
11       706      131      447      148      142      427      691      768      679      708      644      0        863      733      356      245      986      904      215      952      292      
12       674      946      472      716      902      742      619      447      184      749      316      863      0        458      516      793      377      335      703      89       738      
13       221      753      306      621      695      857      169      787      399      298      194      733      458      0        523      545      292      756      686      515      777      
14       605      458      227      208      427      336      565      456      332      646      364      356      516      523      0        375      709      562      192      603      260      
15       474      213      322      239      154      600      468      831      620      468      512      245      793      545      375      0        824      924      358      880      467      
16       484      1025     539      857      969      1016     442      812      446      558      348      986      377      292      709      824      0        712      895      382      967      
17       953      1018     649      764      989      623      898      193      365      1022     576      904      335      756      562      924      712      0        699      346      681      
18       725      343      379      118      335      242      695      554      521      750      547      215      703      686      192      358      895      699      0        789      111      
19       736      1035     559      805      991      818      681      489      272      812      394      952      89       515      603      880      382      346      789      0        821      
20       831      423      473      228      426      137      799      516      565      859      625      292      738      777      260      467      967      681      111      821      0        
;



Table delta(i,j)                 Distance
         0        1        2        3        4        5        6        7        8        9        10       11       12       13       14       15       16       17       18       19       20       
0        0        72       106      85       85       112      56       25       54       101      111      106      154      13       38       74       98       165      92       44       128      
1        72       0        179      155      106      59       25       85       38       166      179      174      179      86       89       60       171      192      30       32       146      
2        106      179      0        33       147      214      162      98       154      70       60       61       182      92       102      168      8        185      196      148      175      
3        85       155      33       0        143      196      141      70       126      87       82       81       191      71       72       155      26       197      169      123      178      
4        85       106      147      143      0        96       81       110      118      95       111      106      74       90       123      51       142      86       137      102      44       
5        112      59       214      196      96       0        57       133      96       183      198      193      156      125      140      49       207      170      79       85       122      
6        56       25       162      141      81       57       0        75       46       143      156      151      155      70       82       38       154      167      55       31       122      
7        25       85       98       70       110      133      75       0        56       110      116      113      177      21       13       99       90       187      98       53       153      
8        54       38       154      126      118      96       46       56       0        156      165      161      193      65       55       83       146      205      42       16       162      
9        101      166      70       87       95       183      143      110      156      0        16       12       114      93       121      133      70       116      192      144      111      
10       111      179      60       82       111      198      156      116      165      16       0        5        128      101      126      149      61       129      203      155      127      
11       106      174      61       81       106      193      151      113      161      12       5        0        125      97       123      144      62       126      198      150      123      
12       154      179      182      191      74       156      155      177      193      114      128      125      0        156      191      120      181      13       210      177      34       
13       13       86       92       71       90       125      70       21       65       93       101      97       156      0        34       86       85       166      105      57       133      
14       38       89       102      72       123      140      82       13       55       121      126      123      191      34       0        109      94       200      98       56       166      
15       74       60       168      155      51       49       38       99       83       133      149      144      120      86       109      0        162      134      90       68       87       
16       98       171      8        26       142      207      154      90       146      70       61       62       181      85       94       162      0        184      188      141      172      
17       165      192      185      197      86       170      167      187      205      116      129      126      13       166      200      134      184      0        223      189      48       
18       92       30       196      169      137      79       55       98       42       192      203      198      210      105      98       90       188      223      0        48       177      
19       44       32       148      123      102      85       31       53       16       144      155      150      177      57       56       68       141      189      48       0        146      
20       128      146      175      178      44       122      122      153      162      111      127      123      34       133      166      87       172      48       177      146      0        
;

