
sets
i        orders          /0*40/
k        routes          /1*40/
p        positions       /0*40/
;

alias(i,j)
alias(i,h)
alias(i,hh)
alias(i,jj)
alias(k,kk)
                
                    Parameters

rho(i)	Processing time
/
0	0
1	43
2	8
3	7
4	99
5	90
6	74
7	20
8	22
9	43
10	40
11	43
12	74
13	16
14	18
15	45
16	78
17	48
18	80
19	13
20	9
21	48
22	59
23	4
24	61
25	11
26	98
27	90
28	3
29	64
30	69
31	36
32	90
33	14
34	46
35	13
36	67
37	85
38	63
39	17
40	57
/

gamma(i)	Duedate
/
0	0
1	28
2	51
3	75
4	96
5	19
6	19
7	67
8	36
9	85
10	71
11	95
12	33
13	98
14	33
15	11
16	92
17	99
18	90
19	88
20	62
21	76
22	28
23	84
24	16
25	29
26	2
27	21
28	60
29	53
30	89
31	62
32	3
33	2
34	81
35	55
36	58
37	10
38	42
39	35
40	42
/

sigma(i)	Size
/
0	0
1	4
2	7
3	8
4	7
5	4
6	7
7	9
8	1
9	6
10	1
11	1
12	7
13	9
14	8
15	9
16	7
17	4
18	2
19	8
20	7
21	3
22	5
23	9
24	5
25	8
26	7
27	7
28	6
29	2
30	7
31	5
32	1
33	4
34	9
35	3
36	8
37	3
38	2
39	3
40	6
/

epsilon(i)	Priority
/
0	0
1	2
2	3
3	2
4	2
5	6
6	2
7	7
8	7
9	5
10	7
11	2
12	6
13	4
14	5
15	1
16	8
17	3
18	1
19	1
20	8
21	5
22	1
23	3
24	1
25	1
26	7
27	6
28	4
29	6
30	5
31	8
32	7
33	4
34	6
35	4
36	2
37	1
38	5
39	9
40	1
/

psi	Vehicle Capacity
/ 9 /
;

Table kappa(i,j)                 Setup
         0        1        2        3        4        5        6        7        8        9        10       11       12       13       14       15       16       17       18       19       20       21       22       23       24       25       26       27       28       29       30       31       32       33       34       35       36       37       38       39       40       
0        0        410      304      170      330      415      442      97       190      74       78       263      124      287      323      375      131      126      246      138      190      184      103      119      223      198      255      128      339      108      129      437      193      359      417      319      407      83       186      342      278      
1        410      0        218      240      204      142      41       338      339      429      471      290      305      132      108      228      443      331      208      475      313      225      327      316      348      270      193      405      339      303      454      30       372      324      63       327      396      347      315      112      205      
2        304      218      0        176      27       132      223      284      150      286      334      78       262      119      116      72       274      299      69       308      325      177      200      184      145      106      248      237      124      230      287      230      178      117      179      109      192      284      324      106      34       
3        170      240      176      0        195      258      271      114      161      195      232      179      87       119      156      245      221      123      106      250      151      16       96       90       190      104      118      188      266      66       229      267      190      273      248      244      341      118      150      178      142      
4        330      204      27       195      0        106      205      306      178      313      361      103      282      121      110      50       302      319      89       336      341      194      226      210      171      133      257      265      135      252      314      212      205      121      160      123      196      306      340      93       54       
5        415      142      132      258      106      0        125      372      282      410      457      209      344      146      111      101      404      378      170      438      384      251      315      300      277      229      276      366      226      323      416      137      311      204      81       220      269      376      384      84       144      
6        442      41       223      271      205      125      0        374      356      456      499      300      341      157      126      220      466      368      226      499      353      258      354      342      361      289      233      428      338      336      477      15       388      321      46       328      390      382      355      121      217      
7        97       338      284      114      306      372      374      0        218      160      175      268      33       230      268      355      210      32       216      226      95       121      115      126      252      191      164      192      354      54       212      367      234      367      357      332      428      14       91       291      252      
8        190      339      150      161      178      282      356      218      0        147      196      82       213      209      231      210      124      245      130      158      296      175      102      91       34       71       278      89       149      170      137      358      33       171      317      129      217      210      293      235      141      
9        74       429      286      195      313      410      456      160      147      0        48       228      180      299      331      352      57       192      240      65       256      211      102      114      175      181      300      65       294      149      55       455      139      318      425      276      355      147      252      345      266      
10       78       471      334      232      361      457      499      175      196      48       0        277      201      342      375      401      89       205      287      77       268      248      145      159      222      229      329      110      341      178      80       497      185      365      470      323      400      161      264      391      313      
11       263      290      78       179      103      209      300      268      82       228      277      0        254      173      183      128      206      290      96       240      329      187      163      147      68       77       280      172      87       215      219      305      105      99       257      65       162      264      328      179      85       
12       124      305      262      87       282      344      341      33       213      180      201      254      0        200      237      333      225      36       193      245      84       92       115      122      247      176      132      202      341      43       229      334      234      352      325      319      416      44       81       261      229      
13       287      132      119      119      121      146      157      230      209      299      342      173      200      0        37       167      310      233      80       342      238      109      197      184      222      138      139      272      241      185      321      156      242      236      130      224      311      236      238      62       91       
14       323      108      116      156      110      111      126      268      231      331      375      183      237      37       0        149      339      270      100      372      272      146      230      217      240      163      166      301      241      222      350      127      264      231      94       226      305      273      273      27       98       
15       375      228      72       245      50       101      220      355      210      352      401      128      333      167      149      0        334      369      139      368      392      245      271      255      196      177      305      299      125      302      347      230      233      102      174      121      169      356      391      127      103      
16       131      443      274      221      302      404      466      210      124      57       89       206      225      310      339      334      0        242      241      34       305      238      125      131      143      178      335      38       259      189      13       466      104      285      430      243      313      197      302      349      260      
17       126      331      299      123      319      378      368      32       245      192      205      290      36       233      270      369      242      0        229      258      64       127      144      153      279      212      148      224      376      75       244      361      263      388      355      355      451      45       60       295      265      
18       246      208      69       106      89       170      226      216      130      240      287      96       193      80       100      139      241      229      0        275      255      108      144      129      142      63       187      203      174      163      253      228      163      175      189      154      248      217      254      107      35       
19       138      475      308      250      336      438      499      226      158      65       77       240      245      342      372      368      34       258      275      0        322      266      153      161      175      212      360      72       289      211      21       499      136      316      464      274      340      212      318      382      295      
20       190      313      325      151      341      384      353      95       296      256      268      329      84       238      272      392      305      64       255      322      0        147      199      206      329      252      120      285      416      126      308      343      318      425      347      395      492      109      4        299      290      
21       184      225      177      16       194      251      258      121      175      211      248      187      92       109      146      245      238      127      108      266      147      0        113      107      203      115      102      204      273      78       246      253      205      279      237      252      349      127      146      169      143      
22       103      327      200      96       226      315      354      115      102      102      145      163      115      197      230      271      125      144      144      153      199      113      0        16       137      94       210      94       244      73       133      353      119      262      325      223      316      108      196      246      175      
23       119      316      184      90       210      300      342      126      91       114      159      147      122      184      217      255      131      153      129      161      206      107      16       0        125      78       207      97       230      79       141      340      112      247      311      209      303      119      203      232      159      
24       223      348      145      190      171      277      361      252      34       175      222      68       247      222      240      196      143      279      142      175      329      203      137      125      0        91       304      112      119      204      156      365      38       143      320      101      184      245      326      240      144      
25       198      270      106      104      133      229      289      191      71       181      229      77       176      138      163      177      178      212      63       212      252      115      94       78       91       0        214      140      164      137      190      290      104      176      253      143      240      188      250      171      85       
26       255      193      248      118      257      276      233      164      278      300      329      280      132      139      166      305      335      148      187      360      120      102      210      207      304      214      0        304      361      151      342      223      307      362      231      341      435      177      122      194      215      
27       128      405      237      188      265      366      428      192      89       65       110      172      202      272      301      299      38       224      203      72       285      204      94       97       112      140      304      0        231      163      50       428      75       255      392      213      290      181      282      310      222      
28       339      339      124      266      135      226      338      354      149      294      341      87       341      241      241      125      259      376      174      289      416      273      244      230      119      164      361      231      0        301      271      347      156      29       293      21       75       349      415      228      150      
29       108      303      230      66       252      323      336      54       170      149      178      215      43       185      222      302      189      75       163      211      126      78       73       79       204      137      151      163      301      0        194      331      191      314      314      279      376      54       123      244      198      
30       129      454      287      229      314      416      477      212      137      55       80       219      229      321      350      347      13       244      253      21       308      246      133      141      156      190      342      50       271      194      0        477      117      298      442      255      325      199      304      360      273      
31       437      30       230      267      212      137      15       367      358      455      497      305      334      156      127      230      466      361      228      499      343      253      353      340      365      290      223      428      347      331      477      0        391      330      56       336      400      376      345      125      221      
32       193      372      178      190      205      311      388      234      33       139      185      105      234      242      264      233      104      263      163      136      318      205      119      112      38       104      307      75       156      191      117      391      0        181      349      139      216      225      315      267      173      
33       359      324      117      273      121      204      321      367      171      318      365      99       352      236      231      102      285      388      175      316      425      279      262      247      143      176      362      255      29       314      298      330      181      0        275      42       75       364      423      215      147      
34       417      63       179      248      160      81       46       357      317      425      470      257      325      130      94       174      430      355      189      464      347      237      325      311      320      253      231      392      293      314      442      56       349      275      0        283      344      363      349      82       176      
35       319      327      109      244      123      220      328      332      129      276      323      65       319      224      226      121      243      355      154      274      395      252      223      209      101      143      341      213      21       279      255      336      139      42       283      0        97       327      393      215      132      
36       407      396      192      341      196      269      390      428      217      355      400      162      416      311      305      169      313      451      248      340      492      349      316      303      184      240      435      290      75       376      325      400      216      75       344      97       0        422      490      289      221      
37       83       347      284      118      306      376      382      14       210      147      161      264      44       236      273      356      197      45       217      212      109      127      108      119      245      188      177      181      349      54       199      376      225      364      363      327      422      0        105      296      252      
38       186      315      324      150      340      384      355      91       293      252      264      328      81       238      273      391      302      60       254      318      4        146      196      203      326      250      122      282      415      123      304      345      315      423      349      393      490      105      0        300      289      
39       342      112      106      178      93       84       121      291      235      345      391      179      261      62       27       127      349      295      107      382      299      169      246      232      240      171      194      310      228      244      360      125      267      215      82       215      289      296      300      0        96       
40       278      205      34       142      54       144      217      252      141      266      313      85       229      91       98       103      260      265      35       295      290      143      175      159      144      85       215      222      150      198      273      221      173      147      176      132      221      252      289      96       0        
;



Table delta(i,j)                 Distance
         0        1        2        3        4        5        6        7        8        9        10       11       12       13       14       15       16       17       18       19       20       21       22       23       24       25       26       27       28       29       30       31       32       33       34       35       36       37       38       39       40       
0        0        23540    14880    4180     4060     23660    9080     4880     11480    10940    13360    17720    2680     20380    11860    1940     7120     5720     15780    11180    16700    9420     21720    9300     1060     26220    4280     4120     22220    22020    18880    18160    24340    10320    5940     3360     23600    22260    16020    23780    11180    
1        23540    0        1066     1013     1145     79       917      1345     826      673      1095     365      1297     535      679      1137     1148     1235     1037     1253     344      726      343      1071     1200     186      1112     973      728      260      1018     315      63       1075     882      1162     72       755      496      196      784      
2        14880    1066     0        799      548      1021     985      684      306      841      87       704      752      600      924      647      1041     525      59       305      802      567      780      281      797      1251     897      708      546      1161     222      759      1067     1140     692      886      1113     532      575      1194     986      
3        4180     1013     799      0        340      1028     252      449      558      354      738      760      343      939      390      242      244      450      833      685      679      365      971      543      206      1132     118      92       1065     911      970      771      1059     353      153      152      1007     1072     700      1004     349      
4        4060     1145     548      340      0        1137     587      203      426      594      469      816      213      898      660      111      545      114      596      358      803      419      997      267      256      1298     396      277      962      1114     756      849      1176     688      334      365      1160     960      710      1190     658      
5        23660    79       1021     1028     1137     0        951      1339     797      699      1056     334      1298     470      714      1136     1177     1223     989      1222     349      722      274      1045     1209     249      1132     982      658      335      961      291      46       1114     891      1179     152      685      462      275      822      
6        9080     917      985      252      587      951      0        698      705      261      937      750      585      982      238      494      237      699      1009     919      624      452      962      757      438      1001     268      312      1143     760      1126     743      972      182      295      332      894      1156     733      863      141      
7        4880     1345     684      449      203      1339     698      0        620      763      597      1019     129      1096     819      223      587      160      739      421      1002     618      1200     418      272      1494     454      422      1147     1301     903      1052     1378     755      500      400      1358     1143     914      1382     796      
8        11480    826      306      558      426      797      705      620      0        538      295      463      634      478      621      486      801      471      314      426      523      265      604      251      623      1003     671      467      539      881      422      511      841      872      424      677      862      539      335      927      688      
9        10940    673      841      354      594      699      261      763      538      0        813      490      680      732      82       539      478      706      852      856      363      274      701      670      557      780      442      343      905      556      944      481      724      440      263      497      660      920      484      650      169      
10       13360    1095     87       738      469      1056     937      597      295      813      0        730      669      656      896      571      977      439      146      221      813      540      826      203      721      1278     831      648      622      1172     309      783      1102     1084     641      815      1138     609      599      1213     949      
11       17720    365      704      760      816      334      750      1019     463      490      730      0        991      275      539      828      949      895      679      889      165      415      214      711      919      547      874      698      478      478      682      56       378      930      610      911      409      500      130      494      649      
12       2680     1297     752      343      213      1298     585      129      634      680      669      991      0        1100     728      163      459      238      803      520      953      578      1184     473      148      1436     330      336      1173     1230     965      1017     1334     629      424      273      1303     1171     897      1317     693      
13       20380    535      600      939      898      470      982      1096     478      732      656      275      1100     0        793      942      1156     949      556      858      440      573      198      716      1061     719      1057     860      206      721      498      319      515      1165     785      1083     600      230      249      710      899      
14       11860    679      924      390      660      714      238      819      621      82       896      539      728      793      0        596      471      773      935      934      397      357      746      750      596      768      462      397      973      532      1025     523      734      403      325      521      657      989      549      632      111      
15       1940     1137     647      242      111      1136     494      223      486      539      571      828      163      942      596      0        435      210      692      470      792      415      1022     368      150      1279     286      199      1025     1081     848      854      1173     582      276      253      1145     1026     735      1163     579      
16       7120     1148     1041     244      545      1177     237      587      801      478      977      949      459      1156     471      435      0        641      1076     903      840      589      1163     777      316      1238     149      336      1296     997      1214     950      1201     178      382      188      1128     1304     909      1100     378      
17       5720     1235     525      450      114      1223     699      160      471      706      439      895      238      949      773      210      641      0        579      282      896      515      1065     257      333      1394     494      392      990      1218     743      932      1263     792      448      455      1255     985      782      1291     773      
18       15780    1037     59       833      596      989      1009     739      314      852      146      679      803      556      935      692      1076     579      0        364      787      579      741      330      842      1223     934      741      491      1144     164      735      1035     1168     718      926      1086     476      552      1172     1001     
19       11180    1253     305      685      358      1222     919      421      426      856      221      889      520      858      934      470      903      282      364      0        941      604      1014     192      609      1428     754      607      840      1293     524      937      1267     1039     633      723      1287     829      760      1347     963      
20       16700    344      802      679      803      349      624      1002     523      363      813      165      953      440      397      792      840      896      787      941      0        383      352      753      860      497      785      633      642      359      815      131      382      798      542      831      358      663      248      406      509      
21       9420     726      567      365      419      722      452      618      265      274      540      415      578      573      357      415      589      515      579      604      383      0        617      413      505      879      484      290      707      706      680      439      760      628      212      511      741      716      337      775      424      
22       21720    343      780      971      997      274      962      1200     604      701      826      214      1184     198      746      1022     1163     1065     741      1014     352      617      0        854      1122     523      1086     905      385      554      695      222      318      1141     820      1122     411      412      287      527      857      
23       9300     1071     281      543      267      1045     757      418      251      670      203      711      473      716      750      368      777      257      330      192      753      413      854      0        518      1244     630      456      737      1102     491      757      1089     894      463      612      1102     730      585      1159     786      
24       1060     1200     797      206      256      1209     438      272      623      557      721      919      148      1061     596      150      316      333      842      609      860      505      1122     518      0        1329     182      227      1158     1113     997      939      1243     482      318      128      1200     1161     839      1204     552      
25       26220    186      1251     1132     1298     249      1001     1494     1003     780      1278     547      1436     719      768      1279     1238     1394     1223     1428     497      879      523      1244     1329     0        1222     1104     907      250      1205     494      207      1142     1014     1277     141      934      678      143      862      
26       4280     1112     897      118      396      1132     268      454      671      442      831      874      330      1057     462      286      149      494      934      754      785      484      1086     630      182      1222     0        204      1183     993      1077     883      1161     302      271      63       1102     1189     817      1090     396      
27       4120     973      708      92       277      982      312      422      467      343      648      698      336      860      397      199      336      392      741      607      633      290      905      456      227      1104     204      0        979      894      878      714      1016     438      91       222      974      985      627      982      382      
28       22220    728      546      1065     962      658      1143     1147     539      905      622      478      1173     206      973      1025     1296     990      491      840      642      707      385      737      1158     907      1183     979      0        926      379      524      700      1325     915      1200     796      27       425      910      1074     
29       22020    260      1161     911      1114     335      760      1301     881      556      1172     478      1230     721      532      1081     997      1218     1144     1293     359      706      554      1102     1113     250      993      894      926      0        1160     422      321      894      806      1050     195      951      595      107      619      
30       18880    1018     222      970      756      961      1126     903      422      944      309      682      965      498      1025     848      1214     743      164      524      815      680      695      491      997      1205     1077     878      379      1160     0        739      1007     1293     845      1074     1076     358      568      1173     1102     
31       18160    315      759      771      849      291      743      1052     511      481      783      56       1017     319      523      854      950      932      735      937      131      439      222      757      939      494      883      714      524      422      739      0        333      920      625      924      355      547      184      438      634      
32       24340    63       1067     1059     1176     46       972      1378     841      724      1102     378      1334     515      734      1173     1201     1263     1035     1267     382      760      318      1089     1243     207      1161     1016     700      321      1007     333      0        1132     924      1209     128      727      507      250      841      
33       10320    1075     1140     353      688      1114     182      755      872      440      1084     930      629      1165     403      582      178      792      1168     1039     798      628      1141     894      482      1142     302      438      1325     894      1293     920      1132     0        449      355      1045     1337     915      1000     292      
34       5940     882      692      153      334      891      295      500      424      263      641      610      424      785      325      276      382      448      718      633      542      212      820      463      318      1014     271      91       915      806      845      625      924      449      0        302      883      923      546      893      331      
35       3360     1162     886      152      365      1179     332      400      677      497      815      911      273      1083     521      253      188      455      926      723      831      511      1122     612      128      1277     63       222      1200     1050     1074     924      1209     355      302      0        1155     1205     848      1146     458      
36       23600    72       1113     1007     1160     152      894      1358     862      660      1138     409      1303     600      657      1145     1128     1255     1086     1287     358      741      411      1102     1200     141      1102     974      796      195      1076     355      128      1045     883      1155     0        822      539      123      758      
37       22260    755      532      1072     960      685      1156     1143     539      920      609      500      1171     230      989      1026     1304     985      476      829      663      716      412      730      1161     934      1189     985      27       951      358      547      727      1337     923      1205     822      0        442      936      1089     
38       16020    496      575      700      710      462      733      914      335      484      599      130      897      249      549      735      909      782      552      760      248      337      287      585      839      678      817      627      425      595      568      184      507      915      546      848      539      442      0        620      652      
39       23780    196      1194     1004     1190     275      863      1382     927      650      1213     494      1317     710      632      1163     1100     1291     1172     1347     406      775      527      1159     1204     143      1090     982      910      107      1173     438      250      1000     893      1146     123      936      620      0        722      
40       11180    784      986      349      658      822      141      796      688      169      949      649      693      899      111      579      378      773      1001     963      509      424      857      786      552      862      396      382      1074     619      1102     634      841      292      331      458      758      1089     652      722      0        
;

