

sets
i        orders          /0*10/
k        routes          /1*10/
p        positions       /0*10/
;

alias(i,j)
alias(i,h)
alias(i,hh)
alias(i,jj)
alias(k,kk)
                            Parameters

rho(i)	Processing time
/
0	0
1	24
2	17
3	67
4	91
5	69
6	20
7	66
8	84
9	35
10	17
/

gamma(i)	Duedate
/
0	0
1	14
2	29
3	67
4	5
5	31
6	96
7	20
8	87
9	73
10	86
/

sigma(i)	Size
/
0	0
1	6
2	1
3	2
4	6
5	8
6	4
7	9
8	6
9	4
10	3
/

epsilon(i)	Priority
/
0	0
1	6
2	9
3	1
4	6
5	5
6	2
7	2
8	6
9	1
10	8
/

psi	Vehicle Capacity
/ 19 /
;

Table kappa(i,j)                 Setup
         0        1        2        3        4        5        6        7        8        9        10       
0        0        557      385      714      477      536      403      555      81       433      374      
1        557      0        782      1150     1008     319      773      1036     604      637      187      
2        385      782      0        965      330      585      38       784      438      815      642      
3        714      1150     965      0        760      1237     1001     182      633      549      976      
4        477      1008     330      760      0        879      366      583      474      814      837      
5        536      319      585      1237     879      0        563      1088     611      809      337      
6        403      773      38       1001     366      563      0        819      461      836      640      
7        555      1036     784      182      583      1088     819      0        477      494      854      
8        81       604      438      633      474      611      461      477      0        378      418      
9        433      637      815      549      814      809      836      494      378      0        489      
10       374      187      642      976      837      337      640      854      418      489      0        
;



Table delta(i,j)                 Distance
         0        1        2        3        4        5        6        7        8        9        10       
0        0        78       52       48       85       41       16       76       23       52       50       
1        78       0        61       51       13       44       89       89       75       50       39       
2        52       61       0        10       58       58       50       31       32       74       63       
3        48       51       10       0        50       48       50       42       32       64       53       
4        85       13       58       50       0        55       93       83       79       63       51       
5        41       44       58       48       55       0        56       90       50       15       8        
6        16       89       50       50       93       56       0        68       17       68       64       
7        76       89       31       42       83       90       68       0        53       106      95       
8        23       75       32       32       79       50       17       53       0        65       58       
9        52       50       74       64       63       15       68       106      65       0        12       
10       50       39       63       53       51       8        64       95       58       12       0        
;

