

sets
i        orders          /0*10/
k        routes          /1*10/
p        positions       /0*10/
;

alias(i,j)
alias(i,h)
alias(i,hh)
alias(i,jj)
alias(k,kk)
                            Parameters

rho(i)	Processing time
/
0	0
1	74
2	21
3	77
4	47
5	49
6	96
7	76
8	89
9	57
10	49
/

gamma(i)	Duedate
/
0	0
1	71
2	19
3	40
4	31
5	35
6	74
7	35
8	86
9	2
10	87
/

sigma(i)	Size
/
0	0
1	3
2	5
3	6
4	5
5	2
6	5
7	1
8	9
9	6
10	4
/

epsilon(i)	Priority
/
0	0
1	6
2	5
3	9
4	4
5	3
6	2
7	2
8	3
9	8
10	7
/

psi	Vehicle Capacity
/ 28 /
;

Table kappa(i,j)                 Setup
         0        1        2        3        4        5        6        7        8        9        10       
0        0        455      913      493      596      445      651      216      664      142      668      
1        455      0        879      137      416      512      1018     550      718      431      406      
2        913      879      0        749      468      468      835      740      261      770      526      
3        493      137      749      0        282      422      979      531      607      428      268      
4        596      416      468      282      0        270      874      522      364      473      111      
5        445      512      468      422      270      0        605      295      231      302      380      
6        651      1018     835      979      874      605      0        473      616      597      985      
7        216      550      740      531      522      295      473      0        482      123      619      
8        664      718      261      607      364      231      616      482      0        523      463      
9        142      431      770      428      473      302      597      123      523      0        557      
10       668      406      526      268      111      380      985      619      463      557      0        
;



Table delta(i,j)                 Distance
         0        1        2        3        4        5        6        7        8        9        10       
0        0        380      80       160      150      220      420      250      50       320      320      
1        380      0        30       25       30       45       11       17       38       50       5        
2        80       30       0        11       10       22       34       17       8        31       24       
3        160      25       11       0        20       33       33       19       19       42       19       
4        150      30       10       20       0        15       31       14       11       22       26       
5        220      45       22       33       15       0        43       28       16       9        40       
6        420      11       34       33       31       43       0        17       40       46       14       
7        250      17       17       19       14       28       17       0        23       33       13       
8        50       38       8        19       11       16       40       23       0        26       32       
9        320      50       31       42       22       9        46       33       26       0        46       
10       320      5        24       19       26       40       14       13       32       46       0        
;

