

sets
i        orders          /0*10/
k        routes          /1*10/
p        positions       /0*10/
;

alias(i,j)
alias(i,h)
alias(i,hh)
alias(i,jj)
alias(k,kk)
                            Parameters

rho(i)	Processing time
/
0	0
1	43
2	37
3	22
4	17
5	71
6	68
7	24
8	77
9	98
10	53
/

gamma(i)	Duedate
/
0	0
1	60
2	12
3	52
4	15
5	97
6	7
7	27
8	87
9	31
10	46
/

sigma(i)	Size
/
0	0
1	7
2	8
3	2
4	8
5	9
6	9
7	8
8	9
9	4
10	1
/

epsilon(i)	Priority
/
0	0
1	2
2	4
3	5
4	7
5	5
6	8
7	8
8	3
9	4
10	9
/

psi	Vehicle Capacity
/ 164 /
;

Table kappa(i,j)                 Setup
         0        1        2        3        4        5        6        7        8        9        10       
0        0        240      377      264      246      180      484      128      208      291      300      
1        240      0        140      393      50       251      542      227      382      399      202      
2        377      140      0        523      159      380      644      364      519      524      282      
3        264      393      523      0        363      143      233      172      80       38       286      
4        246      50       159      363      0        220      498      206      361      365      152      
5        180      251      380      143      220      0        319      52       150      149      169      
6        484      542      644      233      498      319      0        368      312      198      362      
7        128      227      364      172      206      52       368      0        155      188      194      
8        208      382      519      80       361      150      312      155      0        118      317      
9        291      399      524      38       365      149      198      188      118      0        273      
10       300      202      282      286      152      169      362      194      317      273      0        
;



Table delta(i,j)                 Distance
         0        1        2        3        4        5        6        7        8        9        10       
0        0        6000     6120     1740     3480     2280     4050     5340     1560     2670     4800     
1        6000     0        128      148      149      262      78       106      170      176      180      
2        6120     128      0        149      93       232      93       217      207      234      82       
3        1740     148      149      0        68       114      77       151      64       100      119      
4        3480     149      93       68       0        139      72       194      133      168      51       
5        2280     262      232      114      139      0        188      254      129      163      164      
6        4050     78       93       77       72       188      0        130      121      143      112      
7        5340     106      217      151      194      254      130      0        128      110      241      
8        1560     170      207      64       133      129      121      128      0        39       183      
9        2670     176      234      100      168      163      143      110      39       0        219      
10       4800     180      82       119      51       164      112      241      183      219      0        
;

