
sets
i        orders          /0*10/
k        routes          /1*10/
p        positions       /0*10/
;

alias(i,j)
alias(i,h)
alias(i,hh)
alias(i,jj)
alias(k,kk)
                
                    Parameters

rho(i)	Processing time
/
0	0
1	21
2	7
3	90
4	6
5	39
6	32
7	58
8	75
9	63
10	80
/

gamma(i)	Duedate
/
0	0
1	25
2	48
3	17
4	57
5	87
6	38
7	72
8	42
9	45
10	90
/

sigma(i)	Size
/
0	0
1	8
2	1
3	4
4	8
5	5
6	2
7	1
8	5
9	4
10	5
/

epsilon(i)	Priority
/
0	0
1	4
2	2
3	4
4	8
5	4
6	7
7	5
8	3
9	5
10	8
/

psi	Vehicle Capacity
/ 11 /
;

Table kappa(i,j)                 Setup
         0        1        2        3        4        5        6        7        8        9        10       
0        0        9        164      139      43       21       132      96       60       82       94       
1        9        0        164      141      46       30       125      102      56       74       85       
2        164      164      0        51       123      165      113      103      114      209      167      
3        139      141      51       0        95       134      135      57       104      200      171      
4        43       46       123      95       0        42       116      57       41       114      105      
5        21       30       165      134      42       0        147      85       72       102      115      
6        132      125      113      135      116      147      0        148      76       127      72       
7        96       102      103      57       57       85       148      0        87       172      158      
8        60       56       114      104      41       72       76       87       0        97       70       
9        82       74       209      200      114      102      127      172      97       0        56       
10       94       85       167      171      105      115      72       158      70       56       0        
;



Table delta(i,j)                 Distance
         0        1        2        3        4        5        6        7        8        9        10       
0        0        250      280      950      1090     600      1120     1030     1020     1140     950      
1        250      0        48       120      130      38       137      122      123      118      77       
2        280      48       0        90       111      72       104      112      75       138      123      
3        950      120      90       0        33       156      18       51       91       122      169      
4        1090     130      111      33       0        169      42       23       124      100      164      
5        600      38       72       156      169      0        172      161      141      151      85       
6        1120     137      104      18       42       172      0        63       92       138      187      
7        1030     122      112      51       23       161      63       0        138      77       146      
8        1020     123      75       91       124      141      92       138      0        192      197      
9        1140     118      138      122      100      151      138      77       192      0        96       
10       950      77       123      169      164      85       187      146      197      96       0        
;

