
sets
i        orders          /0*20/
k        routes          /1*20/
p        positions       /0*20/
;

alias(i,j)
alias(i,h)
alias(i,hh)
alias(i,jj)
alias(k,kk)
                
                    Parameters

rho(i)	Processing time
/
0	0
1	17
2	57
3	13
4	2
5	45
6	39
7	46
8	30
9	80
10	17
11	29
12	88
13	52
14	55
15	69
16	5
17	67
18	84
19	15
20	27
/

gamma(i)	Duedate
/
0	0
1	19
2	99
3	91
4	45
5	20
6	82
7	16
8	21
9	89
10	11
11	73
12	29
13	86
14	29
15	27
16	13
17	9
18	81
19	8
20	58
/

sigma(i)	Size
/
0	0
1	3
2	3
3	7
4	7
5	1
6	9
7	1
8	6
9	8
10	7
11	2
12	1
13	5
14	9
15	9
16	8
17	2
18	4
19	2
20	4
/

epsilon(i)	Priority
/
0	0
1	5
2	3
3	2
4	1
5	8
6	7
7	7
8	4
9	9
10	7
11	7
12	3
13	7
14	9
15	2
16	9
17	2
18	1
19	6
20	5
/

psi	Vehicle Capacity
/ 12 /
;

Table kappa(i,j)                 Setup
         0        1        2        3        4        5        6        7        8        9        10       11       12       13       14       15       16       17       18       19       20       
0        0        503      436      279      227      141      412      526      478      344      368      465      164      365      124      469      338      375      422      129      182      
1        503      0        73       571      317      379      259      164      68       524      218      277      422      581      571      184      593      377      351      511      675      
2        436      73       0        498      266      318      201      151      97       455      197      284      349      511      499      144      522      312      344      454      612      
3        279      571      498      0        429      359      354      508      580      103      540      657      178      93       180      445      59       245      645      408      390      
4        227      317      266      429      0        86       348      399      274      445      143      241      252      489      335      360      478      384      215      196      372      
5        141      379      318      359      86       0        350      432      345      389      227      326      188      427      250      384      411      358      293      139      297      
6        412      259      201      354      348      350      0        154      299      283      356      466      265      340      422      93       360      122      505      484      592      
7        526      164      151      508      399      432      154      0        227      437      348      431      400      493      560      63       514      275      495      572      708      
8        478      68       97       580      274      345      299      227      0        544      158      209      419      601      558      236      608      408      284      470      643      
9        344      524      455      103      445      389      283      437      544      0        533      653      201      57       267      376      80       162      656      467      479      
10       368      218      197      540      143      227      356      348      158      533      0        120      362      584      471      330      581      433      150      331      513      
11       465      277      284      657      241      326      466      431      209      653      120      0        479      704      577      427      700      551      92       401      588      
12       164      422      349      178      252      188      265      400      419      201      362      479      0        239      159      338      226      212      467      274      334      
13       365      581      511      93       489      427      340      493      601      57       584      704      239      0        272      433      40       218      702      492      483      
14       124      571      499      180      335      250      422      560      558      267      471      577      159      272      0        497      239      351      541      248      211      
15       469      184      144      445      360      384      93       63       236      376      330      427      338      433      497      0        452      215      481      523      651      
16       338      593      522      59       478      411      360      514      608      80       581      700      226      40       239      452      0        242      693      467      447      
17       375      377      312      245      384      358      122      275      408      162      433      551      212      218      351      215      242      0        573      475      545      
18       422      351      344      645      215      293      505      495      284      656      150      92       467      702      541      481      693      573      0        339      524      
19       129      511      454      408      196      139      484      572      470      467      331      401      274      492      248      523      467      475      339      0        186      
20       182      675      612      390      372      297      592      708      643      479      513      588      334      483      211      651      447      545      524      186      0        
;



Table delta(i,j)                 Distance
         0        1        2        3        4        5        6        7        8        9        10       11       12       13       14       15       16       17       18       19       20       
0        0        7800     10720    12160    7120     9820     5300     7980     11040    2120     11060    13860    7160     5900     7840     5520     11700    4160     1800     7140     8660     
1        7800     0        275      393      101      227      137      444      450      288      167      314      359      119      406      324      406      181      403      432      334      
2        10720    275      0        120      212      487      298      337      228      432      234      265      274      372      297      310      146      366      500      355      182      
3        12160    393      120      0        320      608      397      324      155      511      348      346      289      483      292      350      50       462      558      355      189      
4        7120     101      212      320      0        326      93       344      355      249      211      339      259      163      305      231      324      161      348      334      235      
5        9820     227      487      608      326      0        323      662      677      419      291      415      577      218      625      529      627      323      541      644      561      
6        5300     137      298      397      93       323      0        343      403      159      290      427      261      114      310      206      392      68       267      322      273      
7        7980     444      337      324      344      662      343      0        195      345      519      597      85       457      42       145      279      372      318      44       155      
8        11040    450      228      155      355      677      403      195      0        472      458      488      196      510      175      276      105      457      485      234      130      
9        2120     288      432      511      249      419      159      345      472      0        449      587      286      207      327      205      493      108      122      307      347      
10       11060    167      234      348      211      291      290      519      458      449      0        148      438      284      478      433      380      345      556      521      376      
11       13860    314      265      346      339      415      427      597      488      587      148      0        525      432      555      538      391      487      687      608      442      
12       7160     359      274      289      259      577      261      85       196      286      438      525      0        376      48       82       252      297      288      83       100      
13       5900     119      372      483      163      218      114      457      510      207      284      432      376      0        425      318      486      105      329      434      383      
14       7840     406      297      292      305      625      310      42       175      327      478      555      48       425      0        123      249      344      316      63       115      
15       5520     324      310      350      231      529      206      145      276      205      433      538      82       318      123      0        319      228      211      116      163      
16       11700    406      146      50       324      627      392      279      105      493      380      391      252      486      249      319      0        454      530      312      156      
17       4160     181      366      462      161      323      68       372      457      108      345      487      297      105      344      228      454      0        228      344      326      
18       1800     403      500      558      348      541      267      318      485      122      556      687      288      329      316      211      530      228      0        275      374      
19       7140     432      355      355      334      644      322      44       234      307      521      608      83       434      63       116      312      344      275      0        174      
20       8660     334      182      189      235      561      273      155      130      347      376      442      100      383      115      163      156      326      374      174      0        
;

