
sets
i        orders          /0*20/
k        routes          /1*20/
p        positions       /0*20/
;

alias(i,j)
alias(i,h)
alias(i,hh)
alias(i,jj)
alias(k,kk)
                
                    Parameters

rho(i)	Processing time
/
0	0
1	55
2	97
3	47
4	54
5	31
6	56
7	56
8	98
9	67
10	32
11	48
12	10
13	43
14	96
15	26
16	62
17	39
18	17
19	50
20	52
/

gamma(i)	Duedate
/
0	0
1	34
2	67
3	11
4	19
5	58
6	41
7	33
8	66
9	47
10	18
11	21
12	1
13	83
14	80
15	72
16	84
17	39
18	31
19	94
20	54
/

sigma(i)	Size
/
0	0
1	9
2	2
3	1
4	3
5	6
6	5
7	1
8	6
9	4
10	5
11	4
12	5
13	3
14	6
15	4
16	4
17	2
18	1
19	8
20	2
/

epsilon(i)	Priority
/
0	0
1	9
2	1
3	6
4	1
5	8
6	7
7	5
8	8
9	2
10	9
11	4
12	7
13	1
14	7
15	4
16	5
17	3
18	5
19	8
20	1
/

psi	Vehicle Capacity
/ 10 /
;

Table kappa(i,j)                 Setup
         0        1        2        3        4        5        6        7        8        9        10       11       12       13       14       15       16       17       18       19       20       
0        0        527      679      151      479      226      572      460      505      144      293      450      170      50       314      254      39       298      339      488      608      
1        527      0        308      376      376      319      436      87       414      385      294      149      433      514      410      374      525      229      210      363      388      
2        679      308      0        545      264      538      246      382      277      541      550      252      653      687      415      438      659      426      357      247      164      
3        151      376      545      0        382      96       479      310      416      24       172      305      134      145      246      169      152      146      193      387      498      
4        479      376      264      382      0        421      96       398      41       368      468      231      514      503      172      226      450      327      257      18       135      
5        226      319      538      96       421      0        516      242      459      119      76       287      117      201      314      237      238      112      183      422      521      
6        572      436      246      479      96       516      0        472      67       464      560      301      610      598      260      320      541      419      347      94       83       
7        460      87       382      310      398      242      472      0        439      324      209      170      352      442      394      344      463      170      179      389      437      
8        505      414      277      416      41       459      67       439      0        401      507      271      549      532      193      254      474      367      298      50       128      
9        144      385      541      24       368      119      464      324      401      0        195      306      154      146      226      150      139      156      194      374      487      
10       293      294      550      172      468      76       560      209      507      195      0        300      149      260      379      304      309      141      214      466      555      
11       450      149      252      305      231      287      301      170      271      306      300      0        403      450      269      247      437      174      112      220      270      
12       170      433      653      134      514      117      610      352      549      154      149      403      0        125      380      303      199      228      296      517      624      
13       50       514      687      145      503      201      598      442      532      146      260      450      125      0        344      277      88       288      338      511      628      
14       314      410      415      246      172      314      260      394      193      226      379      269      380      344      0        78       281      257      216      185      307      
15       254      374      438      169      226      237      320      344      254      150      304      247      303      277      78       0        226      191      166      234      354      
16       39       525      659      152      450      238      541      463      474      139      309      437      199      88       281      226      0        296      328      460      581      
17       298      229      426      146      327      112      419      170      367      156      141      174      228      288      257      191      296      0        74       325      415      
18       339      210      357      193      257      183      347      179      298      194      214      112      296      338      216      166      328      74       0        253      341      
19       488      363      247      387      18       422      94       389      50       374      466      220      517      511      185      234      460      325      253      0        121      
20       608      388      164      498      135      521      83       437      128      487      555      270      624      628      307      354      581      415      341      121      0        
;



Table delta(i,j)                 Distance
         0        1        2        3        4        5        6        7        8        9        10       11       12       13       14       15       16       17       18       19       20       
0        0        4000     5940     6000     3780     8360     5260     7160     14580    11200    9120     11080    10660    11600    7280     3440     11340    7820     13960    5260     2280     
1        4000     0        131      196      125      233      239      223      546      439      267      360      333      452      305      84       371      387      520      300      176      
2        5940     131      0        305      255      123      190      96       431      309      274      264      274      321      214      125      281      318      401      275      222      
3        6000     196      305      0        111      358      434      401      641      609      228      440      365      617      501      276      439      583      626      488      342      
4        3780     125      255      111      0        342      344      348      650      564      292      454      402      576      423      187      459      492      628      388      235      
5        8360     233      123      358      342      0        290      132      313      270      236      141      173      270      275      248      160      388      287      379      346      
6        5260     239      190      434      344      290      0        167      551      315      462      427      459      340      102      158      448      149      512      88       149      
7        7160     223      96       401      348      132      167      0        389      216      346      261      306      230      143      190      283      256      353      255      261      
8        14580    546      431      641      650      313      551      389      0        307      443      201      292      281      485      557      205      583      43       633      646      
9        11200    439      309      609      564      270      315      216      307      0        504      309      403      28       221      401      332      293      264      377      452      
10       9120     267      274      228      292      236      462      346      443      504      0        248      151      501      485      341      239      592      438      542      442      
11       11080    360      264      440      454      141      427      261      201      309      248      0        106      296      394      388      24       506      190      515      487      
12       10660    333      274      365      402      173      459      306      292      403      151      106      0        394      448      382      91       562      290      547      487      
13       11600    452      321      617      576      270      340      230      281      28       501      296      394      0        247      418      319      322      238      404      474      
14       7280     305      214      501      423      275      102      143      485      221      485      394      448      247      0        236      417      113      444      157      250      
15       3440     84       125      276      187      248      158      190      557      401      341      388      382      418      236      0        403      307      526      216      105      
16       11340    371      281      439      459      160      448      283      205      332      239      24       91       319      417      403      0        530      199      536      504      
17       7820     387      318      583      492      388      149      256      583      293      592      506      562      322      113      307      530      0        541      132      281      
18       13960    520      401      626      628      287      512      353      43       264      438      190      290      238      444      526      199      541      0        593      612      
19       5260     300      275      488      388      379      88       255      633      377      542      515      547      404      157      216      536      132      593      0        159      
20       2280     176      222      342      235      346      149      261      646      452      442      487      487      474      250      105      504      281      612      159      0        
;

