
sets
i        orders          /0*40/
k        routes          /1*40/
p        positions       /0*40/
;

alias(i,j)
alias(i,h)
alias(i,hh)
alias(i,jj)
alias(k,kk)
                
                    Parameters

rho(i)	Processing time
/
0	0
1	22
2	21
3	68
4	91
5	45
6	55
7	95
8	37
9	37
10	93
11	89
12	62
13	28
14	81
15	77
16	55
17	99
18	64
19	42
20	8
21	67
22	95
23	62
24	49
25	76
26	45
27	62
28	40
29	76
30	20
31	73
32	36
33	63
34	62
35	82
36	37
37	28
38	44
39	46
40	83
/

gamma(i)	Duedate
/
0	0
1	57
2	74
3	22
4	41
5	48
6	50
7	87
8	82
9	17
10	25
11	28
12	92
13	19
14	87
15	62
16	38
17	77
18	14
19	77
20	85
21	98
22	92
23	74
24	52
25	43
26	42
27	41
28	54
29	86
30	31
31	1
32	67
33	36
34	55
35	65
36	98
37	16
38	64
39	31
40	52
/

sigma(i)	Size
/
0	0
1	3
2	7
3	2
4	7
5	9
6	2
7	4
8	2
9	1
10	1
11	9
12	4
13	6
14	1
15	1
16	8
17	7
18	7
19	7
20	8
21	2
22	2
23	5
24	1
25	1
26	8
27	7
28	6
29	8
30	4
31	6
32	8
33	9
34	4
35	1
36	7
37	1
38	5
39	4
40	1
/

epsilon(i)	Priority
/
0	0
1	6
2	1
3	9
4	5
5	5
6	8
7	8
8	9
9	1
10	3
11	4
12	9
13	8
14	1
15	9
16	5
17	8
18	2
19	3
20	2
21	9
22	2
23	8
24	1
25	3
26	2
27	6
28	2
29	6
30	2
31	9
32	7
33	3
34	8
35	5
36	1
37	6
38	5
39	6
40	9
/

psi	Vehicle Capacity
/ 18 /
;

Table kappa(i,j)                 Setup
         0        1        2        3        4        5        6        7        8        9        10       11       12       13       14       15       16       17       18       19       20       21       22       23       24       25       26       27       28       29       30       31       32       33       34       35       36       37       38       39       40       
0        0        218      535      23       220      505      633      75       177      327      248      277      369      254      552      213      369      411      438      592      407      284      190      434      572      393      615      262      95       287      213      683      145      100      329      396      661      732      221      58       147      
1        218      0        490      195      142      487      600      230      391      430      203      165      212      371      337      395      192      194      528      478      281      85       210      424      514      391      493      311      306      120      389      479      284      319      527      461      581      725      122      276      260      
2        535      490      0        530      356      63       111      604      583      331      686      324      685      365      534      490      652      558      310      179      762      555      668      114      46       151      208      288      612      603      476      524      423      583      589      251      145      244      372      551      402      
3        23       195      530      0        206      503      630      74       200      336      231      262      347      264      530      232      347      388      447      580      387      260      176      432      566      391      603      263      114      264      231      662      155      123      350      402      654      732      205      81       152      
4        220      142      356      206      0        348      465      273      354      306      330      57       353      259      378      319      329      290      394      378      423      222      313      283      385      249      399      179      315      262      310      483      201      307      456      324      463      586      20       263      170      
5        505      487      63       503      348      0        128      578      538      275      676      325      690      315      571      440      660      576      247      240      765      559      652      71       107      112      269      248      576      604      426      574      383      545      533      190      204      238      365      516      366      
6        633      600      111      630      465      128      0        705      663      391      795      435      796      439      631      563      763      666      338      242      873      666      775      199      102      240      264      376      705      714      549      601      511      673      646      300      138      138      481      644      494      
7        75       230      604      74       273      578      705      0        213      401      195      328      336      328      566      274      344      412      512      651      361      276      128      507      641      466      672      336      91       266      276      708      220      126      374      472      727      806      269      104      223      
8        177      391      583      200      354      538      663      213      0        286      408      409      544      225      718      108      546      586      385      684      574      461      340      470      627      431      712      297      127      464      120      836      169      87       163      376      724      733      363      119      199      
9        327      430      331      336      306      275      391      401      286      0        561      331      638      72       665      179      622      596      111      476      697      516      512      220      378      192      506      129      363      545      166      732      181      322      258      92       477      448      326      309      187      
10       248      203      686      231      330      676      795      195      408      561      0        365      163      491      473      461      186      301      669      681      168      179      69       610      713      572      696      466      283      136      462      635      383      321      569      615      785      914      314      295      373      
11       277      165      324      262      57       325      435      328      409      331      365      0        365      294      337      368      336      272      409      326      440      233      357      267      348      238      346      202      372      280      357      431      251      364      504      334      419      562      59       320      219      
12       369      212      685      347      353      690      796      336      544      638      163      365      0        576      345      577      40       179      739      637      79       131      228      631      703      600      645      523      428      92       574      512      478      458      698      673      757      926      333      425      459      
13       254      371      365      264      259      315      439      328      225      72       491      294      576      0        631      125      562      547      183      490      631      457      441      251      411      215      519      103      292      483      110      713      109      252      234      153      510      509      277      236      118      
14       552      337      534      530      378      571      631      566      718      665      473      337      345      631      0        697      306      172      730      406      414      301      515      542      529      531      400      537      642      336      688      167      579      652      834      652      541      770      363      608      548      
15       213      395      490      232      319      440      563      274      108      179      461      368      577      125      697      0        571      586      277      607      619      475      400      376      535      339      636      214      209      489      14       799      118      163      137      270      634      628      334      169      149      
16       369      192      652      347      329      660      763      344      546      622      186      336      40       562      306      571      0        139      720      600      118      107      246      603      669      573      607      504      435      82       568      473      468      463      697      652      721      895      309      426      447      
17       411      194      558      388      290      576      666      412      586      596      301      272      179      547      172      586      139      0        680      479      254      136      346      529      567      506      483      468      495      165      579      337      471      512      721      606      607      802      270      470      444      
18       438      528      310      447      394      247      338      512      385      111      669      409      739      183      730      277      720      680      0        479      801      612      623      218      354      209      509      216      472      646      266      776      292      430      321      78       449      366      415      419      296      
19       592      478      179      580      378      240      242      651      684      476      681      326      637      490      406      607      600      479      479      0        717      520      682      262      150      284      30       393      681      571      593      359      515      663      724      411      134      375      385      624      487      
20       407      281      762      387      423      765      873      361      574      697      168      440      79       631      414      619      118      254      801      717      0        206      238      704      781      672      725      587      451      160      618      581      529      487      734      738      836      1002     403      459      513      
21       284      85       555      260      222      559      666      276      461      516      179      233      131      457      301      475      107      136      612      520      206      0        213      500      575      468      532      396      362      50       470      459      367      382      604      545      634      795      202      342      344      
22       190      210      668      176      313      652      775      128      340      512      69       357      228      441      515      400      246      346      623      682      238      213      0        583      699      544      699      428      215      182      402      671      332      253      503      573      776      888      301      232      326      
23       434      424      114      432      283      71       199      507      470      220      610      267      631      251      542      376      603      529      218      262      704      500      583      0        159      41       292      178      506      544      362      566      313      475      477      148      259      304      302      445      295      
24       572      514      46       566      385      107      102      641      627      378      713      348      703      411      529      535      669      567      354      150      781      575      699      159      0        196      176      330      651      624      521      505      465      625      635      297      99       240      399      591      443      
25       393      391      151      391      249      112      240      466      431      192      572      238      600      215      531      339      573      506      209      284      672      468      544      41       196      0        314      137      465      511      325      567      272      434      444      133      294      343      268      404      254      
26       615      493      208      603      399      269      264      672      712      506      696      346      645      519      400      636      607      483      509      30       725      532      699      292      176      314      0        422      706      582      622      341      542      689      754      441      145      394      405      648      514      
27       262      311      288      263      179      248      376      336      297      129      466      202      523      103      537      214      504      468      216      393      587      396      428      178      330      137      422      0        328      430      200      611      135      297      336      150      427      470      200      267      117      
28       95       306      612      114      315      576      705      91       127      363      283      372      428      292      642      209      435      495      472      681      451      362      215      506      651      465      706      328      0        356      215      777      195      45       291      444      744      794      316      60       210      
29       287      120      603      264      262      604      714      266      464      545      136      280      92       483      336      489      82       165      646      571      160      50       182      544      624      511      582      430      356      0        486      498      387      382      614      581      684      842      243      344      367      
30       213      389      476      231      310      426      549      276      120      166      462      357      574      110      688      14       568      579      266      593      618      470      402      362      521      325      622      200      215      486      0        787      109      170      146      257      620      614      324      173      139      
31       683      479      524      662      483      574      601      708      836      732      635      431      512      713      167      799      473      337      776      359      581      459      671      566      505      567      341      611      777      498      787      0        682      780      934      699      485      735      473      735      651      
32       145      284      423      155      201      383      511      220      169      181      383      251      478      109      579      118      468      471      292      515      529      367      332      313      465      272      542      135      195      387      109      682      0        161      255      252      560      598      215      135      31       
33       100      319      583      123      307      545      673      126      87       322      321      364      458      252      652      163      463      512      430      663      487      382      253      475      625      434      689      297      45       382      170      780      161      0        249      405      719      758      311      44       182      
34       329      527      589      350      456      533      646      374      163      258      569      504      698      234      834      137      697      721      321      724      734      604      503      477      635      444      754      336      291      614      146      934      255      249      0        345      735      687      471      275      286      
35       396      461      251      402      324      190      300      472      376      92       615      334      673      153      652      270      652      606      78       411      738      545      573      148      297      133      441      150      444      581      257      699      252      405      345      0        395      357      345      387      249      
36       661      581      145      654      463      204      138      727      724      477      785      419      757      510      541      634      721      607      449      134      836      634      776      259      99       294      145      427      744      684      620      485      560      719      735      395      0        254      475      684      537      
37       732      725      244      732      586      238      138      806      733      448      914      562      926      509      770      628      895      802      366      375      1002     795      888      304      240      343      394      470      794      842      614      735      598      758      687      357      254      0        603      734      586      
38       221      122      372      205      20       365      481      269      363      326      314      59       333      277      363      334      309      270      415      385      403      202      301      302      399      268      405      200      316      243      324      473      215      311      471      345      475      603      0        267      185      
39       58       276      551      81       263      516      644      104      119      309      295      320      425      236      608      169      426      470      419      624      459      342      232      445      591      404      648      267      60       344      173      735      135      44       275      387      684      734      267      0        150      
40       147      260      402      152      170      366      494      223      199      187      373      219      459      118      548      149      447      444      296      487      513      344      326      295      443      254      514      117      210      367      139      651      31       182      286      249      537      586      185      150      0        
;



Table delta(i,j)                 Distance
         0        1        2        3        4        5        6        7        8        9        10       11       12       13       14       15       16       17       18       19       20       21       22       23       24       25       26       27       28       29       30       31       32       33       34       35       36       37       38       39       40       
0        0        197      289      393      315      137      288      236      20       250      419      233      217      173      340      214      452      112      159      334      137      119      164      337      294      242      476      274      414      309      339      223      187      35       349      173      293      418      300      205      227      
1        197      0        92       227      129      85       92       243      216      56       225      137      222      163      164      222      264      84       73       222      204      153      62       158      276      218      298      121      219      215      170      158      230      207      210      23       102      249      175      37       113      
2        289      92       0        165      77       165      29       288      308      48       134      178      270      233      102      272      178      177      154      207      276      230      144      93       304      255      219      105      128      214      113      207      290      297      176      116      51       182      181      99       154      
3        393      227      165      0        230      255      193      275      413      209      116      342      268      388      64       271      96       295      301      116      319      292      290      72       257      236      88       118      125      146      57       371      306      387      69       245      213      25       345      252      318      
4        315      129      77       230      0        214      50       358      332      74       162      139      338      213      171      339      215      206      159      284      332      282      152      162      379      327      266      183      151      292      185      171      353      331      252      149      29       243      117      110      121      
5        137      85       165      255      214      0        174      172      157      139      287      197      150      187      203      150      316      54       107      209      119      68       102      200      216      156      338      137      284      189      202      206      149      136      216      68       186      280      248      113      177      
6        288      92       29       193      50       174      0        309      307      37       148      154      290      215      130      292      196      176      143      236      289      241      133      121      329      277      241      133      140      242      142      184      307      300      206      116      22       208      152      87       131      
7        236      243      288      275      358      172      309      0        249      285      363      369      21       355      259      23       367      221      280      166      100      126      274      263      59       39       362      195      365      133      248      379      53       207      208      234      328      298      417      278      349      
8        20       216      308      413      332      157      307      249      0        269      438      246      231      182      360      228      472      131      175      353      149      136      181      357      307      258      496      294      434      327      359      234      199      42       368      192      311      437      313      223      241      
9        250      56       48       209      74       139      37       285      269      0        181      133      265      185      144      266      226      138      107      233      257      207      97       136      311      256      267      127      174      233      153      162      279      262      209      78       46       227      149      51       109      
10       419      225      134      116      162      287      148      363      438      181      0        298      350      363      103      353      54       308      289      223      381      342      278      100      358      324      109      171      12       247      115      330      382      423      176      248      159      113      279      233      277      
11       233      137      178      342      139      197      154      369      246      133      298      0        347      81       278      347      349      156      91       358      306      257      95       269      409      350      395      254      288      353      287      32       345      261      341      137      139      360      67       101      25       
12       217      222      270      268      338      150      290      21       231      265      350      347      0        333      247      4        357      199      258      164      84       105      252      250      76       35       356      181      352      131      237      357      43       191      202      213      309      291      396      257      327      
13       173      163      233      388      213      187      215      355      182      185      363      81       333      0        324      331      411      134      90       381      275      231      101      317      403      343      452      284      354      369      331      57       320      206      373      150      205      409      145      137      92       
14       340      164      102      64       171      203      130      259      360      144      103      278      247      324      0        250      116      237      237      127      283      249      226      9        255      220      136      71       107      147      14       306      280      338      85       184      151      85       283      187      253      
15       214      222      272      271      339      150      292      23       228      266      353      347      4        331      250      0        360      198      257      168      80       103      252      253      79       39       359      183      355      135      240      356      39       187      205      212      310      295      396      257      326      
16       452      264      178      96       215      316      196      367      472      226      54       349      357      411      116      360      0        344      332      212      399      365      321      116      353      328      56       187      66       241      122      380      393      452      165      286      209      81       332      277      327      
17       112      84       177      295      206      54       176      221      131      138      308      156      199      134      237      198      344      0        65       260      150      101      64       232      268      209      373      178      303      242      238      160      190      125      262      61       182      319      215      96       140      
18       159      73       154      301      159      107      143      280      175      107      289      91       258      90       237      257      332      65       0        291      215      166      11       231      323      263      369      194      282      279      243      99       254      180      283      60       142      322      150      56       75       
19       334      222      207      116      284      209      236      166      353      233      223      358      164      381      127      168      212      260      291      0        231      219      281      135      142      129      198      105      229      33       112      380      206      319      47       231      258      136      382      257      333      
20       137      204      276      319      332      119      289      100      149      257      381      306      84       275      283      80       399      150      215      231      0        51       213      284      159      115      408      212      381      200      277      309      50       107      260      187      303      344      364      232      290      
21       119      153      230      292      282      68       241      126      136      207      342      257      105      231      249      103      365      101      166      219      51       0        163      248      180      125      379      178      340      191      244      262      89       100      239      136      254      317      313      181      240      
22       164      62       144      290      152      102      133      274      181      97       278      95       252      101      226      252      321      64       11       281      213      163      0        220      316      256      358      183      271      270      232      106      250      184      272      50       133      311      150      46       76       
23       337      158      93       72       162      200      121      263      357      136      100      269      250      317      9        253      116      232      231      135      284      248      220      0        261      224      140      72       102      154      23       298      282      336      94       178      142      92       273      180      245      
24       294      276      304      257      379      216      329      59       307      311      358      409      76       403      255      79       353      268      323      142      159      180      316      261      0        59       340      202      362      112      242      422      112      266      188      271      349      278      451      312      387      
25       242      218      255      236      327      156      277      39       258      256      324      350      35       343      220      39       328      209      263      129      115      125      256      224      59       0        324      158      327      96       209      362      78       218      169      212      297      259      393      254      328      
26       476      298      219      88       266      338      241      362      496      267      109      395      356      452      136      359      56       373      369      198      408      379      358      140      340      324      0        203      121      230      136      426      395      472      154      319      257      64       384      316      372      
27       274      121      105      118      183      137      133      195      294      127      171      254      181      284      71       183      187      178      194      105      212      178      183      72       202      158      203      0        172      109      66       278      211      269      89       134      155      143      276      154      229      
28       414      219      128      125      151      284      140      365      434      174      12       288      352      354      107      355      66       303      282      229      381      340      271      102      362      327      121      172      0        252      119      320      383      419      182      243      149      123      267      225      267      
29       309      215      214      146      292      189      242      133      327      233      247      353      131      369      147      135      241      242      279      33       200      191      270      154      112      96       230      109      252      0        133      373      173      292      77       220      264      167      382      251      328      
30       339      170      113      57       185      202      142      248      359      153      115      287      237      331      14       240      122      238      243      112      277      244      232      23       242      209      136      66       119      133      0        315      271      336      70       188      163      80       295      194      263      
31       223      158      207      371      171      206      184      379      234      162      330      32       357      57       306      356      380      160      99       380      309      262      106      298      422      362      426      278      320      373      315      0        351      253      366      153      170      389      88       124      53       
32       187      230      290      306      353      149      307      53       199      279      382      345      43       320      280      39       393      190      254      206      50       89       250      282      112      78       395      211      383      173      271      351      0        157      242      216      324      330      398      262      326      
33       35       207      297      387      331      136      300      207      42       262      423      261      191      206      338      187      452      125      180      319      107      100      184      336      266      218      472      269      419      292      336      253      157      0        338      184      307      412      326      221      252      
34       349      210      176      69       252      216      206      208      368      209      176      341      202      373      85       205      165      262      283      47       260      239      272      94       188      169      154      89       182      77       70       366      242      338      0        223      228      90       356      242      316      
35       173      23       116      245      149      68       116      234      192      78       248      137      213      150      184      212      286      61       60       231      187      136      50       178      271      212      319      134      243      220      188      153      216      184      223      0        124      268      183      45       115      
36       293      102      51       213      29       186      22       328      311      46       159      139      309      205      151      310      209      182      142      258      303      254      133      142      349      297      257      155      149      264      163      170      324      307      228      124      0        227      132      88       118      
37       418      249      182      25       243      280      208      298      437      227      113      360      291      409      85       295      81       319      322      136      344      317      311      92       278      259      64       143      123      167      80       389      330      412      90       268      227      0        359      272      336      
38       300      175      181      345      117      248      152      417      313      149      279      67       396      145      283      396      332      215      150      382      364      313      150      273      451      393      384      276      267      382      295      88       398      326      356      183      132      359      0        139      75       
39       205      37       99       252      110      113      87       278      223      51       233      101      257      137      187      257      277      96       56       257      232      181      46       180      312      254      316      154      225      251      194      124      262      221      242      45       88       272      139      0        77       
40       227      113      154      318      121      177      131      349      241      109      277      25       327      92       253      326      327      140      75       333      290      240      76       245      387      328      372      229      267      328      263      53       326      252      316      115      118      336      75       77       0        
;

