
sets
i        orders          /0*40/
k        routes          /1*40/
p        positions       /0*40/
;

alias(i,j)
alias(i,h)
alias(i,hh)
alias(i,jj)
alias(k,kk)
                
                    Parameters

rho(i)	Processing time
/
0	0
1	45
2	2
3	49
4	23
5	27
6	8
7	45
8	51
9	46
10	77
11	57
12	89
13	19
14	14
15	89
16	56
17	73
18	97
19	72
20	80
21	40
22	78
23	90
24	98
25	35
26	52
27	19
28	13
29	31
30	49
31	63
32	10
33	28
34	3
35	40
36	21
37	8
38	84
39	71
40	18
/

gamma(i)	Duedate
/
0	0
1	9
2	12
3	25
4	74
5	16
6	2
7	26
8	25
9	87
10	75
11	86
12	30
13	60
14	24
15	47
16	51
17	46
18	74
19	35
20	2
21	24
22	42
23	99
24	22
25	22
26	65
27	54
28	51
29	17
30	28
31	96
32	22
33	50
34	59
35	45
36	54
37	78
38	20
39	63
40	18
/

sigma(i)	Size
/
0	0
1	7
2	9
3	3
4	3
5	4
6	1
7	8
8	9
9	9
10	8
11	9
12	2
13	5
14	9
15	1
16	9
17	7
18	2
19	2
20	4
21	6
22	1
23	6
24	8
25	7
26	5
27	4
28	2
29	9
30	5
31	7
32	1
33	2
34	5
35	5
36	5
37	1
38	3
39	9
40	5
/

epsilon(i)	Priority
/
0	0
1	9
2	1
3	4
4	1
5	6
6	5
7	1
8	7
9	7
10	4
11	7
12	2
13	6
14	8
15	5
16	4
17	5
18	8
19	5
20	5
21	3
22	7
23	3
24	3
25	7
26	6
27	4
28	3
29	8
30	5
31	3
32	6
33	3
34	9
35	8
36	8
37	1
38	4
39	1
40	6
/

psi	Vehicle Capacity
/ 40 /
;

Table kappa(i,j)                 Setup
         0        1        2        3        4        5        6        7        8        9        10       11       12       13       14       15       16       17       18       19       20       21       22       23       24       25       26       27       28       29       30       31       32       33       34       35       36       37       38       39       40       
0        0        332      251      397      189      417      247      316      514      403      439      403      403      330      283      190      443      355      428      306      347      314      342      418      349      350      244      237      399      269      389      425      243      257      379      485      336      85       193      461      342      
1        332      0        157      595      504      620      245      626      670      600      343      648      603      202      89       370      677      83       232      638      53       463      634      523      520      629      541      259      519      244      620      617      212      566      154      160      544      319      524      662      34       
2        251      157      0        439      385      464      301      567      513      609      231      634      447      309      68       369      524      126      179      540      135      306      589      367      363      487      411      307      362      311      613      461      271      441      128      263      391      202      421      506      188      
3        397      595      439      0        277      24       631      555      127      757      411      718      7        694      508      583      97       558      511      404      573      136      609      153      79       168      223      625      131      651      720      28       618      251      524      688      61       330      344      68       623      
4        189      504      385      277      0        289      433      283      405      482      501      441      281      520      437      339      288      507      538      169      507      263      335      364      266      172      64       421      339      455      443      305      432      67       510      644      223      186      70       327      519      
5        417      620      464      24       289      0        654      564      118      771      432      730      17       717      532      602      77       583      535      408      598      160      619      170      103      166      232      647      149      674      733      21       640      259      549      713      82       352      355      44       648      
6        247      245      301      631      433      654      0        440      739      358      533      419      639      102      273      153      687      318      455      511      292      526      431      618      573      597      491      17       605      21       387      659      33       500      380      395      571      301      419      698      228      
7        316      626      567      555      283      564      440      0        682      262      745      183      558      542      594      287      544      664      744      176      651      543      59       647      550      413      332      423      622      458      202      581      459      305      694      785      505      383      213      596      626      
8        514      670      513      127      405      118      739      682      0        884      424      846      123      792      581      703      167      621      545      527      640      214      737      154      166      283      350      734      151      758      848      100      722      377      575      741      184      441      472      97       701      
9        403      600      609      757      482      771      358      262      884      0        829      101      762      442      606      240      768      664      785      431      642      706      208      813      730      643      543      343      791      366      66       785      390      528      717      753      699      489      422      810      585      
10       439      343      231      411      501      432      533      745      424      829      0        842      417      531      270      592      508      265      135      671      294      289      778      273      336      530      498      539      286      542      825      419      502      535      196      345      390      362      559      462      377      
11       403      648      634      718      441      730      419      183      846      101      842      0        723      511      642      278      718      705      813      359      686      685      124      792      702      589      498      402      769      431      37       746      448      476      751      807      664      486      374      766      639      
12       403      603      447      7        281      17       639      558      123      762      417      723      0        701      515      590      91       566      518      406      581      143      613      157      86       168      226      633      136      659      725      23       625      254      532      696      68       338      348      60       631      
13       330      202      309      694      520      717      102      542      792      442      531      511      701      0        261      255      758      285      432      610      255      577      531      660      628      678      574      119      650      83       477      720      89       588      355      328      635      368      513      761      174      
14       283      89       68       508      437      532      273      594      581      606      270      642      515      261      0        367      591      71       182      584      70       374      610      433      432      550      469      282      430      278      617      529      240      497      110      206      458      251      466      574      121      
15       190      370      369      583      339      602      153      287      703      240      592      278      590      255      367      0        620      429      545      378      409      504      277      607      539      511      402      136      589      171      250      612      176      402      478      529      522      272      304      645      362      
16       443      677      524      97       288      77       687      544      167      768      508      718      91       758      591      620      0        646      607      377      659      229      601      247      174      130      225      679      227      708      725      95       677      242      616      778      133      390      346      70       703      
17       355      83       126      558      507      583      318      664      621      664      265      705      566      285      71       429      646      0        149      655      30       423      678      469      480      613      536      330      469      320      679      578      285      565      72       137      513      321      538      624      115      
18       428      232      179      511      538      535      455      744      545      785      135      813      518      432      182      545      607      149      0        702      179      378      768      391      433      605      550      465      398      460      791      525      422      584      77       210      478      368      584      570      264      
19       306      638      540      404      169      408      511      176      527      431      671      359      406      610      584      378      377      655      702      0        651      424      235      519      416      247      190      496      493      533      375      428      521      155      667      789      363      337      118      435      648      
20       347      53       135      573      507      598      292      651      640      642      294      686      581      255      70       409      659      30       179      651      0        438      664      490      496      620      539      305      489      293      659      594      259      567      102      137      526      321      534      639      85       
21       314      463      306      136      263      160      526      543      214      706      289      685      143      577      374      504      229      423      378      424      438      0        591      107      57       243      234      522      85       544      680      155      508      272      388      552      101      233      332      200      492      
22       342      634      589      609      335      619      431      59       737      208      778      124      613      531      610      277      601      678      768      235      664      591      0        696      601      471      387      413      671      448      145      636      454      361      714      794      558      416      265      652      630      
23       418      523      367      153      364      170      618      647      154      813      273      792      157      660      433      607      247      469      391      519      490      107      696      0        103      309      328      616      26       635      787      152      597      364      421      587      162      335      434      191      555      
24       349      520      363      79       266      103      573      550      166      730      336      702      86       628      432      539      174      480      433      416      496      57       601      103      0        209      225      568      77       592      700      97       556      260      445      610      60       274      336      143      549      
25       350      629      487      168      172      166      597      413      283      643      530      589      168      678      550      511      130      613      605      247      620      243      471      309      209      0        109      587      284      619      597      187      592      115      598      750      149      316      222      188      650      
26       244      541      411      223      64       232      491      332      350      543      498      498      226      574      469      402      225      536      550      190      539      234      387      328      225      109      0        480      302      512      502      249      487      37       531      674      175      222      123      267      560      
27       237      259      307      625      421      647      17       423      734      343      539      402      633      119      282      136      679      330      465      496      305      522      413      616      568      587      480      0        602      36       370      653      47       488      391      410      565      295      405      692      243      
28       399      519      362      131      339      149      605      622      151      791      286      769      136      650      430      589      227      469      398      493      489      85       671      26       77       284      302      602      0        622      764      134      585      338      424      590      136      317      409      175      551      
29       269      244      311      651      455      674      21       458      758      366      542      431      659      83       278      171      708      320      460      533      293      544      448      635      592      619      512      36       622      0        398      679      40       522      384      390      591      321      441      718      224      
30       389      620      613      720      443      733      387      202      848      66       825      37       725      477      617      250      725      679      791      375      659      680      145      787      700      597      502      370      764      398      0        748      416      483      727      777      664      473      379      770      609      
31       425      617      461      28       305      21       659      581      100      785      419      746      23       720      529      612      95       578      525      428      594      155      636      152      97       187      249      653      134      679      748      0        645      277      541      706      89       358      372      45       646      
32       243      212      271      618      432      640      33       459      722      390      502      448      625      89       240      176      677      285      422      521      259      508      454      597      556      592      487      47       585      40       416      645      0        499      347      363      558      288      423      685      195      
33       257      566      441      251      67       259      500      305      377      528      535      476      254      588      497      402      242      565      584      155      567      272      361      364      260      115      37       488      338      522      483      277      499      0        563      703      207      247      106      291      583      
34       379      154      128      524      510      549      380      694      575      717      196      751      532      355      110      478      616      72       77       667      102      388      714      421      445      598      531      391      424      384      727      541      347      563      0        166      484      330      549      587      187      
35       485      160      263      688      644      713      395      785      741      753      345      807      696      328      206      529      778      137      210      789      137      552      794      587      610      750      674      410      590      390      777      706      363      703      166      0        646      458      672      752      168      
36       336      544      391      61       223      82       571      505      184      699      390      664      68       635      458      522      133      513      478      363      526      101      558      162      60       149      175      565      136      591      664      89       558      207      484      646      0        270      292      126      571      
37       85       319      202      330      186      352      301      383      441      489      362      486      338      368      251      272      390      321      368      337      321      233      416      335      274      316      222      295      317      321      473      358      288      247      330      458      270      0        219      397      337      
38       193      524      421      344      70       355      419      213      472      422      559      374      348      513      466      304      346      538      584      118      534      332      265      434      336      222      123      405      409      441      379      372      423      106      549      672      292      219      0        391      535      
39       461      662      506      68       327      44       698      596      97       810      462      766      60       761      574      645      70       624      570      435      639      200      652      191      143      188      267      692      175      718      770      45       685      291      587      752      126      397      391      0        690      
40       342      34       188      623      519      648      228      626      701      585      377      639      631      174      121      362      703      115      264      648      85       492      630      555      549      650      560      243      551      224      609      646      195      583      187      168      571      337      535      690      0        
;



Table delta(i,j)                 Distance
         0        1        2        3        4        5        6        7        8        9        10       11       12       13       14       15       16       17       18       19       20       21       22       23       24       25       26       27       28       29       30       31       32       33       34       35       36       37       38       39       40       
0        0        76       231      369      307      336      339      246      293      234      281      473      156      218      247      252      182      477      511      439      224      360      367      277      296      155      333      137      279      89       119      224      455      323      151      270      177      128      400      376      278      
1        76       0        173      307      251      285      263      171      217      191      209      400      108      147      178      180      107      402      436      363      182      320      320      203      260      109      259      74       202      83       85       154      383      251      97       194      107      76       343      315      210      
2        231      173      0        138      322      364      223      181      136      304      227      374      239      65       56       210      156      353      379      260      299      421      405      110      374      78       142      197      158      253      241      62       365      259      224      181      189      216      397      361      68       
3        369      307      138      0        393      433      239      252      162      401      285      364      352      167      135      281      260      326      342      198      399      499      474      148      465      216      120      315      202      384      365      160      364      300      338      236      294      336      446      409      104      
4        307      251      322      393      0        41       176      144      230      85       107      216      151      258      278      114      173      248      282      303      95       107      83       245      93       314      279      176      191      227      190      262      193      107      156      156      150      179      92       72       298      
5        336      285      364      433      41       0        211      186      270      103      147      227      180      299      320      155      213      265      297      334      114      69       41       286      78       353      318      211      231      252      217      303      203      141      188      197      188      210      71       68       339      
6        339      263      223      239      176      211      0        95       89       223      82       151      224      167      167      102      157      140      173      130      227      281      249      115      265      259      119      212      69       295      258      166      141      70       216      69       171      231      210      173      169      
7        246      171      181      252      144      186      95       0        94       153      48       230      132      116      134      30       64       231      265      214      154      249      228      103      213      189      147      117      56       200      164      119      214      86       123      27       76       136      216      180      153      
8        293      217      136      162      230      270      89       94       0        248      123      237      217      88       80       122      127      217      245      146      248      337      311      26       306      183      53       190      40       271      242      85       230      140      205      74       156      211      286      248      80       
9        234      191      304      401      85       103      223      153      248      0        141      296      83       244      272      128      147      322      357      353      10       129      132      254      71       275      301      121      209      148      115      250      273      163      94       176      114      114      172      157      298      
10       281      209      227      285      107      147      82       48       123      141      0        192      147      162      177      29       105      200      236      212      145      214      189      139      188      237      172      145      83       224      185      165      173      42       142      50       104      160      170      133      193      
11       473      400      374      364      216      227      151      230      237      296      192      0        334      319      317      221      294      52       74       182      305      286      246      264      304      410      251      337      220      413      374      318      23       150      331      212      296      351      178      159      315      
12       156      108      239      352      151      180      224      132      217      83       147      334      0        186      217      121      93       348      383      346      73       212      214      215      152      198      269      42       185      79       40       193      313      185      15       160      61       31       243      220      247      
13       218      147      65       167      258      299      167      116      88       244      162      319      186      0        32       145      97       303      333      230      241      358      341      65       313      95       116      148      98       218      197      7        308      195      172      117      131      169      332      296      64       
14       247      178      56       135      278      320      167      134      80       272      177      317      217      32       0        164      126      296      324      211      269      381      361      53       339      112      93       180      102      250      229      25       309      206      203      129      161      201      348      311      32       
15       252      180      210      281      114      155      102      30       122      128      29       221      121      145      164      0        76       228      264      229      129      218      197      133      184      213      174      116      82       196      158      148      203      71       115      49       75       132      188      153      184      
16       182      107      156      260      173      213      157      64       127      147      105      294      93       97       126      76       0        295      329      266      143      266      254      122      217      141      178      62       101      145      114      103      277      146      79       87       34       84       258      226      155      
17       477      402      353      326      248      265      140      231      217      322      200      52       348      303      296      228      295      0        35       135      329      328      288      243      339      397      221      345      208      424      386      301      69       163      343      208      303      361      223      200      289      
18       511      436      379      342      282      297      173      265      245      357      236      74       383      333      324      264      329      35       0        145      364      359      319      271      373      427      243      380      240      460      422      330      96       199      379      242      338      397      251      231      314      
19       439      363      260      198      303      334      130      214      146      353      212      182      346      230      211      229      266      135      145      0        357      404      369      165      394      323      118      327      164      411      377      225      190      196      336      186      288      348      317      284      191      
20       224      182      299      399      95       114      227      154      248      10       145      305      73       241      269      129      143      329      364      357      0        138      143      253      78       269      301      113      210      138      105      247      282      169      86       178      110      105      183      167      296      
21       360      320      421      499      107      69       281      249      337      129      214      286      212      358      381      218      266      328      359      404      138      0        40       351      64       402      386      250      297      271      242      363      263      211      223      263      237      244      110      128      402      
22       367      320      405      474      83       41       249      228      311      132      189      246      214      341      361      197      254      288      319      369      143      40       0        327      84       393      359      247      272      280      248      345      223      179      223      238      228      245      70       88       381      
23       277      203      110      148      245      286      115      103      26       254      139      264      215      65       53       133      122      243      271      165      253      351      327      0        316      159      57       184      56       263      236      61       256      161      201      89       154      206      306      268      56       
24       296      260      374      465      93       78       265      213      306      71       188      304      152      313      339      184      217      339      373      394      78       64       84       316      0        347      358      192      266      207      179      318      280      197      164      232      185      183      146      147      364      
25       155      109      78       216      314      353      259      189      183      275      237      410      198      95       112      213      141      397      427      323      269      402      393      159      347      0        206      156      189      192      189      98       397      276      184      200      165      170      399      365      137      
26       333      259      142      120      279      318      119      147      53       301      172      251      269      116      93       174      178      221      243      118      301      386      359      57       358      206      0        240      91       320      292      110      248      182      256      125      207      262      327      289      73       
27       137      74       197      315      176      211      212      117      190      121      145      337      42       148      180      116      62       345      380      327      113      250      247      184      192      156      240      0        163      83       52       155      318      186      28       144      42       22       269      241      211      
28       279      202      158      202      191      231      69       56       40       209      83       220      185      98       102      82       101      208      240      164      210      297      272      56       266      189      91       163      0        246      214      98       209      104      174      34       125      184      249      211      112      
29       89       83       253      384      227      252      295      200      271      148      224      413      79       218      250      196      145      424      460      411      138      271      280      263      207      192      320      83       246      0        38       225      392      262      81       227      124      64       319      298      282      
30       119      85       241      365      190      217      258      164      242      115      185      374      40       197      229      158      114      386      422      377      105      242      248      236      179      189      292      52       214      38       0        204      353      224      43       192      89       30       282      260      261      
31       224      154      62       160      262      303      166      119      85       250      165      318      193      7        25       148      103      301      330      225      247      363      345      61       318      98       110      155      98       225      204      0        308      197      178      119      137      176      335      299      57       
32       455      383      365      364      193      203      141      214      230      273      173      23       313      308      309      203      277      69       96       190      282      263      223      256      280      397      248      318      209      392      353      308      0        132      311      197      277      331      155      136      309      
33       323      251      259      300      107      141      70       86       140      163      42       150      185      195      206      71       146      163      199      196      169      211      179      161      197      276      182      186      104      262      224      197      132      0        181      78       145      200      146      108      217      
34       151      97       224      338      156      188      216      123      205      94       142      331      15       172      203      115      79       343      379      336      86       223      223      201      164      184      256      28       174      81       43       178      311      181      0        150      49       22       249      224      233      
35       270      194      181      236      156      197      69       27       74       176      50       212      160      117      129      49       87       208      242      186      178      263      238      89       232      200      125      144      34       227      192      119      197      78       150      0        103      164      219      182      143      
36       177      107      189      294      150      188      171      76       156      114      104      296      61       131      161      75       34       303      338      288      110      237      228      154      185      165      207      42       125      124      89       137      277      145      49       103      0        60       240      209      189      
37       128      76       216      336      179      210      231      136      211      114      160      351      31       169      201      132      84       361      397      348      105      244      245      206      183      170      262      22       184      64       30       176      331      200      22       164      60       0        272      247      232      
38       400      343      397      446      92       71       210      216      286      172      170      178      243      332      348      188      258      223      251      317      183      110      70       306      146      399      327      269      249      319      282      335      155      146      249      219      240      272      0        37       362      
39       376      315      361      409      72       68       173      180      248      157      133      159      220      296      311      153      226      200      231      284      167      128      88       268      147      365      289      241      211      298      260      299      136      108      224      182      209      247      37       0        324      
40       278      210      68       104      298      339      169      153      80       298      193      315      247      64       32       184      155      289      314      191      296      402      381      56       364      137      73       211      112      282      261      57       309      217      233      143      189      232      362      324      0        
;

