

sets
i        orders          /0*20/
k        routes          /1*20/
p        positions       /0*20/
;

alias(i,j)
alias(i,h)
alias(i,hh)
alias(i,jj)
alias(k,kk)
                            Parameters

rho(i)	Processing time
/
0	0
1	74
2	11
3	64
4	90
5	89
6	88
7	63
8	47
9	8
10	20
11	21
12	25
13	47
14	89
15	60
16	47
17	74
18	88
19	67
20	49
/

gamma(i)	Duedate
/
0	0
1	36
2	24
3	87
4	70
5	89
6	38
7	49
8	62
9	35
10	82
11	42
12	11
13	78
14	81
15	57
16	76
17	51
18	26
19	36
20	88
/

sigma(i)	Size
/
0	0
1	4
2	5
3	3
4	3
5	6
6	2
7	9
8	6
9	1
10	9
11	9
12	6
13	1
14	2
15	9
16	8
17	2
18	6
19	2
20	8
/

epsilon(i)	Priority
/
0	0
1	8
2	8
3	8
4	2
5	7
6	8
7	2
8	6
9	5
10	6
11	9
12	8
13	3
14	8
15	1
16	1
17	5
18	4
19	2
20	7
/

psi	Vehicle Capacity
/ 85 /
;

Table kappa(i,j)                 Setup
         0        1        2        3        4        5        6        7        8        9        10       11       12       13       14       15       16       17       18       19       20       
0        0        162      157      47       47       132      23       209      36       126      46       185      118      61       121      135      65       63       108      92       75       
1        162      0        67       158      192      225      175      125      127      37       137      129      49       195      185      112      114      204      168      204      174      
2        157      67       0        172      198      176      160      65       131      72       151      62       51       207      133      51       93       213      119      166      139      
3        47       158      172      0        37       180      69       232      43       121      21       213      125      37       166      164      93       47       151      140      121      
4        47       192      198      37       0        171      61       254      67       155      55       231      154      16       166      182      110      15       154      130      118      
5        132      225      176      180      171      0        111      189      152      200      174      156      177      187      43       126      120      184      57       41       61       
6        23       175      160      69       61       111      0        208      55       139      69       181      128      77       104      132      67       76       93       70       57       
7        209      125      65       232      254      189      208      0        189      137      212      33       116      264      147      76       144      270      139      192      171      
8        36       127      131      43       67       152      55       189      0        90       26       169      87       75       130      121      50       82       113      115      90       
9        126      37       72       121      155      200      139      137      90       0        100      133      27       159      163      102      83       168      145      175      145      
10       46       137      151      21       55       174      69       212      26       100      0        193      103      58       155      146      76       67       139      135      113      
11       185      129      62       213      231      156      181      33       169      133      193      0        108      243      114      49       121      247      107      160      140      
12       118      49       51       125      154      177      128      116      87       27       103      108      0        161      138      74       64       168      120      155      125      
13       61       195      207      37       16       187      77       264      75       159      58       243      161      0        181      193      121      11       169      146      134      
14       121      185      133      166      166      43       104      147      130      163      155      114      138      181      0        82       89       180      18       51       47       
15       135      112      51       164      182      126      132      76       121      102      146      49       74       193      82       0        72       198      70       120      96       
16       65       114      93       93       110      120      67       144      50       83       76       121      64       121      89       72       0        126      71       92       62       
17       63       204      213      47       15       184      76       270      82       168      67       247      168      11       180      198      126      0        169      143      133      
18       108      168      119      151      154      57       93       139      113      145      139      107      120      169      18       70       71       169      0        53       38       
19       92       204      166      140      130      41       70       192      115      175      135      160      155      146      51       120      92       143      53       0        29       
20       75       174      139      121      118      61       57       171      90       145      113      140      125      134      47       96       62       133      38       29       0        
;



Table delta(i,j)                 Distance
         0        1        2        3        4        5        6        7        8        9        10       11       12       13       14       15       16       17       18       19       20       
0        0        134      139      116      93       57       131      44       117      28       81       68       61       61       109      155      69       101      45       64       101      
1        134      0        7        18       185      190      21       128      130      129      89       177      192      193      174      143      200      193      174      69       148      
2        139      7        0        23       188      196      18       132      130      134      91       181      198      198      176      141      205      200      179      75       149      
3        116      18       23       0        168      173      20       110      116      111      72       159      175      175      157      133      182      181      156      52       131      
4        93       185      188      168      0        77       173      62       85       71       98       28       70       75       35       119      71       183      65       128      54       
5        57       190      196      173      77       0        185      74       141      64       124      50       8        4        108      180      13       112      19       121      115      
6        131      21       18       20       173      185      0        119      112      122      75       167      187      187      158      122      194      200      168      68       131      
7        44       128      132      110      62       74       119      0        74       16       50       49       73       75       68       113      79       146      55       66       56       
8        117      130      130      116      85       141      112      74       0        90       51       98       138      141      56       39       142      218      123      103      31       
9        28       129      134      111      71       64       122      16       90       0        60       51       64       65       82       129      71       129      46       63       73       
10       81       89       91       72       98       124      75       50       51       60       0        95       123      125      85       82       129      176      105      51       59       
11       68       177      181      159      28       50       167      49       98       51       95       0        44       48       58       135      46       155      36       114      68       
12       61       192      198      175      70       8        187      73       138      64       123      44       0        4        102      176      7        120      18       123      110      
13       61       193      198      175      75       4        187      75       141      65       125      48       4        0        107      180      9        116      20       123      114      
14       109      174      176      157      35       108      158      68       56       82       85       58       102      107      0        86       104      207      93       126      27       
15       155      143      141      133      119      180      122      113      39       129      82       135      176      180      86       0        180      256      162      132      66       
16       69       200      205      182      71       13       194      79       142      71       129      46       7        9        104      180      0        125      26       131      114      
17       101      193      200      181      183      112      200      146      218      129      176      155      120      116      207      256      125      0        119      138      202      
18       45       174      179      156      65       19       168      55       123      46       105      36       18       20       93       162      26       119      0        105      97       
19       64       69       75       52       128      121      68       66       103      63       51       114      123      123      126      132      131      138      105      0        105      
20       101      148      149      131      54       115      131      56       31       73       59       68       110      114      27       66       114      202      97       105      0        
;

