
sets
i        orders          /0*10/
k        routes          /1*10/
p        positions       /0*10/
;

alias(i,j)
alias(i,h)
alias(i,hh)
alias(i,jj)
alias(k,kk)
                
                    Parameters

rho(i)	Processing time
/
0	0
1	42
2	92
3	30
4	79
5	54
6	15
7	89
8	15
9	19
10	22
/

gamma(i)	Duedate
/
0	0
1	55
2	59
3	28
4	79
5	36
6	55
7	80
8	84
9	62
10	88
/

sigma(i)	Size
/
0	0
1	5
2	5
3	8
4	6
5	6
6	1
7	1
8	6
9	6
10	8
/

epsilon(i)	Priority
/
0	0
1	3
2	1
3	3
4	3
5	5
6	6
7	9
8	3
9	3
10	6
/

psi	Vehicle Capacity
/ 24 /
;

Table kappa(i,j)                 Setup
         0        1        2        3        4        5        6        7        8        9        10       
0        0        114      37       59       102      76       87       62       15       97       83       
1        114      0        79       94       12       63       36       66       98       106      72       
2        37       79       0        37       68       58       59       44       23       74       51       
3        59       94       37       0        87       94       87       80       51       38       31       
4        102      12       68       87       0        51       24       53       87       103      69       
5        76       63       58       94       51       0        27       14       64       125      93       
6        87       36       59       87       24       27       0        31       73       111      77       
7        62       66       44       80       53       14       31       0        49       113      83       
8        15       98       23       51       87       64       73       49       0        89       72       
9        97       106      74       38       103      125      111      113      89       0        34       
10       83       72       51       31       69       93       77       83       72       34       0        
;



Table delta(i,j)                 Distance
         0        1        2        3        4        5        6        7        8        9        10       
0        0        1830     1280     1470     1640     1650     2070     2320     550      910      390      
1        1830     0        99       147      78       92       52       89       196      111      188      
2        1280     99       0        183      142      153      148      184      167      37       153      
3        1470     147      183      0        72       61       128      130      114      158      119      
4        1640     78       142      72       0        13       56       70       154      132      152      
5        1650     92       153      61       13       0        67       74       150      140      150      
6        2070     52       148      128      56       67       0        37       206      152      202      
7        2320     89       184      130      70       74       37       0        224      186      222      
8        550      196      167      114      154      150      206      224      0        130      16       
9        910      111      37       158      132      140      152      186      130      0        115      
10       390      188      153      119      152      150      202      222      16       115      0        
;

