

sets
i        orders          /0*40/
k        routes          /1*40/
p        positions       /0*40/
;

alias(i,j)
alias(i,h)
alias(i,hh)
alias(i,jj)
alias(k,kk)
                            Parameters

rho(i)	Processing time
/
0	0
1	62
2	71
3	51
4	92
5	10
6	89
7	33
8	9
9	32
10	80
11	49
12	11
13	69
14	27
15	44
16	47
17	4
18	24
19	6
20	18
21	58
22	51
23	63
24	27
25	18
26	73
27	32
28	20
29	47
30	88
31	96
32	85
33	43
34	86
35	70
36	12
37	45
38	10
39	92
40	83
/

gamma(i)	Duedate
/
0	0
1	36
2	35
3	66
4	57
5	8
6	91
7	9
8	40
9	61
10	28
11	70
12	83
13	90
14	56
15	50
16	79
17	68
18	59
19	60
20	81
21	85
22	77
23	88
24	8
25	94
26	10
27	70
28	34
29	44
30	90
31	43
32	36
33	7
34	58
35	93
36	80
37	69
38	25
39	27
40	62
/

sigma(i)	Size
/
0	0
1	5
2	9
3	1
4	2
5	3
6	4
7	5
8	9
9	6
10	7
11	7
12	3
13	2
14	8
15	8
16	5
17	5
18	8
19	4
20	5
21	1
22	8
23	9
24	8
25	2
26	3
27	7
28	6
29	9
30	7
31	3
32	9
33	3
34	1
35	4
36	2
37	9
38	4
39	6
40	8
/

epsilon(i)	Priority
/
0	0
1	3
2	8
3	1
4	6
5	4
6	3
7	7
8	6
9	5
10	3
11	4
12	5
13	8
14	6
15	9
16	9
17	1
18	1
19	8
20	4
21	9
22	7
23	6
24	8
25	5
26	1
27	1
28	8
29	1
30	3
31	4
32	2
33	9
34	9
35	6
36	4
37	4
38	8
39	4
40	5
/

psi	Vehicle Capacity
/ 43 /
;

Table kappa(i,j)                 Setup
         0        1        2        3        4        5        6        7        8        9        10       11       12       13       14       15       16       17       18       19       20       21       22       23       24       25       26       27       28       29       30       31       32       33       34       35       36       37       38       39       40       
0        0        120      308      340      288      355      379      134      225      122      227      269      238      60       32       122      329      184      322      254      304      127      390      106      125      262      297      226      116      217      224      273      153      152      347      202      100      55       302      306      110      
1        120      0        231      220      177      263      259      124      150      136      150      191      164      62       153      205      219      72       231      173      216      118      280      124      153      150      189      161      42       146      185      194      117      94       251      140      51       166      190      208      64       
2        308      231      0        209      121      404      218      183      83       207      345      40       70       259      332      423      324      250      44       57       36       349      148      217      220      275      313      82       203      91       107      36       344      156      385      106      213      364      298      68       295      
3        340      220      209      0        92       223      41       283      197      307      226      195      200      280      372      413      139      172      169      187      172      299      116      305      327      128      144      219      231      206      268      194      275      231      204      222      248      386      124      141      258      
4        288      177      121      92       0        286      114      204      107      230      246      103      108      229      319      382      204      161      88       94       86       283      103      231      249      162      196      128      172      117      177      102      267      154      267      135      188      340      179      57       233      
5        355      263      404      223      286      0        249      383      355      398      129      376      364      314      383      358      84       193      374      360      371      244      340      388      416      132      91       375      302      358      418      377      211      340      19       365      314      374      106      343      245      
6        379      259      218      41       114      249      0        315      222      340      265      212      222      319      411      454      166      213      175      207      182      340      98       339      359      166      177      242      268      231      291      210      316      263      230      249      285      426      156      151      299      
7        134      124      183      283      204      383      315      0        109      26       275      148      119      105      153      256      328      190      207      138      189      221      295      33       44       259      302      101      82       99       89       152      231      52       369      80       75       188      298      201      174      
8        225      150      83       197      107      355      222      109      0        135      276      43       14       175      251      339      283      180      98       29       80       268      187      142      152      222      264      21       120      10       70       47       265      73       338      30       130      281      253      91       214      
9        122      136      207      307      230      398      340      26       135      0        285      173      144      104      136      244      347      205      232      163      214      221      321      16       20       277      319      126      96       124      108      177      235      76       385      105      85       173      317      226      178      
10       227      150      345      226      246      129      265      275      276      285      0        309      289      191      254      233      131      96       328      291      318      115      332      272      302      98       101      294      192      276      328      311      82       240      125      278      200      244      118      298      117      
11       269      191      40       195      103      376      212      148      43       173      309      0        30       219      294      383      299      214      59       18       42       309      159      181      188      245      285      47       163      52       85       4        305      117      358      68       174      325      271      65       255      
12       238      164      70       200      108      364      222      119      14       144      289      30       0        189      264      353      291      193      87       18       69       282      181      152      160      232      274      21       134      21       69       34       279      86       347      39       143      294      262      84       228      
13       60       62       259      280      229      314      319      105      175      104      191      219      189      0        92       164      278      131      268      203      251      117      331      88       116      210      247      179      58       167      188      223      132      103      304      155      45       111      250      250      76       
14       32       153      332      372      319      383      411      153      251      136      254      294      264      92       0        113      360      216      348      280      331      148      420      121      134      294      328      250      146      242      242      298      177      178      376      226      130      39       334      335      139      
15       122      205      423      413      382      358      454      256      339      244      233      383      353      164      113      0        360      241      431      367      415      121      485      228      246      307      328      343      220      332      345      387      153      267      357      319      209      74       341      411      154      
16       329      219      324      139      204      84       166      328      283      347      131      299      291      278      360      360      0        147      293      285      290      240      256      339      366      69       32       304      252      288      350      300      207      280      65       297      267      359      30       261      222      
17       184      72       250      172      161      193      213      190      180      205      96       214      193      131      216      241      147      0        237      196      226      127      258      195      224      79       117      198      108      180      234      216      107      149      180      182      121      222      119      208      87       
18       322      231      44       169      88       374      175      207      98       232      328      59       87       268      348      431      293      237      0        69       17       347      105      239      247      249      284      106      210      108      143      55       337      170      356      126      223      377      268      31       293      
19       254      173      57       187      94       360      207      138      29       163      291      18       18       203      280      367      285      196      69       0        51       292      162      170      179      229      269      39       146      38       85       21       287      102      343      57       157      310      257      66       237      
20       304      216      36       172      86       371      182      189      80       214      318      42       69       251      331      415      290      226      17       51       0        333      119      222      229      243      280      88       194      90       126      38       324      153      352      108      206      360      264      31       279      
21       127      118      349      299      283      244      340      221      268      221      115      309      282      117      148      121      240      127      347      292      333      0        384      205      232      187      207      279      152      264      298      313      33       207      240      257      150      131      220      322      54       
22       390      280      148      116      103      340      98       295      187      321      332      159      181      331      420      485      256      258      105      162      119      384      0        325      338      237      260      202      274      198      244      156      365      250      321      217      290      443      240      96       335      
23       106      124      217      305      231      388      339      33       142      16       272      181      152      88       121      228      339      195      239      170      222      205      325      0        29       269      311      135      87       131      121      186      220      76       375      113      73       158      309      232      163      
24       125      153      220      327      249      416      359      44       152      20       302      188      160      116      134      246      366      224      247      179      229      232      338      29       0        297      339      141      115      141      117      192      248      96       404      122      102      173      336      243      192      
25       262      150      275      128      162      132      166      259      222      277      98       245      232      210      294      307      69       79       249      229      243      187      237      269      297      0        43       243      182      226      287      246      158      213      115      234      197      297      40       218      159      
26       297      189      313      144      196      91       177      302      264      319      101      285      274      247      328      328      32       117      284      269      280      207      260      311      339      43       0        285      223      268      329      285      176      255      73       276      238      327      20       253      189      
27       226      161      82       219      128      375      242      101      21       126      294      47       21       179      250      343      304      198      106      39       88       279      202      135      141      243      285      0        127      17       49       51       278      75       358      23       135      282      275      105      225      
28       116      42       203      231      172      302      268      82       120      96       192      163      134      58       146      220      252      108      210      146      194      152      274      87       115      182      223      127      0        113      146      167      156      54       289      105      17       169      222      192      100      
29       217      146      91       206      117      358      231      99       10       124      276      52       21       167      242      332      288      180      108      38       90       264      198      131      141      226      268      17       113      0        63       56       262      65       341      19       123      273      258      102      210      
30       224      185      107      268      177      418      291      89       70       108      328      85       69       188      242      345      350      234      143      85       126      298      244      121      117      287      329      49       146      63       0        88       302      91       402      53       148      278      320      149      246      
31       273      194      36       194      102      377      210      152      47       177      311      4        34       223      298      387      300      216      55       21       38       313      156      186      192      246      285      51       167      56       88       0        308      121      359      72       177      329      272      62       258      
32       153      117      344      275      267      211      316      231      265      235      82       305      279      132      177      153      207      107      337      287      324      33       365      220      248      158      176      278      156      262      302      308      0        210      207      257      157      163      189      311      57       
33       152      94       156      231      154      340      263      52       73       76       240      117      86       103      178      267      280      149      170      102      153      207      250      76       96       213      255      75       54       65       91       121      210      0        325      52       59       208      250      159      154      
34       347      251      385      204      267      19       230      369      338      385      125      358      347      304      376      357      65       180      356      343      352      240      321      375      404      115      73       358      289      341      402      359      207      325      0        349      301      369      87       324      237      
35       202      140      106      222      135      365      249      80       30       105      278      68       39       155      226      319      297      182      126      57       108      257      217      113      122      234      276      23       105      19       53       72       257      52       349      0        111      258      267      121      203      
36       100      51       213      248      188      314      285      75       130      85       200      174      143      45       130      209      267      121      223      157      206      150      290      73       102      197      238      135      17       123      148      177      157      59       301      111      0        154      237      206      100      
37       55       166      364      386      340      374      426      188      281      173      244      325      294      111      39       74       359      222      377      310      360      131      443      158      173      297      327      282      169      273      278      329      163      208      369      258      154      0        335      361      137      
38       302      190      298      124      179      106      156      298      253      317      118      271      262      250      334      341      30       119      268      257      264      220      240      309      336      40       20       275      222      258      320      272      189      250      87       267      237      335      0        237      197      
39       306      208      68       141      57       343      151      201      91       226      298      65       84       250      335      411      261      208      31       66       31       322      96       232      243      218      253      105      192      102      149      62       311      159      324      121      206      361      237      0        269      
40       110      64       295      258      233      245      299      174      214      178      117      255      228      76       139      154      222      87       293      237      279      54       335      163      192      159      189      225      100      210      246      258      57       154      237      203      100      137      197      269      0        
;



Table delta(i,j)                 Distance
         0        1        2        3        4        5        6        7        8        9        10       11       12       13       14       15       16       17       18       19       20       21       22       23       24       25       26       27       28       29       30       31       32       33       34       35       36       37       38       39       40       
0        0        900      930      910      1370     1830     1790     1300     1520     1030     1180     230      370      1410     1740     730      830      1940     1060     820      1750     1620     440      1500     1150     1660     1020     1830     1700     1050     530      920      1130     740      1470     450      1530     510      300      650      1020     
1        900      0        93       122      148      223      188      153      141      41       86       68       54       121      177      45       117      245      84       160      220      128      134      151      74       198      182      219      229      29       143      164      45       132      174      120      166      49       89       120      145      
2        930      93       0        37       55       131      97       60       59       64       37       77       89       48       88       48       38       156      23       109      130      71       117      62       44       106      128      127      145      79       133      104      71       67       81       82       74       60       65       59       62       
3        910      122      37       0        46       101      87       39       71       99       73       84       102      71       83       77       8        123      60       77       98       98       99       63       81       79       95       99       109      113      117      70       107      36       57       63       61       78       61       34       25       
4        1370     148      55       46       0        83       43       18       36       115      73       126      142      49       37       104      54       114      66       117      87       73       145      20       86       56       130      78       112      131      163      105      120      79       34       109      18       113      106      79       53       
5        1830     223      131      101      83       0        70       71       113      195      156      182      202      132      82       177      107      34       147      122      15       153      171      94       168      26       121      7        50       210      186      107      201      109      50       141      70       180      156      118      82       
6        1790     188      97       87       43       70       0        49       53       152      107      169      185      74       14       145      95       104      104      148      81       89       184      38       120      48       157      63       114      168      201      135      156      116      43       148      25       156      148      119      86       
7        1300     153      60       39       18       71       49       0        54       123      85       123      140      66       49       108      47       99       76       101      73       91       134      37       97       45       113      67       95       139      152      89       130      66       21       98       24       114      100      69       37       
8        1520     141      59       71       36       113      53       54       0        102      56       137      148      21       39       102      78       146      57       148      120      39       169      18       69       87       163      107      147      118      187      138      105      108      67       133      43       118      122      105      86       
9        1030     41       64       99       115      195      152      123      102      0        46       80       76       81       140      32       97       221      48       156      195      86       143      114      33       169      178      191      209      16       156      156      10       120      145      120      133      52       90       109      125      
10       1180     86       37       73       73       156      107      85       56       46       0        98       103      35       94       52       75       185      14       145      158      45       149      69       13       129      165      151      178      62       164      141      48       104      106      117      90       73       94       96       98       
11       230      68       77       84       126      182      169      123      137      80       98       0        21       124      162      50       76       197      87       95       176      143      66       138      94       162      116      181      176      82       76       102      90       76       141      55       144      28       27       65       100      
12       370      54       89       102      142      202      185      140      148      76       103      21       0        133      177      51       95       218      95       116      196      149      82       151      96       181      137      200      197      73       89       123      85       97       159      76       160      31       48       86       120      
13       1410     121      48       71       49       132      74       66       21       81       35       124      133      0        61       84       76       163      38       149      137      26       164      38       48       105      166      126      161      97       181      141      83       107      83       129      62       102      113      103      91       
14       1740     177      88       83       37       82       14       49       39       140      94       162      177      61       0        135      91       116      92       150      93       75       182      26       108      59       161      76       125      156      200      137      143      115      48       146      24       148      143      116      86       
15       730      45       48       77       104      177      145      108      102      32       52       50       51       84       135      0        72       200      45       125      175      97       111      108      45       153      147      174      185      39       124      126      42       91       129      88       122      22       58       80       101      
16       830      117      38       8        54       107      95       47       78       97       75       76       95       76       91       72       0        127      61       73       103      103      92       71       82       86       91       105      112      110      109      66       106      31       64       55       70       72       53       26       28       
17       1940     245      156      123      114      34       104      99       146      221      185      197      218      163      116      200      127      0        175      123      26       185      174      127      196      59       116      41       31       235      188      109      228      121      80       150      102      199      170      131      100      
18       1060     84       23       60       66       147      104      76       57       48       14       87       95       38       92       45       61       175      0        131      149      55       135      66       21       121      151      143      166      64       151      127      53       90       97       103      84       64       81       82       85       
19       820      160      109      77       117      122      148      101      148      156      145      95       116      149      150      125      73       123      131      0        110      176      51       137      150      116      22       125      95       165      65       15       166      42       106      40       125      112      71       49       64       
20       1750     220      130      98       87       15       81       73       120      195      158      176      196      137      93       175      103      26       149      110      0        159      160      101      170      34       107      21       35       210      175      95       202      101      53       132      77       176      149      110      76       
21       1620     128      71       98       73       153      89       91       39       86       45       143      149      26       75       97       103      185      55       176      159      0        188      58       54       126      193      146      186      101      204      168      85       134      106      153      82       118      135      128      117      
22       440      134      117      99       145      171      184      134      169      143      149      66       82       164      182      111      92       174      135      51       160      188      0        163      149      160      66       172      146      147      17       65       153      68       145      36       159      91       55       66       99       
23       1500     151      62       63       20       94       38       37       18       114      69       138      151      38       26       108      71       127      66       137      101      58       163      0        82       68       150      89       129      130      180      125      118      98       49       126      24       122      120      97       72       
24       1150     74       44       81       86       168      120      97       69       33       13       94       96       48       108      45       82       196      21       150      170      54       149      82       0        142      171      164      188      49       163      147      35       110      118      119      103      67       93       101      106      
25       1660     198      106      79       56       26       48       45       87       169      129      162      181      105      59       153      86       59       121      116      34       126      160      68       142      0        119      21       66       184      176      101      175      94       24       127      43       157      137      101      64       
26       1020     182      128      95       130      121      157      113      163      178      165      116      137      166      161      147      91       116      151      22       107      193      66       150      171      119      0        125      86       187      76       25       188      61       114      62       136      134      93       70       77       
27       1830     219      127      99       78       7        63       67       107      191      151      181      200      126      76       174      105      41       143      125      21       146      172      89       164      21       125      0        56       206      188      110      197      109      46       142      64       178      155      117      81       
28       1700     229      145      109      112      50       114      95       147      209      178      176      197      161      125      185      112      31       166      95       35       186      146      129      188      66       86       56       0        222      159      81       217      100      80       125      106      181      148      111      84       
29       1050     29       79       113      131      210      168      139      118      16       62       82       73       97       156      39       110      235      64       165      210      101      147      130      49       184      187      206      222      0        158      166      16       130      160      127      149      56       96       119      138      
30       530      143      133      117      163      186      201      152      187      156      164      76       89       181      200      124      109      188      151      65       175      204      17       180      163      176      76       188      159      158      0        80       165      85       162      54       176      103      69       83       116      
31       920      164      104      70       105      107      135      89       138      156      141      102      123      141      137      126      66       109      127      15       95       168      65       125      147      101      25       110      81       166      80       0        165      37       92       47       113      115      76       46       53       
32       1130     45       71       107      120      201      156      130      105      10       48       90       85       83       143      42       106      228      53       166      202      85       153      118      35       175      188      197      217      16       165      165      0        129      151      130      137      62       100      119      133      
33       740      132      67       36       79       109      116      66       108      120      104      76       97       107      115      91       31       121      90       42       101      134      68       98       110      94       61       109      100      130      85       37       129      0        77       33       91       83       48       11       31       
34       1470     174      81       57       34       50       43       21       67       145      106      141      159      83       48       129      64       80       97       106      53       106      145      49       118      24       114      46       80       160      162      92       151      77       0        110      26       134      117      82       46       
35       450      120      82       63       109      141      148      98       133      120      117      55       76       129      146      88       55       150      103      40       132      153      36       126      119      127      62       142      125      127      54       47       130      33       110      0        123      72       31       29       64       
36       1530     166      74       61       18       70       25       24       43       133      90       144      160      62       24       122      70       102      84       125      77       82       159      24       103      43       136      64       106      149      176      113      137      91       26       123      0        132      122      93       62       
37       510      49       60       78       113      180      156      114      118      52       73       28       31       102      148      22       72       199      64       112      176      118      91       122      67       157      134      178      181      56       103      115      62       83       134      72       132      0        41       71       99       
38       300      89       65       61       106      156      148      100      122      90       94       27       48       113      143      58       53       170      81       71       149      135      55       120      93       137      93       155      148      96       69       76       100      48       117      31       122      41       0        38       73       
39       650      120      59       34       79       118      119      69       105      109      96       65       86       103      116      80       26       131      82       49       110      128      66       97       101      101      70       117      111      119      83       46       119      11       82       29       93       71       38       0        37       
40       1020     145      62       25       53       82       86       37       86       125      98       100      120      91       86       101      28       100      85       64       76       117      99       72       106      64       77       81       84       138      116      53       133      31       46       64       62       99       73       37       0        
;

