
sets
i        orders          /0*40/
k        routes          /1*40/
p        positions       /0*40/
;

alias(i,j)
alias(i,h)
alias(i,hh)
alias(i,jj)
alias(k,kk)
                
                    Parameters

rho(i)	Processing time
/
0	0
1	86
2	85
3	40
4	75
5	33
6	19
7	93
8	90
9	93
10	44
11	79
12	96
13	12
14	81
15	64
16	81
17	51
18	49
19	16
20	81
21	18
22	96
23	15
24	3
25	95
26	60
27	81
28	2
29	84
30	84
31	87
32	39
33	52
34	13
35	1
36	44
37	17
38	99
39	2
40	10
/

gamma(i)	Duedate
/
0	0
1	99
2	55
3	39
4	86
5	70
6	43
7	89
8	64
9	29
10	93
11	49
12	30
13	1
14	31
15	56
16	84
17	12
18	12
19	37
20	23
21	47
22	36
23	88
24	47
25	74
26	69
27	20
28	80
29	65
30	59
31	28
32	19
33	98
34	52
35	73
36	56
37	96
38	27
39	15
40	23
/

sigma(i)	Size
/
0	0
1	3
2	1
3	1
4	6
5	1
6	3
7	6
8	5
9	1
10	5
11	7
12	8
13	7
14	3
15	9
16	9
17	1
18	1
19	1
20	6
21	3
22	8
23	3
24	3
25	9
26	6
27	4
28	1
29	4
30	7
31	9
32	1
33	1
34	2
35	3
36	3
37	2
38	3
39	1
40	7
/

epsilon(i)	Priority
/
0	0
1	1
2	7
3	9
4	3
5	8
6	6
7	1
8	5
9	6
10	1
11	3
12	8
13	9
14	6
15	3
16	5
17	8
18	4
19	9
20	2
21	5
22	6
23	4
24	8
25	2
26	1
27	2
28	3
29	2
30	5
31	5
32	2
33	3
34	5
35	6
36	2
37	9
38	5
39	4
40	2
/

psi	Vehicle Capacity
/ 27 /
;

Table kappa(i,j)                 Setup
         0        1        2        3        4        5        6        7        8        9        10       11       12       13       14       15       16       17       18       19       20       21       22       23       24       25       26       27       28       29       30       31       32       33       34       35       36       37       38       39       40       
0        0        528      295      251      385      298      368      606      224      394      579      543      418      180      207      479      196      230      248      404      197      414      675      407      514      499      235      131      674      399      533      490      405      247      18       332      368      489      392      781      327      
1        528      0        331      318      253      491      176      173      675      135      447      860      133      641      353      231      563      299      452      261      571      210      461      310      741      252      296      489      582      321      269      543      199      480      544      551      411      180      221      498      674      
2        295      331      0        64       101      458      258      340      510      215      613      796      290      338      264      422      244      146      397      380      443      142      676      112      726      450      137      195      741      417      484      610      334      417      314      517      454      399      122      754      578      
3        251      318      64       0        134      394      214      360      456      189      557      735      253      326      200      375      245      83       333      326      384      163      625      167      663      403      75       175      683      359      437      547      286      353      269      453      392      358      142      707      518      
4        385      253      101      134      0        501      236      239      589      167      602      856      251      439      307      394      344      189      442      370      511      45       652      66       772      422      181      295      737      417      453      630      312      466      403      562      473      360      33       716      642      
5        298      491      458      394      501      0        323      638      252      398      312      370      358      477      195      318      484      316      61       247      148      502      418      554      271      323      325      398      384      200      346      192      296      50       296      62       114      357      487      534      190      
6        368      176      258      214      236      323      0        315      499      81       366      693      50       505      178      164      444      157      279      134      395      215      420      301      584      192      159      358      501      187      225      409      76       306      382      384      260      143      209      495      501      
7        606      173      340      360      239      638      315      0        787      241      621      1008     287      678      471      404      584      381      590      426      693      199      631      264      899      426      374      531      756      486      442      710      361      617      623      700      571      353      220      657      810      
8        224      675      510      456      589      252      499      787      0        552      563      332      546      344      322      551      404      408      248      473      111      610      670      621      342      561      416      355      616      439      588      416      504      225      208      239      364      580      589      786      141      
9        394      135      215      189      167      398      81       241      552      0        441      767      84       507      232      228      433      164      349      214      454      139      485      233      663      255      161      356      577      268      286      491      150      376      410      460      341      193      136      549      568      
10       579      447      613      557      602      312      366      621      563      441      0        556      359      756      393      219      735      477      339      234      461      580      107      668      408      195      484      642      136      198      179      180      291      351      583      328      212      268      575      224      469      
11       543      860      796      735      856      370      693      1008     332      767      556      0        728      676      550      665      733      666      420      605      355      864      653      902      150      660      675      674      531      549      673      377      662      394      530      309      454      710      847      764      219      
12       418      133      290      253      251      358      50       287      546      84       359      728      0        553      227      143      490      204      319      140      440      223      400      317      613      171      205      405      496      199      201      424      74       347      432      419      283      110      221      466      541      
13       180      641      338      326      439      477      505      678      344      507      756      676      553      0        372      639      104      349      428      568      361      479      850      433      673      662      349      151      854      571      697      669      557      427      180      507      547      640      458      953      475      
14       207      353      264      200      307      195      178      471      322      232      393      550      227      372      0        272      341      121      135      197      222      314      480      359      466      292      130      248      507      200      327      352      200      158      218      255      201      284      296      581      341      
15       479      231      422      375      394      318      164      404      551      228      219      665      143      639      272      0        592      308      303      78       439      366      257      460      533      28       312      501      356      118      61       318      89       328      490      368      212      51       364      332      509      
16       196      563      244      245      344      484      444      584      404      433      735      733      490      104      341      592      0        287      428      527      393      386      821      332      710      617      285      93       844      541      652      672      505      433      206      525      535      586      366      917      521      
17       230      299      146      83       189      316      157      381      408      164      477      666      204      349      121      308      287      0        255      251      323      202      550      238      586      334      8        200      602      279      369      465      220      277      247      376      309      299      183      638      453      
18       248      452      397      333      442      61       279      590      248      349      339      420      319      428      135      303      428      255      0        226      137      446      441      494      330      312      264      340      426      191      340      244      265      27       248      120      127      334      430      554      222      
19       404      261      380      326      370      247      134      426      473      214      234      605      140      568      197      78       527      251      226      0        362      350      299      435      481      95       256      435      367      59       129      284      66       251      413      301      151      109      343      389      437      
20       197      571      443      384      511      148      395      693      111      454      461      355      440      361      222      439      393      323      137      362      0        526      566      551      317      450      332      322      527      328      477      329      395      115      188      153      256      469      507      682      136      
21       414      210      142      163      45       502      215      199      610      139      580      864      223      479      314      366      386      202      446      350      526      0        623      101      774      394      194      332      715      401      423      619      289      471      432      564      465      329      21       682      654      
22       675      461      676      625      652      418      420      631      670      485      107      653      400      850      480      257      821      550      441      299      566      623      0        718      503      229      556      728      158      280      200      282      343      455      680      435      314      295      622      117      576      
23       407      310      112      167      66       554      301      264      621      233      668      902      317      433      359      460      332      238      494      435      551      101      718      0        825      488      229      301      802      481      519      690      378      516      425      614      534      426      97       781      685      
24       514      741      726      663      772      271      584      899      342      663      408      150      613      673      466      533      710      586      330      481      317      774      503      825      0        526      595      636      382      422      534      230      542      309      505      210      330      581      758      614      202      
25       499      252      450      403      422      323      192      426      561      255      195      660      171      662      292      28       617      334      312      95       450      394      229      488      526      0        338      526      332      123      35       306      116      336      509      369      213      72       392      304      512      
26       235      296      137      75       181      325      159      374      416      161      484      675      205      349      130      312      285      8        264      256      332      194      556      229      595      338      0        200      609      286      373      473      223      286      252      385      317      301      175      642      461      
27       131      489      195      175      295      398      358      531      355      356      642      674      405      151      248      501      93       200      340      435      322      332      728      301      636      526      200      0        752      448      561      583      416      348      146      443      443      497      311      824      456      
28       674      582      741      683      737      384      501      756      616      577      136      531      496      854      507      356      844      602      426      367      527      715      158      802      382      332      609      752      0        324      313      200      426      431      675      377      309      404      710      244      500      
29       399      321      417      359      417      200      187      486      439      268      198      549      199      571      200      118      541      279      191      59       328      401      280      481      422      123      286      448      324      0        148      225      125      214      406      249      95       161      393      382      390      
30       533      269      484      437      453      346      225      442      588      286      179      673      201      697      327      61       652      369      340      129      477      423      200      519      534      35       373      561      313      148      0        310      151      363      543      389      233      95       422      270      533      
31       490      543      610      547      630      192      409      710      416      491      180      377      424      669      352      318      672      465      244      284      329      619      282      690      230      306      473      583      200      225      310      0        350      242      488      177      157      369      608      397      302      
32       405      199      334      286      312      296      76       361      504      150      291      662      74       557      200      89       505      220      265      66       395      289      343      378      542      116      223      416      426      125      151      350      0        292      417      354      212      84       284      421      484      
33       247      480      417      353      466      50       306      617      225      376      351      394      347      427      158      328      433      277      27       251      115      471      455      516      309      336      286      348      431      214      363      242      292      0        246      100      142      361      454      569      194      
34       18       544      314      269      403      296      382      623      208      410      583      530      432      180      218      490      206      247      248      413      188      432      680      425      505      509      252      146      675      406      543      488      417      246      0        327      371      501      410      787      315      
35       332      551      517      453      562      62       384      700      239      460      328      309      419      507      255      368      525      376      120      301      153      564      435      614      210      369      385      443      377      249      389      177      354      100      327      0        156      410      549      552      146      
36       368      411      454      392      473      114      260      571      364      341      212      454      283      547      201      212      535      309      127      151      256      465      314      534      330      213      317      443      309      95       233      157      212      142      371      156      0        256      453      427      300      
37       489      180      399      358      360      357      143      353      580      193      268      710      110      640      284      51       586      299      334      109      469      329      295      426      581      72       301      497      404      161      95       369      84       361      501      410      256      0        329      356      547      
38       392      221      122      142      33       487      209      220      589      136      575      847      221      458      296      364      366      183      430      343      507      21       622      97       758      392      175      311      710      393      422      608      284      454      410      549      453      329      0        684      635      
39       781      498      754      707      716      534      495      657      786      549      224      764      466      953      581      332      917      638      554      389      682      682      117      781      614      304      642      824      244      382      270      397      421      569      787      552      427      356      684      0        693      
40       327      674      578      518      642      190      501      810      141      568      469      219      541      475      341      509      521      453      222      437      136      654      576      685      202      512      461      456      500      390      533      302      484      194      315      146      300      547      635      693      0        
;



Table delta(i,j)                 Distance
         0        1        2        3        4        5        6        7        8        9        10       11       12       13       14       15       16       17       18       19       20       21       22       23       24       25       26       27       28       29       30       31       32       33       34       35       36       37       38       39       40       
0        0        4840     5140     2700     6460     5000     1480     5040     2960     4580     4000     960      2040     6120     4100     4040     4120     3540     3420     4120     2760     1800     5380     2300     4200     4820     5980     6760     3400     2220     4320     2040     1720     1540     3400     3040     5260     6240     5400     4880     4800     
1        4840     0        26       365      439      428      204      10       373      62       352      284      321      482      419      199      164      64       167      78       138      277      447      298      129      81       431      461      125      223      243      287      312      300      320      364      322      444      460      442      370      
2        5140     26       0        384      433      430      225      23       382      51       353      302      341      483      426      191      155      81       164      72       142      285      449      305      119      63       428      456      124      227      236      294      331      311      322      372      314      440      463      447      368      
3        2700     365      384      0        389      283      162      375      154      361      268      87       45       329      207      331      340      303      304      339      273      182      298      195      345      375      359      397      306      234      337      189      53       139      250      179      366      369      286      257      312      
4        6460     439      433      389      0        121      390      446      238      382      124      341      391      120      204      242      279      394      271      361      309      233      118      209      314      374      32       23       313      238      198      221      375      261      153      210      125      29       146      164      83       
5        5000     428      430      283      121      0        324      437      129      383      78       254      295      56       84       257      291      372      270      358      290      166      19       140      322      381      89       121      306      205      224      154      280      175      108      107      182      95       37       43       87       
6        1480     204      225      162      390      324      0        214      220      211      270      94       118      380      279      232      224      145      193      193      146      160      343      186      215      229      369      407      176      161      257      173      110      151      238      226      317      382      344      318      307      
7        5040     10       23       375      446      437      214      0        383      67       361      294      331      491      429      206      170      74       175      84       147      287      456      308      135      83       439      469      133      233      250      297      322      310      329      373      329      451      469      452      378      
8        2960     373      382      154      238      129      220      383      0        343      126      135      167      176      59       255      279      309      247      318      242      99       145      88       299      349      207      245      269      165      241      94       154      73       120      29       242      217      135      106      168      
9        4580     62       51       361      382      383      211      67       343      0        305      276      321      435      384      140      104      70       114      25       100      244      401      261      68       21       377      405      76       183      185      252      309      274      274      330      263      389      416      401      318      
10       4000     352      353      268      124      78       270      361      126      305      0        217      267      130      117      179      213      298      191      281      214      110      96       85       244      303      99       138      229      131      147      97       251      136      33       97       121      112      114      107      44       
11       960      284      302      87       341      254      94       294      135      276      217      0        58       307      195      247      253      221      218      253      186      113      272      133      258      289      315      354      218      152      257      123      41       81       191      148      296      327      267      240      259      
12       2040     321      341      45       391      295      118      331      167      321      267      58       0        344      225      304      309      260      274      301      238      169      311      187      310      336      363      402      271      211      315      178      17       131      244      188      354      374      302      274      311      
13       6120     482      483      329      120      56       380      491      176      435      130      307      344      0        122      305      340      427      321      411      344      223      36       196      373      432      93       109      359      260      268      210      330      230      162      158      215      92       43       72       124      
14       4100     419      426      207      204      84       279      429      59       384      117      195      225      122      0        279      308      357      279      358      284      142      95       122      333      387      172      206      308      201      256      132      213      128      127      56       238      179      79       50       150      
15       4040     199      191      331      242      257      232      206      255      140      179      247      304      305      279      0        36       165      41       121      93       161      274      166      72       132      239      265      80       98       44       163      288      205      155      233      123      251      293      284      183      
16       4120     164      155      340      279      291      224      170      279      104      213      253      309      340      308      36       0        137      35       86       78       181      308      191      36       95       276      302      54       115      80       185      293      222      186      259      159      287      327      316      219      
17       3540     64       81       303      394      372      145      74       309      70       298      221      260      427      357      165      137      0        126      62       84       215      391      238      108      91       383      415      85       166      207      226      250      236      265      301      285      396      402      383      320      
18       3420     167      164      304      271      270      193      175      247      114      191      218      274      321      279      41       35       126      0        91       52       148      287      159      54       111      264      293      42       82       80       153      258      188      162      228      158      276      304      291      204      
19       4120     78       72       339      361      358      193      84       318      25       281      253      301      411      358      121      86       62       91       0        75       218      376      236      52       35       355      384      52       158      165      227      288      250      250      304      244      367      391      376      295      
20       2760     138      142      273      309      290      146      147      242      100      214      186      238      344      284      93       78       84       52       75       0        143      309      162      72       108      298      331      32       85       130      152      223      174      182      229      205      311      322      304      236      
21       1800     277      285      182      233      166      160      287      99       244      110      113      169      223      142      161      181      215      148      218      143      0        186      26       200      249      209      248      169      66       157      13       152      45       80       86       184      222      191      169      150      
22       5380     447      449      298      118      19       343      456      145      401      96       272      311      36       95       274      308      391      287      376      309      186      0        160      340      399      87       114      324      224      239      173      297      194      126      124      193      90       28       48       98       
23       2300     298      305      195      209      140      186      308      88       261      85       133      187      196      122      166      191      238      159      236      162      26       160      0        213      265      184      223      186      79       155      13       170      56       57       69       171      196      166      145      126      
24       4200     129      119      345      314      322      215      135      299      68       244      258      310      373      333      72       36       108      54       52       72       200      340      213      0        60       311      338      40       134      116      205      296      237      216      282      195      323      357      345      253      
25       4820     81       63       375      374      381      229      83       349      21       303      289      336      432      387      132      95       91       111      35       108      249      399      265      60       0        371      397      79       186      175      256      323      282      274      334      253      383      416      402      313      
26       5980     431      428      359      32       89       369      439      207      377      99       315      363      93       172      239      276      383      264      355      298      209      87       184      311      371      0        39       305      222      197      197      347      234      130      180      130      13       115      132      63       
27       6760     461      456      397      23       121      407      469      245      405      138      354      402      109      206      265      302      415      293      384      331      248      114      223      338      397      39       0        335      257      222      235      386      273      168      218      148      27       141      162      99       
28       3400     125      124      306      313      306      176      133      269      76       229      218      271      359      308      80       54       85       42       52       32       169      324      186      40       79       305      335      0        106      122      177      256      204      198      254      200      318      339      324      244      
29       2220     223      227      234      238      205      161      233      165      183      131      152      211      260      201      98       115      166      82       158      85       66       224      79       134      186      222      257      106      0        104      71       193      107      98       148      155      235      236      219      158      
30       4320     243      236      337      198      224      257      250      241      185      147      257      315      268      256      44       80       207      80       165      130      157      239      155      116      175      197      222      122      104      0        155      298      202      129      216      79       208      260      254      144      
31       2040     287      294      189      221      154      173      297      94       252      97       123      178      210      132      163      185      226      153      227      152      13       173      13       205      256      197      235      177      71       155      0        161      49       68       77       177      209      179      157      138      
32       1720     312      331      53       375      280      110      322      154      309      251      41       17       330      213      288      293      250      258      288      223      152      297      170      296      323      347      386      256      193      298      161      0        114      227      173      336      358      289      261      294      
33       1540     300      311      139      261      175      151      310      73       274      136      81       131      230      128      205      222      236      188      250      174      45       194      56       237      282      234      273      204      107      202      49       114      0        112      74       227      246      193      167      180      
34       3400     320      322      250      153      108      238      329      120      274      33       191      244      162      127      155      186      265      162      250      182      80       126      57       216      274      130      168      198      98       129      68       227      112      0        92       122      143      141      129      70       
35       3040     364      372      179      210      107      226      373      29       330      97       148      188      158      56       233      259      301      228      304      229      86       124      69       282      334      180      218      254      148      216      77       173      74       92       0        213      190      119      92       139      
36       5260     322      314      366      125      182      317      329      242      263      121      296      354      215      238      123      159      285      158      244      205      184      193      171      195      253      130      148      200      155      79       177      336      227      122      213      0        140      219      221      95       
37       6240     444      440      369      29       95       382      451      217      389      112      327      374      92       179      251      287      396      276      367      311      222      90       196      323      383      13       27       318      235      208      209      358      246      143      190      140      0        118      137      76       
38       5400     460      463      286      146      37       344      469      135      416      114      267      302      43       79       293      327      402      304      391      322      191      28       166      357      416      115      141      339      236      260      179      289      193      141      119      219      118      0        29       124      
39       4880     442      447      257      164      43       318      452      106      401      107      240      274      72       50       284      316      383      291      376      304      169      48       145      345      402      132      162      324      219      254      157      261      167      129      92       221      137      29       0        127      
40       4800     370      368      312      83       87       307      378      168      318      44       259      311      124      150      183      219      320      204      295      236      150      98       126      253      313      63       99       244      158      144      138      294      180      70       139      95       76       124      127      0        
;

