
sets
i        orders          /0*40/
k        routes          /1*40/
p        positions       /0*40/
;

alias(i,j)
alias(i,h)
alias(i,hh)
alias(i,jj)
alias(k,kk)
                
                    Parameters

rho(i)	Processing time
/
0	0
1	75
2	88
3	48
4	91
5	92
6	31
7	76
8	93
9	82
10	7
11	29
12	28
13	62
14	53
15	9
16	99
17	96
18	76
19	32
20	56
21	41
22	19
23	92
24	18
25	42
26	12
27	77
28	90
29	36
30	23
31	35
32	56
33	82
34	39
35	19
36	56
37	96
38	44
39	19
40	56
/

gamma(i)	Duedate
/
0	0
1	8
2	11
3	47
4	67
5	75
6	5
7	6
8	27
9	60
10	27
11	11
12	78
13	87
14	99
15	5
16	14
17	77
18	46
19	3
20	67
21	36
22	26
23	5
24	54
25	54
26	24
27	11
28	39
29	25
30	21
31	79
32	69
33	66
34	5
35	11
36	13
37	89
38	96
39	12
40	97
/

sigma(i)	Size
/
0	0
1	9
2	9
3	2
4	9
5	5
6	5
7	8
8	2
9	9
10	4
11	3
12	4
13	1
14	9
15	4
16	6
17	9
18	4
19	3
20	8
21	9
22	4
23	1
24	5
25	8
26	5
27	5
28	3
29	5
30	8
31	1
32	2
33	4
34	6
35	4
36	4
37	5
38	1
39	3
40	8
/

epsilon(i)	Priority
/
0	0
1	4
2	3
3	4
4	7
5	4
6	2
7	5
8	9
9	1
10	4
11	6
12	5
13	5
14	6
15	9
16	1
17	1
18	2
19	7
20	5
21	1
22	3
23	2
24	5
25	2
26	6
27	9
28	4
29	9
30	6
31	9
32	4
33	6
34	1
35	3
36	1
37	1
38	5
39	8
40	3
/

psi	Vehicle Capacity
/ 40 /
;

Table kappa(i,j)                 Setup
         0        1        2        3        4        5        6        7        8        9        10       11       12       13       14       15       16       17       18       19       20       21       22       23       24       25       26       27       28       29       30       31       32       33       34       35       36       37       38       39       40       
0        0        37       562      269      655      386      748      620      471      444      67       176      389      622      549      373      258      386      69       370      463      424      550      602      638      503      671      143      473      632      178      806      283      365      597      221      718      388      459      853      461      
1        37       0        594      295      689      422      784      652      486      480      98       188      423      658      582      407      280      404      105      395      476      453      574      634      674      533      704      174      497      663      178      840      308      402      634      254      750      405      495      886      493      
2        562      594      0        315      133      221      590      641      326      185      550      643      197      241      37       205      345      305      498      231      358      152      161      641      498      71       122      419      189      670      686      267      607      348      353      341      702      722      431      305      543      
3        269      295      315      0        430      222      697      645      230      267      282      401      201      451      313      182      35       139      218      100      236      165      280      634      583      248      434      135      203      667      428      578      431      301      484      96       734      557      427      619      495      
4        655      689      133      430      0        276      511      602      459      221      631      708      266      156      120      281      463      437      587      357      492      277      287      606      436      202      47       516      323      632      756      151      647      373      289      435      647      750      419      198      536      
5        386      422      221      222      276      0        482      467      384      58       356      432      33       241      193      46       257      312      317      214      405      175      310      461      371      198      302      256      274      493      480      425      385      134      262      180      545      500      243      475      342      
6        748      784      590      697      511      482      0        212      860      459      688      673      512      356      554      528      730      794      690      696      885      642      742      232      114      621      558      676      735      232      729      556      537      405      238      625      181      555      290      599      312      
7        620      652      641      645      602      467      212      0        847      469      554      508      501      451      604      511      673      767      574      675      865      642      770      22       185      649      649      584      741      30       561      689      366      346      316      556      97       355      224      738      160      
8        471      486      326      230      459      384      860      847      0        401      500      624      352      548      349      338      222      91       435      172      34       219      184      839      753      263      438      358      137      872      644      577      662      501      627      325      929      788      623      603      707      
9        444      480      185      267      221      58       459      469      401      0        414      487      65       187      152      85       302      339      375      240      426      183      300      466      352      180      250      314      279      497      536      368      431      163      227      236      540      541      250      418      360      
10       67       98       550      282      631      356      688      554      500      414      0        126      364      584      533      351      279      411      64       379      496      422      557      536      579      496      651      146      483      565      146      781      217      315      547      212      652      326      400      830      395      
11       176      188      643      401      708      432      673      508      624      487      126      0        448      636      621      438      402      534      189      494      621      529      669      488      573      597      734      267      599      513      56       854      143      354      574      321      604      218      404      905      362      
12       389      423      197      201      266      33       512      501      352      65       364      448      0        252      173      19       237      282      320      183      374      141      277      495      402      167      287      253      240      527      494      417      410      166      287      174      579      527      277      465      375      
13       622      658      241      451      156      241      356      451      548      187      584      636      252      0        208      271      487      503      553      408      578      335      401      457      281      288      204      498      413      481      690      247      550      282      135      422      492      638      288      299      403      
14       549      582      37       313      120      193      554      604      349      152      533      621      173      208      0        183      344      319      483      237      380      157      193      604      461      86       122      408      211      633      666      265      579      316      317      328      665      692      395      307      508      
15       373      407      205      182      281      46       528      511      338      85       351      438      19       271      183      0        218      266      305      168      359      132      273      505      417      168      300      236      231      537      483      432      406      172      305      156      591      525      287      480      382      
16       258      280      345      35       463      257      730      673      222      302      279      402      237      487      344      218      0        132      214      121      223      193      296      661      616      276      465      135      218      694      424      609      443      332      519      117      763      569      458      650      521      
17       386      404      305      139      437      312      794      767      91       339      411      534      282      503      319      266      132      0        347      99       99       168      200      758      684      235      426      268      126      791      556      570      571      420      567      235      852      697      544      603      623      
18       69       105      498      218      587      317      690      574      435      375      64       189      320      553      483      305      214      347      0        317      432      365      496      557      578      441      604      84       421      588      209      738      262      299      531      157      671      378      400      785      413      
19       370      395      231      100      357      214      696      675      172      240      379      494      183      408      237      168      121      99       317      0        191      80       179      667      586      160      353      233      104      700      525      498      508      329      468      175      757      634      451      536      536      
20       463      476      358      236      492      405      885      865      34       426      496      621      374      578      380      359      223      99       432      191      0        246      218      856      776      294      472      358      169      889      638      611      666      518      653      333      948      792      641      637      722      
21       424      453      152      165      277      175      642      642      219      183      422      529      141      335      157      132      193      168      365      80       246      0        145      637      536      83       273      282      98       669      566      419      522      305      408      210      719      645      418      458      515      
22       550      574      161      280      287      310      742      770      184      300      557      669      277      401      193      273      296      200      496      179      218      145      0        766      644      122      259      411      78       798      702      394      667      444      504      347      840      791      549      419      652      
23       602      634      641      634      606      461      232      22       839      466      536      488      495      457      604      505      661      758      557      667      856      637      766      0        198      647      653      570      735      33       540      697      345      338      323      544      117      333      218      747      144      
24       638      674      498      583      436      371      114      185      753      352      579      573      402      281      461      417      616      684      578      586      776      536      644      198      0        522      484      562      631      213      630      508      443      290      148      511      211      480      179      556      224      
25       503      533      71       248      202      198      621      649      263      180      496      597      167      288      86       168      276      235      441      160      294      83       122      647      522      0        193      360      126      677      636      338      574      332      383      284      718      694      430      376      537      
26       671      704      122      434      47       302      558      649      438      250      651      734      287      204      122      300      465      426      604      353      472      273      259      653      484      193      0        530      306      679      781      145      680      408      337      449      695      786      461      185      579      
27       143      174      419      135      516      256      676      584      358      314      146      267      253      498      408      236      135      268      84       233      358      282      411      570      562      360      530      0        337      602      293      667      314      272      494      80       679      437      388      713      425      
28       473      497      189      203      323      274      735      741      137      279      483      599      240      413      211      231      218      126      421      104      169      98       78       735      631      126      306      337      0        768      629      448      607      403      499      278      817      732      517      478      613      
29       632      663      670      667      632      493      232      30       872      497      565      513      527      481      633      537      694      791      588      700      889      669      798      33       213      677      679      602      768      0        565      719      370      371      346      577      91       350      250      768      176      
30       178      178      686      428      756      480      729      561      644      536      146      56       494      690      666      483      424      556      209      525      638      566      702      540      630      636      781      293      629      565      0        904      195      408      630      356      656      251      460      954      417      
31       806      840      267      578      151      425      556      689      577      368      781      854      417      247      265      432      609      570      738      498      611      419      394      697      508      338      145      667      448      719      904      0        785      510      374      586      716      881      535      52       650      
32       283      308      607      431      647      385      537      366      662      431      217      143      410      550      579      406      443      571      262      508      666      522      667      345      443      574      680      314      607      370      195      785      0        274      466      337      461      126      285      837      224      
33       365      402      348      301      373      134      405      346      501      163      315      354      166      282      316      172      332      420      299      329      518      305      444      338      290      332      408      272      403      371      408      510      274      0        232      221      433      378      125      562      210      
34       597      634      353      484      289      262      238      316      627      227      547      574      287      135      317      305      519      567      531      468      653      408      504      323      148      383      337      494      499      346      630      374      466      232      0        429      358      537      183      425      287      
35       221      254      341      96       435      180      625      556      325      236      212      321      174      422      328      156      117      235      157      175      333      210      347      544      511      284      449      80       278      577      356      586      337      221      429      0        648      463      345      632      403      
36       718      750      702      734      647      545      181      97       929      540      652      604      579      492      665      591      763      852      671      757      948      719      840      117      211      718      695      679      817      91       656      716      461      433      358      648      0        441      307      763      257      
37       388      405      722      557      750      500      555      355      788      541      326      218      527      638      692      525      569      697      378      634      792      645      791      333      480      694      786      437      732      350      251      881      126      378      537      463      441      0        355      933      258      
38       459      495      431      427      419      243      290      224      623      250      400      404      277      288      395      287      458      544      400      451      641      418      549      218      179      430      461      388      517      250      460      535      285      125      183      345      307      355      0        587      117      
39       853      886      305      619      198      475      599      738      603      418      830      905      465      299      307      480      650      603      785      536      637      458      419      747      556      376      185      713      478      768      954      52       837      562      425      632      763      933      587      0        702      
40       461      493      543      495      536      342      312      160      707      360      395      362      375      403      508      382      521      623      413      536      722      515      652      144      224      537      579      425      613      176      417      650      224      210      287      403      257      258      117      702      0        
;



Table delta(i,j)                 Distance
         0        1        2        3        4        5        6        7        8        9        10       11       12       13       14       15       16       17       18       19       20       21       22       23       24       25       26       27       28       29       30       31       32       33       34       35       36       37       38       39       40       
0        0        20560    4700     17220    12260    7260     8280     6400     16420    6200     3900     10660    2580     13860    2200     16000    7460     16080    10740    15140    19760    2180     14900    14600    9940     15340    13720    13400    17380    15180    19240    17660    5240     23920    4460     4640     4120     14440    3680     5120     14740    
1        20560    0        915      466      560      694      968      902      883      1301     1062     1098     974      900      1137     228      976      299      831      461      797      1047     431      549      648      294      422      575      674      794      120      897      971      178      808      951      1113     433      1170     1266     931      
2        4700     915      0        665      420      223      195      86       586      534      149      342      107      820      321      689      160      652      302      569      1062     169      728      526      301      630      656      698      924      853      874      648      69       1069     247      36       437      547      416      473      504      
3        17220    466      665      0        248      504      628      612      422      1171     809      717      759      1069     967      368      651      213      453      108      1109     831      664      142      366      269      600      764      959      1010     520      431      695      535      694      692      1020     163      1040     1118     486      
4        12260    560      420      248      0        260      416      376      403      923      567      537      512      900      719      366      431      264      271      148      1010     584      575      123      119      270      498      634      856      867      561      444      457      686      456      449      777      136      793      870      407      
5        7260     694      223      504      260      0        338      234      572      669      368      496      283      714      472      467      325      445      316      397      900      357      524      382      158      415      447      521      753      714      650      628      286      853      198      259      517      360      537      619      527      
6        8280     968      195      628      416      338      0        119      432      686      250      158      285      1008     478      755      42       679      182      553      1231     320      861      486      320      674      784      856      1086     1031     950      494      151      1102     434      184      620      552      583      621      335      
7        6400     902      86       612      376      234      119      0        501      614      199      276      191      888      401      680      94       625      219      523      1114     244      757      470      262      610      681      742      971      912      871      563      83       1048     314      92       523      509      500      552      418      
8        16420    883      586      422      403      572      432      501      0        1113     680      423      692      1279     901      739      473      597      284      429      1412     742      978      344      428      633      901      1034     1258     1260     919      62       570      955      755      592      1021     475      1001     1048     110      
9        6200     1301     534      1171     923      669      686      614      1113     0        437      769      427      751      213      1079     644      1102     834      1066     1091     370      962      1041     807      1060     919      854      1005     857      1221     1175     542      1475     499      522      195      1029     133      66       1021     
10       3900     1062     149      809      567      368      250      199      680      437      0        344      110      873      232      835      208      802      410      715      1147     86       850      668      449      778      781      802      1017     926      1016     742      117      1218     331      117      393      695      341      371      585      
11       10660    1098     342      717      537      496      158      276      423      769      344      0        414      1161     575      893      183      801      269      659      1389     427      1017     581      457      805      939      1014     1245     1188     1089     478      282      1220     587      321      736      670      684      702      312      
12       2580     974      107      759      512      283      285      191      692      427      110      414      0        769      215      746      245      728      409      660      1038     74       742      623      393      698      675      691      907      817      922      754      135      1136     221      102      335      632      309      367      607      
13       13860    900      820      1069     900      714      1008     888      1279     751      873      1161     769      0        739      762      978      884      1030     970      348      795      470      1009     850      822      498      329      308      135      783      1331     884      1070     574      844      582      909      679      765      1242     
14       2200     1137     321      967      719      472      478      401      901      213      232      575      215      739      0        910      436      915      621      864      1053     159      841      834      601      878      786      756      943      820      1068     963      331      1306     329      309      180      831      109      152      811      
15       16000    228      689      368      366      467      755      680      739      1079     835      893      746      762      910      0        758      154      634      313      748      818      311      394      436      106      265      436      602      679      196      766      747      396      583      725      895      263      947      1042     766      
16       7460     976      160      651      431      325      42       94       473      644      208      183      245      978      436      758      0        690      214      572      1209     278      850      508      327      682      773      837      1066     1006     952      534      110      1114     404      145      579      567      541      579      376      
17       16080    299      652      213      264      445      679      625      597      1102     802      801      728      884      915      154      690      0        533      168      898      802      456      255      363      62       398      567      750      813      321      619      700      424      604      686      930      134      969      1057     636      
18       10740    831      302      453      271      316      182      219      284      834      410      269      409      1030     621      634      214      533      0        389      1206     464      799      314      213      541      719      823      1055     1029     830      346      295      951      480      312      737      401      719      771      215      
19       15140    461      569      108      148      397      553      523      429      1066     715      659      660      970      864      313      572      168      389      0        1031     732      586      87       267      207      516      674      879      918      490      453      604      563      586      598      912      61       934      1014     469      
20       19760    797      1062     1109     1010     900      1231     1114     1412     1091     1147     1389     1038     348      1053     748      1209     898      1206     1031     0        1079     445      1093     1000     839      516      382      153      235      679      1454     1132     936      820      1093     913      971      1008     1100     1400     
21       2180     1047     169      831      584      357      320      244      742      370      86       427      74       795      159      818      278      802      464      732      1079     0        803      693      465      772      738      744      953      853      992      804      172      1209     276      152      308      705      263      307      652      
22       14900    431      728      664      575      524      861      757      978      962      850      1017     742      470      841      311      850      456      799      586      445      803      0        650      585      396      79       145      294      372      316      1016     797      603      528      764      766      526      842      942      977      
23       14600    549      526      142      123      382      486      470      344      1041     668      581      623      1009     834      394      508      255      314      87       1093     693      650      0        233      288      577      727      940      967      576      373      553      647      579      551      899      131      911      986      382      
24       9940     648      301      366      119      158      320      262      428      807      449      457      393      850      601      436      327      363      213      267      1000     465      585      233      0        354      506      617      847      834      632      481      341      787      356      331      668      247      678      753      401      
25       15340    294      630      269      270      415      674      610      633      1060     778      805      698      822      878      106      682      62       541      207      839      772      396      288      354      0        336      505      690      751      293      659      682      439      560      664      884      157      927      1017     662      
26       13720    422      656      600      498      447      784      681      901      919      781      939      675      498      786      265      773      398      719      516      516      738      79       577      506      336      0        171      363      416      318      940      724      600      466      691      725      455      796      895      898      
27       13400    575      698      764      634      521      856      742      1034     854      802      1014     691      329      756      436      837      567      823      674      382      744      145      727      617      505      171      0        232      246      461      1079     768      748      470      732      658      613      742      842      1019     
28       17380    674      924      959      856      753      1086     971      1258     1005     1017     1245     907      308      943      602      1066     750      1055     879      153      953      294      940      847      690      363      232      0        173      554      1301     993      825      686      955      817      818      910      1005     1248     
29       15180    794      853      1010     867      714      1031     912      1260     857      926      1188     817      135      820      679      1006     813      1029     918      235      853      372      967      834      751      416      246      173      0        674      1308     920      957      606      881      678      856      773      865      1234     
30       19240    120      874      520      561      650      950      871      919      1221     1016     1089     922      783      1068     196      952      321      830      490      679      992      316      576      632      293      318      461      554      674      0        941      934      287      739      910      1030     449      1093     1191     955      
31       17660    897      648      431      444      628      494      563      62       1175     742      478      754      1331     963      766      534      619      346      453      1454     804      1016     373      481      659      940      1079     1301     1308     941      0        632      958      814      654      1083     504      1063     1111     166      
32       5240     971      69       695      457      286      151      83       570      542      117      282      135      884      331      747      110      700      295      604      1132     172      797      553      341      682      724      768      993      920      934      632      0        1121     314      39       469      588      434      478      480      
33       23920    178      1069     535      686      853      1102     1048     955      1475     1218     1220     1136     1070     1306     396      1114     424      951      563      936      1209     603      647      787      439      600      748      825      957      287      958      1121     0        979      1104     1289     551      1344     1439     1020     
34       4460     808      247      694      456      198      434      314      755      499      331      587      221      574      329      583      404      604      480      586      820      276      528      579      356      560      466      470      686      606      739      814      314      979      0        274      328      541      366      459      696      
35       4640     951      36       692      449      259      184      92       592      522      117      321      102      844      309      725      145      686      312      598      1093     152      764      551      331      664      691      732      955      881      910      654      39       1104     274      0        438      578      409      459      505      
36       4120     1113     437      1020     777      517      620      523      1021     195      393      736      335      582      180      895      579      930      737      912      913      308      766      899      668      884      725      658      817      678      1030     1083     469      1289     328      438      0        870      97       187      941      
37       14440    433      547      163      136      360      552      509      475      1029     695      670      632      909      831      263      567      134      401      61       971      705      526      131      247      157      455      613      818      856      449      504      588      551      541      578      870      0        896      979      506      
38       3680     1170     416      1040     793      537      583      500      1001     133      341      684      309      679      109      947      541      969      719      934      1008     263      842      911      678      927      796      742      910      773      1093     1063     434      1344     366      409      97       896      0        99       914      
39       5120     1266     473      1118     870      619      621      552      1048     66       371      702      367      765      152      1042     579      1057     771      1014     1100     307      942      986      753      1017     895      842      1005     865      1191     1111     478      1439     459      459      187      979      99       0        955      
40       14740    931      504      486      407      527      335      418      110      1021     585      312      607      1242     811      766      376      636      215      469      1400     652      977      382      401      662      898      1019     1248     1234     955      166      480      1020     696      505      941      506      914      955      0        
;

