
sets
i        orders          /0*40/
k        routes          /1*40/
p        positions       /0*40/
;

alias(i,j)
alias(i,h)
alias(i,hh)
alias(i,jj)
alias(k,kk)
                
                    Parameters

rho(i)	Processing time
/
0	0
1	48
2	36
3	86
4	6
5	93
6	60
7	16
8	68
9	94
10	27
11	87
12	43
13	14
14	42
15	69
16	28
17	37
18	51
19	23
20	88
21	43
22	36
23	25
24	31
25	72
26	42
27	53
28	42
29	5
30	2
31	87
32	23
33	49
34	79
35	28
36	60
37	62
38	70
39	55
40	35
/

gamma(i)	Duedate
/
0	0
1	83
2	80
3	6
4	81
5	11
6	47
7	75
8	54
9	69
10	46
11	87
12	79
13	62
14	46
15	14
16	72
17	2
18	90
19	89
20	59
21	56
22	2
23	93
24	14
25	86
26	52
27	96
28	3
29	3
30	50
31	47
32	24
33	32
34	86
35	96
36	5
37	27
38	63
39	18
40	40
/

sigma(i)	Size
/
0	0
1	1
2	8
3	2
4	2
5	2
6	6
7	9
8	8
9	2
10	6
11	9
12	5
13	4
14	7
15	1
16	8
17	9
18	9
19	5
20	4
21	2
22	5
23	3
24	8
25	1
26	2
27	2
28	9
29	4
30	1
31	7
32	7
33	7
34	1
35	4
36	1
37	3
38	9
39	8
40	3
/

epsilon(i)	Priority
/
0	0
1	1
2	5
3	1
4	9
5	4
6	7
7	6
8	4
9	2
10	2
11	9
12	5
13	2
14	2
15	7
16	8
17	2
18	5
19	8
20	2
21	6
22	8
23	1
24	6
25	5
26	1
27	1
28	6
29	4
30	4
31	4
32	7
33	8
34	1
35	1
36	3
37	8
38	3
39	4
40	8
/

psi	Vehicle Capacity
/ 42 /
;

Table kappa(i,j)                 Setup
         0        1        2        3        4        5        6        7        8        9        10       11       12       13       14       15       16       17       18       19       20       21       22       23       24       25       26       27       28       29       30       31       32       33       34       35       36       37       38       39       40       
0        0        673      541      727      590      467      798      681      433      472      276      69       700      392      417      403      381      233      468      754      755      308      612      546      27       69       446      294      451      384      713      446      750      808      172      676      558      869      396      215      214      
1        673      0        516      93       103      210      134      282      388      510      418      685      430      609      370      302      511      498      269      189      287      391      420      394      670      700      579      463      282      360      207      370      439      311      590      364      275      308      460      632      651      
2        541      516      0        610      520      387      565      296      643      767      501      601      207      190      612      515      704      564      559      698      363      318      793      733      519      513      124      265      554      567      696      638      880      407      370      791      650      491      156      672      685      
3        727      93       610      0        137      282      152      370      391      498      460      731      520      696      379      334      516      533      284      101      366      464      380      369      727      761      670      542      301      381      133      372      372      382      660      309      255      362      547      660      679      
4        590      103      520      137      0        154      237      337      284      408      325      596      474      580      266      203      408      402      165      189      361      332      333      299      590      624      561      414      179      258      177      267      377      395      526      294      182      404      434      533      552      
5        467      210      387      282      154      0        331      286      290      424      236      486      391      427      261      162      390      321      181      343      341      182      412      357      462      491      413      260      182      227      326      279      493      388      380      404      264      428      283      458      477      
6        798      134      565      152      237      331      0        284      520      637      551      814      430      689      503      437      644      632      403      242      252      505      530      514      793      821      649      567      417      494      284      501      522      252      702      461      397      215      543      766      785      
7        681      282      296      370      337      286      284      0        574      708      510      719      150      452      546      448      676      593      456      470      77       375      666      623      667      680      400      395      462      514      488      561      712      130      540      631      513      205      326      728      745      
8        433      388      643      391      284      290      520      574      0        134      181      408      681      615      31       131      125      200      122      372      619      338      183      115      446      491      628      423      113      77       320      19       317      661      459      243      148      683      503      292      309      
9        472      510      767      498      408      424      637      708      134      0        277      429      814      721      163      264      91       254      253      458      752      453      175      138      491      538      741      531      246      202      403      147      311      793      540      268      242      811      621      282      294      
10       276      418      501      460      325      236      551      510      181      277      0        271      583      444      156      128      203      85       192      479      572      182      364      296      282      324      465      254      175      114      437      188      494      622      277      413      285      664      350      222      240      
11       69       685      601      731      596      486      814      719      408      429      271      0        750      458      396      399      338      210      460      749      792      343      579      516      97       135      511      345      443      369      705      423      719      845      236      651      543      900      451      156      152      
12       700      430      207      520      474      391      430      150      681      814      583      750      0        393      651      550      770      662      572      619      187      419      794      745      681      685      330      405      574      613      634      670      852      218      539      768      641      302      307      788      803      
13       392      609      190      696      580      427      689      452      615      721      444      458      393      0        586      504      643      483      563      769      527      280      788      722      366      348      67       193      554      538      754      616      898      577      223      810      665      657      148      561      570      
14       417      370      612      379      266      261      503      546      31       163      156      396      651      586      0        101      141      186      101      368      593      308      208      140      428      472      598      393      89       47       318      31       338      636      434      259      148      660      472      290      308      
15       403      302      515      334      203      162      437      448      131      264      128      399      550      504      101      0        229      198      67       350      499      223      284      220      408      448      509      312      53       66       310      124      396      544      380      309      169      575      381      329      348      
16       381      511      704      516      408      390      644      676      125      91       203      338      770      643      141      229      0        166      242      494      728      386      249      195      400      447      668      457      230      163      440      144      390      773      453      333      269      800      553      196      210      
17       233      498      564      533      402      321      632      593      200      254      85       210      662      483      186      198      166      0        253      542      657      249      379      313      247      293      514      305      236      159      496      214      517      707      287      443      332      749      409      137      155      
18       468      269      559      284      165      181      403      456      122      253      192      460      572      563      101      67       242      253      0        289      499      284      234      176      473      514      564      373      17       96       245      106      335      540      447      246      103      561      434      375      394      
19       754      189      698      101      189      343      242      470      372      458      479      749      619      769      368      350      494      542      289      0        467      518      315      321      757      795      748      602      306      383      56       353      282      482      709      231      224      457      622      658      677      
20       755      287      363      366      361      341      252      77       619      752      572      792      187      527      593      499      728      657      499      467      0        448      695      658      742      756      473      472      506      565      493      605      726      53       616      650      543      129      403      793      810      
21       308      391      318      464      332      182      505      375      338      453      182      343      419      280      308      223      386      249      284      518      448      0        507      442      297      319      290      89       273      260      493      337      618      501      198      530      387      560      168      369      384      
22       612      420      793      380      333      412      530      666      183      175      364      579      794      788      208      284      249      379      234      315      695      507      0        68       626      672      794      595      239      254      260      176      141      727      642      96       153      728      665      444      459      
23       546      394      733      369      299      357      514      623      115      138      296      516      745      722      140      220      195      313      176      321      658      442      68       0        560      605      730      529      178      186      265      108      203      694      574      138      118      701      602      387      403      
24       27       670      519      727      590      462      793      667      446      491      282      97       681      366      428      408      400      247      473      757      742      297      626      560      0        46       422      277      457      393      718      458      763      795      148      688      567      857      376      239      240      
25       69       700      513      761      624      491      821      680      491      538      324      135      685      348      472      448      447      293      514      795      756      319      672      605      46       0        408      286      498      436      758      502      809      810      145      732      609      875      377      284      283      
26       446      579      124      670      561      413      649      400      628      741      465      511      330      67       598      509      668      514      564      748      473      290      794      730      422      408      0        210      556      550      738      627      897      520      275      808      664      602      131      603      614      
27       294      463      265      542      414      260      567      395      423      531      254      345      405      193      393      312      457      305      373      602      472      89       595      529      277      286      210      0        363      345      580      423      708      525      144      620      477      593      109      407      420      
28       451      282      554      301      179      182      417      462      113      246      175      443      574      554      89       53       230      236      17       306      506      273      239      178      457      498      556      363      0        80       262      99       345      548      433      257      116      571      427      359      378      
29       384      360      567      381      258      227      494      514      77       202      114      369      613      538      47       66       163      159      96       383      565      260      254      186      393      436      550      345      80       0        336      78       380      610      389      298      174      639      426      279      298      
30       713      207      696      133      177      326      284      488      320      403      437      705      634      754      318      310      440      496      245      56       493      493      260      265      718      758      738      580      262      336      0        301      238      513      678      179      172      495      609      609      627      
31       446      370      638      372      267      279      501      561      19       147      188      423      670      616      31       124      144      214      106      353      605      337      176      108      458      502      627      423      99       78       301      0        307      646      466      230      129      666      501      309      327      
32       750      439      880      372      377      493      522      712      317      311      494      719      852      898      338      396      390      517      335      282      726      618      141      203      763      809      897      708      345      380      238      307      0        749      769      89       233      734      766      585      600      
33       808      311      407      382      395      388      252      130      661      793      622      845      218      577      636      544      773      707      540      482      53       501      727      694      795      810      520      525      548      610      513      646      749      0        670      676      577      84       455      843      861      
34       172      590      370      660      526      380      702      540      459      540      277      236      539      223      434      380      453      287      447      709      616      198      642      574      148      145      275      144      433      389      678      466      769      670      0        686      549      738      232      343      350      
35       676      364      791      309      294      404      461      631      243      268      413      651      768      810      259      309      333      443      246      231      650      530      96       138      688      732      808      620      257      298      179      230      89       676      686      0        144      668      677      525      541      
36       558      275      650      255      182      264      397      513      148      242      285      543      641      665      148      169      269      332      103      224      543      387      153      118      567      609      664      477      116      174      172      129      233      577      549      144      0        583      533      438      456      
37       869      308      491      362      404      428      215      205      683      811      664      900      302      657      660      575      800      749      561      457      129      560      728      701      857      875      602      593      571      639      495      666      734      84       738      668      583      0        530      887      905      
38       396      460      156      547      434      283      543      326      503      621      350      451      307      148      472      381      553      409      434      622      403      168      665      602      376      377      131      109      427      426      609      501      766      455      232      677      533      530      0        516      529      
39       215      632      672      660      533      458      766      728      292      282      222      156      788      561      290      329      196      137      375      658      793      369      444      387      239      284      603      407      359      279      609      309      585      843      343      525      438      887      516      0        19       
40       214      651      685      679      552      477      785      745      309      294      240      152      803      570      308      348      210      155      394      677      810      384      459      403      240      283      614      420      378      298      627      327      600      861      350      541      456      905      529      19       0        
;



Table delta(i,j)                 Distance
         0        1        2        3        4        5        6        7        8        9        10       11       12       13       14       15       16       17       18       19       20       21       22       23       24       25       26       27       28       29       30       31       32       33       34       35       36       37       38       39       40       
0        0        8000     9760     400      10420    19840    13740    14380    9100     16340    16440    7940     14260    7000     3420     6040     9300     16660    3920     2740     6840     2980     14720    14400    3460     5720     15640    15160    9680     13580    12300    12540    8660     15440    19480    11140    10520    11220    9020     6420     2240     
1        8000     0        611      420      919      1102     676      722      174      1119     1051     629      944      719      300      619      711      1178     481      367      725      312      872      1109     441      176      1093     1140     665      785      833      562      196      1096     1015     474      614      951      645      252      363      
2        9760     611      0        488      687      514      250      262      501      576      450      162      351      438      612      765      197      696      303      613      484      596      266      770      661      642      565      764      89       193      244      274      460      588      486      278      55       648      938      359      587      
3        400      420      488      0        501      989      692      723      474      803      813      391      704      332      187      292      457      816      191      148      322      165      733      700      175      305      767      739      480      678      608      635      451      756      974      568      527      541      450      336      124      
4        10420    919      687      501      0        1012     936      944      943      551      703      524      634      253      668      478      510      454      490      604      218      647      797      221      566      801      505      281      614      802      605      945      912      466      1088     914      742      100      687      777      593      
5        19840    1102     514      989      1012     0        455      409      961      574      343      602      380      822      1126     1244     556      756      797      1123     874      1110     255      983      1164     1154     603      940      508      323      418      581      923      651      186      656      494      933      1435     855      1096     
6        13740    676      250      692      936      455      0        47       519      749      562      412      495      688      775      982      435      897      528      794      734      764      301      1009     854      764      750      996      326      213      418      126      486      783      339      207      195      895      1134     450      769      
7        14380    722      262      723      944      409      47       0        566      728      533      422      472      698      813      1011     437      881      553      830      746      801      269      1006     888      806      731      990      330      188      403      173      532      766      293      254      209      898      1168     492      804      
8        9100     174      501      474      943      961      519      566      0        1052     952      560      849      714      416      725      639      1135     463      472      732      420      746      1110     550      325      1031     1131     570      654      740      399      41       1042     859      312      491      956      787      174      459      
9        16340    1119     576      803      551      574      749      728      1052     0        234      493      256      491      988      948      413      182      651      950      527      966      471      441      952      1081     45       384      492      540      338      830      1011     89       717      853      613      452      1166     886      927      
10       16440    1051     450      813      703      343      562      533      952      234      0        436      109      560      983      1018     359      415      631      960      608      962      263      646      981      1050     260      599      386      349      218      662      910      308      484      704      469      615      1228     802      934      
11       7940     629      162      391      524      602      412      422      560      493      436      0        326      276      550      642      81       580      201      533      323      530      348      617      566      614      471      617      101      310      221      427      519      483      614      412      217      489      833      392      507      
12       14260    944      351      704      634      380      495      472      849      256      109      326      0        466      873      918      249      420      522      851      516      853      217      608      874      940      264      572      280      283      110      583      808      304      486      615      376      553      1125     696      825      
13       7000     719      438      332      253      822      688      698      714      491      560      276      466      0        519      463      278      484      251      471      51       497      584      395      464      634      450      421      371      572      404      691      680      432      870      660      493      243      678      543      451      
14       3420     300      612      187      668      1126     775      813      416      988      983      550      873      519      0        319      624      1003     351      69       507      22       873      876      141      139      953      919      626      805      771      692      409      943      1087     611      640      719      379      344      75       
15       6040     619      765      292      478      1244     982      1011     725      948      1018     642      918      463      319      0        690      905      462      254      422      309      990      699      177      451      906      758      741      948      838      928      711      880      1250     860      810      562      217      616      265      
16       9300     711      197      457      510      556      435      437      639      413      359      81       249      278      624      690      0        509      272      603      330      604      308      575      629      693      393      567      110      294      150      471      598      407      591      469      249      460      889      472      577      
17       16660    1178     696      816      454      756      897      881      1135     182      415      580      420      484      1003     905      509      0        696      955      504      981      638      291      943      1113     157      224      607      696      479      964      1096     115      896      975      740      356      1122     963      935      
18       3920     481      303      191      490      797      528      553      463      651      631      201      522      251      351      462      272      696      0        332      273      331      541      647      366      430      620      669      289      489      421      494      428      618      789      443      348      494      639      291      305      
19       2740     367      613      148      604      1123     794      830      472      950      960      533      851      471      69       254      603      955      332      0        454      55       868      816      77       209      913      861      617      806      752      720      462      901      1096     642      647      660      342      381      26       
20       6840     725      484      322      218      874      734      746      732      527      608      323      516      51       507      422      330      504      273      454      0        485      636      384      439      628      485      417      421      622      456      732      699      463      921      697      539      226      639      563      435      
21       2980     312      596      165      647      1110     764      801      420      966      962      530      853      497      22       309      604      981      331      55       485      0        856      855      131      157      931      897      608      790      751      684      411      921      1073     604      626      697      382      339      55       
22       14720    872      266      733      797      255      301      269      746      471      263      348      217      584      873      990      308      638      541      868      636      856      0        808      908      908      482      779      252      95       192      410      706      522      290      465      257      729      1179     620      841      
23       14400    1109     770      700      221      983      1009     1006     1110     441      646      617      608      395      876      699      575      291      647      816      384      855      808      0        783      1005     400      71       685      838      620      1043     1075     352      1093     1029     823      158      906      938      802      
24       3460     441      661      175      566      1164     854      888      550      952      981      566      874      464      141      177      629      943      366      77       439      131      908      783      0        276      913      832      655      852      780      786      539      897      1147     711      698      630      279      454      93       
25       5720     176      642      305      801      1154     764      806      325      1081     1050     614      940      634      139      451      693      1113     430      209      628      157      908      1005     276      0        1049     1044     674      831      833      664      331      1044     1093     578      660      847      469      314      212      
26       15640    1093     565      767      505      603      750      731      1031     45       260      471      264      450      953      906      393      157      620      913      485      931      482      400      913      1049     0        346      478      544      333      825      991      49       738      843      604      407      1123     863      890      
27       15160    1140     764      739      281      940      996      990      1131     384      599      617      572      421      919      758      567      224      669      861      417      897      779      71       832      1044     346      0        676      816      594      1038     1095     297      1058     1030     815      202      968      958      846      
28       9680     665      89       480      614      508      326      330      570      492      386      101      280      371      626      741      110      607      289      617      421      608      252      685      655      674      478      676      0        209      170      363      529      499      513      367      139      568      927      415      590      
29       13580    785      193      678      802      323      213      188      654      540      349      310      283      572      805      948      294      696      489      806      622      790      95       838      852      831      544      816      209      0        222      316      614      580      304      369      172      744      1128     535      780      
30       12300    833      244      608      605      418      418      403      740      338      218      221      110      404      771      838      150      479      421      752      456      751      192      620      780      833      333      594      170      222      0        492      699      364      483      516      275      536      1039     585      726      
31       12540    562      274      635      945      581      126      173      399      830      662      427      583      691      692      928      471      964      494      720      732      684      410      1043     786      664      825      1038     363      316      492      0        367      852      461      88       224      916      1062     353      696      
32       8660     196      460      451      912      923      486      532      41       1011     910      519      808      680      409      711      598      1096     428      462      699      411      706      1075     539      331      991      1095     529      614      699      367      0        1002     825      280      451      922      785      137      447      
33       15440    1096     588      756      466      651      783      766      1042     89       308      483      304      432      943      880      407      115      618      901      463      921      522      352      897      1044     49       297      499      580      364      852      1002     0        784      867      630      367      1098     872      879      
34       19480    1015     486      974      1088     186      339      293      859      717      484      614      486      870      1087     1250     591      896      789      1096     921      1073     290      1093     1147     1093     738      1058     513      304      483      461      825      784      0        546      449      1020     1425     781      1069     
35       11140    474      278      568      914      656      207      254      312      853      704      412      615      660      611      860      469      975      443      642      697      604      465      1029     711      578      843      1030     367      369      516      88       280      867      546      0        240      893      985      268      620      
36       10520    614      55       527      742      494      195      209      491      613      469      217      376      493      640      810      249      740      348      647      539      626      257      823      698      660      604      815      139      172      275      224      451      630      449      240      0        703      977      363      620      
37       11220    951      648      541      100      933      895      898      956      452      615      489      553      243      719      562      460      356      494      660      226      697      729      158      630      847      407      202      568      744      536      916      922      367      1020     893      703      0        775      786      645      
38       9020     645      938      450      687      1435     1134     1168     787      1166     1228     833      1125     678      379      217      889      1122     639      342      639      382      1179     906      279      469      1123     968      927      1128     1039     1062     785      1098     1425     985      977      775      0        721      366      
39       6420     252      359      336      777      855      450      492      174      886      802      392      696      543      344      616      472      963      291      381      563      339      620      938      454      314      863      958      415      535      585      353      137      872      781      268      363      786      721      0        361      
40       2240     363      587      124      593      1096     769      804      459      927      934      507      825      451      75       265      577      935      305      26       435      55       841      802      93       212      890      846      590      780      726      696      447      879      1069     620      620      645      366      361      0        
;

