
sets
i        orders          /0*40/
k        routes          /1*40/
p        positions       /0*40/
;

alias(i,j)
alias(i,h)
alias(i,hh)
alias(i,jj)
alias(k,kk)
                
                    Parameters

rho(i)	Processing time
/
0	0
1	72
2	36
3	10
4	66
5	7
6	91
7	54
8	10
9	70
10	79
11	95
12	20
13	69
14	94
15	40
16	88
17	88
18	76
19	29
20	52
21	41
22	87
23	84
24	57
25	14
26	68
27	23
28	25
29	33
30	32
31	99
32	86
33	2
34	90
35	48
36	98
37	65
38	60
39	56
40	98
/

gamma(i)	Duedate
/
0	0
1	65
2	71
3	38
4	14
5	11
6	27
7	19
8	31
9	39
10	98
11	18
12	34
13	94
14	50
15	84
16	45
17	4
18	38
19	39
20	20
21	25
22	44
23	27
24	99
25	33
26	37
27	33
28	95
29	64
30	23
31	9
32	39
33	50
34	89
35	1
36	66
37	19
38	83
39	70
40	97
/

sigma(i)	Size
/
0	0
1	3
2	9
3	3
4	2
5	8
6	8
7	1
8	1
9	7
10	2
11	6
12	1
13	5
14	3
15	3
16	6
17	9
18	2
19	6
20	1
21	5
22	9
23	9
24	6
25	7
26	5
27	9
28	4
29	1
30	6
31	8
32	7
33	1
34	5
35	5
36	5
37	4
38	7
39	3
40	8
/

epsilon(i)	Priority
/
0	0
1	8
2	3
3	5
4	8
5	7
6	1
7	5
8	4
9	3
10	8
11	5
12	9
13	2
14	2
15	5
16	6
17	5
18	1
19	8
20	8
21	2
22	1
23	7
24	2
25	2
26	7
27	7
28	6
29	6
30	4
31	6
32	8
33	8
34	1
35	4
36	2
37	9
38	6
39	6
40	9
/

psi	Vehicle Capacity
/ 24 /
;

Table kappa(i,j)                 Setup
         0        1        2        3        4        5        6        7        8        9        10       11       12       13       14       15       16       17       18       19       20       21       22       23       24       25       26       27       28       29       30       31       32       33       34       35       36       37       38       39       40       
0        0        508      640      537      604      428      181      567      442      391      415      508      539      126      351      261      929      627      968      47       805      367      855      683      335      671      136      298      483      825      653      994      394      713      587      334      798      491      549      629      741      
1        508      0        226      667      657      806      481      546      659      584      176      584      700      620      851      731      501      665      824      534      313      673      356      659      671      670      440      481      738      507      502      492      727      771      141      477      336      695      411      185      252      
2        640      226      0        891      883      831      550      773      635      798      225      514      922      764      951      891      293      892      629      653      205      875      260      885      697      897      612      499      715      283      344      493      741      997      330      478      446      657      636      358      343      
3        537      667      891      0        99       954      701      180      974      146      724      1009     42       509      763      478      1167     123      1413     581      953      229      981      207      872      181      419      804      1020     1159     1075     981      930      178      622      833      741      1023     316      632      755      
4        604      657      883      99       0        1028     757      118      1030     223      736      1052     136      590      853      571      1148     25       1434     649      924      325      947      107      938      82       476      853      1081     1159     1095     924      998      120      591      879      684      1079     267      594      711      
5        428      806      831      954      1028     0        333      995      235      808      646      392      949      449      307      535      1062     1051     843      381      1034     752      1088     1110     136      1098     563      334      186      883      643      1289     92       1132     926      353      1139     250      969      973      1059     
6        181      481      550      701      757      333      0        702      273      557      337      326      708      289      403      424      819      778      792      156      739      547      792      824      206      817      282      117      327      685      489      971      268      871      594      154      808      322      652      641      733      
7        567      546      773      180      118      995      702      0        972      235      640      979      223      578      854      587      1033     121      1340     614      807      361      829      125      895      127      433      788      1030     1052     1002     808      956      224      474      811      568      1020     149      476      593      
8        442      659      635      974      1030     235      273      972      0        829      485      157      979      522      496      643      841      1051     620      405      840      809      895      1096     151      1089     555      191      80       652      410      1115     147      1145     793      184      996      48       911      840      906      
9        391      584      798      146      223      808      557      235      829      0        612      869      151      367      631      354      1084     248      1287     435      887      130      921      319      726      301      276      663      874      1054     950      959      784      323      568      692      722      878      316      588      716      
10       415      176      225      724      736      646      337      640      485      612      0        409      749      539      732      667      515      750      700      429      403      672      455      762      509      767      396      314      564      443      363      642      562      856      315      305      510      520      526      361      421      
11       508      584      514      1009     1052     392      326      979      157      869      409      0        1021     610      636      742      694      1071     482      480      718      872      772      1104     293      1102     594      210      224      498      253      1005     302      1170     724      177      912      157      896      769      816      
12       539      700      922      42       136      949      708      223      979      151      749      1021     0        500      747      458      1201     157      1433     582      990      209      1019     242      873      215      427      814      1022     1187     1096     1023     930      192      660      844      782      1028     358      671      795      
13       126      620      764      509      590      449      289      578      522      367      539      610      500      0        280      136      1054     614      1081     133      924      302      972      682      391      665      195      406      547      950      774      1097     441      687      685      444      890      569      593      724      843      
14       351      851      951      763      853      307      403      854      496      631      732      636      747      280      0        289      1222     878      1114     317      1134     537      1186     950      345      932      467      485      477      1078     860      1341     358      939      938      520      1149     529      873      981      1091     
15       261      731      891      478      571      535      424      587      643      354      667      742      458      136      289      0        1183     596      1216     269      1041     249      1087     672      503      652      291      540      659      1085     910      1194     546      651      780      578      976      688      634      816      939      
16       929      501      293      1167     1148     1062     819      1033     841      1084     515      694      1201     1054     1222     1183     0        1154     581      938      244      1167     254      1135     935      1150     906      747      916      221      451      488      970      1257     561      718      578      850      888      571      492      
17       627      665      892      123      25       1051     778      121      1051     248      750      1071     157      614      878      596      1154     0        1449     673      928      350      949      84       961      58       499      873      1103     1170     1110     919      1021     106      595      898      681      1100     269      596      711      
18       968      824      629      1413     1434     843      792      1340     620      1287     700      482      1433     1081     1114     1216     581      1449     0        948      759      1315     796      1462     769      1467     1026     675      656      381      338      1051     764      1554     952      637      1069     593      1223     985      967      
19       47       534      653      581      649      381      156      614      405      435      429      480      582      133      317      269      938      673      948      0        826      403      876      730      291      718      183      274      441      823      641      1024     349      758      621      311      833      453      596      664      773      
20       805      313      205      953      924      1034     739      807      840      887      403      718      990      924      1134     1041     244      928      759      826      0        984      54       902      898      919      752      699      920      379      526      302      944      1028     333      680      336      863      659      334      247      
21       367      673      875      229      325      752      547      361      809      130      672      872      209      302      537      249      1167     350      1315     403      984      0        1021     430      689      407      289      661      843      1115     986      1077     742      401      676      695      842      857      445      701      829      
22       855      356      260      981      947      1088     792      829      895      921      455      772      1019     972      1186     1087     254      949      796      876      54       1021     0        919      953      938      797      754      975      415      575      257      999      1048     359      735      327      917      680      353      250      
23       683      659      885      207      107      1110     824      125      1096     319      762      1104     242      682      950      672      1135     84       1462     730      902      430      919      0        1014     29       550      913      1151     1167     1125     868      1075     135      573      936      634      1144     249      568      674      
24       335      671      697      872      938      136      206      895      151      726      509      293      873      391      345      503      935      961      769      291      898      689      953      1014     0        1004     463      198      156      765      532      1152     62       1048     793      219      1004     190      855      840      924      
25       671      670      897      181      82       1098     817      127      1089     301      767      1102     215      665      932      652      1150     58       1467     718      919      407      938      29       1004     0        540      908      1143     1177     1130     892      1065     112      589      932      657      1138     262      585      694      
26       136      440      612      419      476      563      282      433      555      276      396      594      427      195      467      291      906      499      1026     183      752      289      797      550      463      540      0        386      604      834      696      907      524      590      492      417      696      604      415      531      651      
27       298      481      499      804      853      334      117      788      191      663      314      210      814      406      485      540      747      873      675      274      699      661      754      913      198      908      386      0        263      593      381      956      248      970      610      38       817      236      721      657      733      
28       483      738      715      1020     1081     186      327      1030     80       874      564      224      1022     547      477      659      916      1103     656      441      920      843      975      1151     156      1143     604      263      0        722      478      1196     119      1193     871      261      1074     68       976      918      985      
29       825      507      283      1159     1159     883      685      1052     652      1054     443      498      1187     950      1078     1085     221      1170     381      823      379      1115     415      1167     765      1177     834      593      722      0        245      671      790      1276     613      559      699      654      918      638      600      
30       653      502      344      1075     1095     643      489      1002     410      950      363      253      1096     774      860      910      451      1110     338      641      526      986      575      1125     532      1130     696      381      478      245      0        827      551      1216     638      344      787      409      889      676      684      
31       994      492      493      981      924      1289     971      808      1115     959      642      1005     1023     1097     1341     1194     488      919      1051     1024     302      1077     257      868      1152     892      907      956      1196     671      827      0        1204     1004     414      943      240      1143     665      380      255      
32       394      727      741      930      998      92       268      956      147      784      562      302      930      441      358      546      970      1021     764      349      944      742      999      1075     62       1065     524      248      119      790      551      1204     0        1107     851      264      1061     172      917      898      979      
33       713      771      997      178      120      1132     871      224      1145     323      856      1170     192      687      939      651      1257     106      1554     758      1028     401      1048     135      1048     112      590      970      1193     1276     1216     1004     1107     0        696      997      769      1193     369      695      806      
34       587      141      330      622      591      926      594      474      793      568      315      724      660      685      938      780      561      595      952      621      333      676      359      573      793      589      492      610      871      613      638      414      851      696      0        610      214      831      326      47       159      
35       334      477      478      833      879      353      154      811      184      692      305      177      844      444      520      578      718      898      637      311      680      695      735      936      219      932      417      38       261      559      344      943      264      997      610      0        813      224      738      657      726      
36       798      336      446      741      684      1139     808      568      996      722      510      912      782      890      1149     976      578      681      1069     833      336      842      327      634      1004     657      696      817      1074     699      787      240      1061     769      214      813      0        1030     424      169      102      
37       491      695      657      1023     1079     250      322      1020     48       878      520      157      1028     569      529      688      850      1100     593      453      863      857      917      1144     190      1138     604      236      68       654      409      1143     172      1193     831      224      1030     0        957      878      939      
38       549      411      636      316      267      969      652      149      911      316      526      896      358      593      873      634      888      269      1223     596      659      445      680      249      855      262      415      721      976      918      889      665      917      369      326      738      424      957      0        327      444      
39       629      185      358      632      594      973      641      476      840      588      361      769      671      724      981      816      571      596      985      664      334      701      353      568      840      585      531      657      918      638      676      380      898      695      47       657      169      878      327      0        128      
40       741      252      343      755      711      1059     733      593      906      716      421      816      795      843      1091     939      492      711      967      773      247      829      250      674      924      694      651      733      985      600      684      255      979      806      159      726      102      939      444      128      0        
;



Table delta(i,j)                 Distance
         0        1        2        3        4        5        6        7        8        9        10       11       12       13       14       15       16       17       18       19       20       21       22       23       24       25       26       27       28       29       30       31       32       33       34       35       36       37       38       39       40       
0        0        20970    6510     18090    17010    18030    15540    16170    7830     7800     12600    8340     17070    12780    19050    13110    18300    21810    3690     11220    18780    17940    19290    12000    21420    18210    8610     3660     4830     7590     15870    13710    15840    14490    17940    15630    12750    19290    18120    19290    14340    
1        20970    0        777      99       524      1166     1201     271      715      804      1052     880      1138     440      1277     658      1197     1184     583      859      1274     129      340      509      27       1297     982      576      858      468      382      739      1149     404      1220     651      702      66       967      942      967      
2        6510     777      0        678      764      759      584      554      94       43       276      103      382      609      500      293      756      914      301      579      497      703      804      597      797      547      279      275      211      414      499      675      661      659      723      382      642      734      813      435      672      
3        18090    99       678      0        494      1090     1110     192      617      705      953      781      1040     384      1178     568      1119     1122     490      786      1175     99       338      449      120      1199     885      481      761      381      305      682      1066     359      1138     568      642      71       911      856      896      
4        17010    524      764      494      0        749      907      620      763      806      986      842      1135     167      1194     844      793      705      462      464      1183     402      209      167      516      1122     818      489      704      361      706      276      781      147      843      892      256      463      478      1125     539      
5        18030    1166     759      1090     749      0        332      1096     838      789      757      745      932      739      846      1032     53       214      651      306      828      1039     941      671      1170     659      543      679      550      718      1113     473      131      791      135      1118     495      1100     329      1182     210      
6        15540    1201     584      1110     907      332      0        1058     677      599      480      529      640      835      524      877      291      546      620      455      505      1087     1061     777      1212     327      309      634      388      733      1040     657      203      895      214      966      659      1140     609      955      436      
7        16170    271      554      192      620      1096     1058     0        477      573      826      656      890      475      1047     390      1117     1164     451      806      1046     278      504      528      297      1097     798      429      682      384      113      748      1050     473      1122     380      706      263      971      671      921      
8        7830     715      94       617      763      838      677      477      0        97       349      183      424      601      569      201      837      982      311      636      568      652      779      600      737      634      373      278      297      403      413      708      745      645      809      290      672      677      866      384      736      
9        7800     804      43       705      806      789      599      573      97       0        252      86       344      650      474      283      783      949      344      618      472      735      843      640      826      537      291      317      239      455      511      718      687      700      747      370      685      763      853      398      710      
10       12600    1052     276      953      986      757      480      826      349      252      0        172      178      846      225      508      734      951      537      686      221      975      1058     820      1073     306      221      521      291      663      762      837      632      902      675      587      813      1009     915      491      746      
11       8340     880      103      781      842      745      529      656      183      86       172      0        293      694      397      365      734      917      383      605      394      804      897      675      900      451      221      361      203      504      596      726      635      747      691      451      697      836      841      438      687      
12       17070    1138     382      1040     1135     932      640      890      424      344      178      293      0        987      210      524      907      1129     676      862      221      1076     1187     968      1161     398      400      654      460      795      807      1005     805      1039     844      585      980      1102     1093     403      924      
13       12780    440      609      384      167      739      835      475      601      650      846      694      987      0        1061     677      775      743      311      433      1052     311      228      69       440      1012     697      333      576      198      552      299      742      60       810      725      261      374      527      958      533      
14       19050    1277     500      1178     1194     846      524      1047     569      474      225      397      210      1061     0        707      812      1056     755      848      19       1200     1277     1030     1298     220      384      742      489      884      976      1020     715      1118     738      777      1001     1234     1063     613      886      
15       13110    658      293      568      844      1032     877      390      201      283      508      365      524      677      707      0        1034     1165     444      808      710      632      810      695      684      810      572      408      498      491      292      847      943      708      1009     89       807      637      1029     294      914      
16       18300    1197     756      1119     793      53       291      1117     837      783      734      734      907      775      812      1034     0        260      668      342      793      1071     982      708      1203     618      525      695      545      744      1129     518      102      829      84       1121     538      1132     382      1172     254      
17       21810    1184     914      1122     705      214      546      1164     982      949      951      917      1129     743      1056     1165     260      0        745      364      1038     1054     912      675      1184     873      732      778      715      779      1199     446      344      785      344      1247     482      1118     227      1347     251      
18       3690     583      301      490      462      651      620      451      311      344      537      383      676      311      755      444      668      745      0        380      747      477      521      295      597      730      411      36       285      129      462      404      599      365      671      517      365      525      588      691      494      
19       11220    859      579      786      464      306      455      806      636      618      686      605      862      433      848      808      342      364      380      0        832      732      643      366      864      720      470      414      406      422      836      202      317      487      381      888      208      794      235      1013     115      
20       18780    1274     497      1175     1183     828      505      1046     568      472      221      394      221      1052     19       710      793      1038     747      832      0        1195     1269     1020     1294     201      370      734      478      876      977      1006     696      1109     719      782      988      1230     1046     624      869      
21       17940    129      703      99       402      1039     1087     278      652      735      975      804      1076     311      1200     632      1071     1054     477      732      1195     0        238      379      131      1203     885      476      759      355      389      610      1026     276      1097     642      572      63       838      924      838      
22       19290    340      804      338      209      941      1061     504      779      843      1058     897      1187     228      1277     810      982      912      521      643      1269     238      0        284      326      1238     922      537      798      394      608      473      958      167      1024     838      446      288      685      1103     732      
23       12000    509      597      449      167      671      777      528      600      640      820      675      968      69       1030     695      708      675      295      366      1020     379      284      0        509      969      659      324      541      204      596      232      677      121      745      750      193      443      461      968      464      
24       21420    27       797      120      516      1170     1212     297      737      826      1073     900      1161     440      1298     684      1203     1184     597      864      1294     131      326      509      0        1315     999      592      874      480      408      738      1157     401      1227     677      701      72       965      968      970      
25       18210    1297     547      1199     1122     659      327      1097     634      537      306      451      398      1012     220      810      618      873      730      720      201      1203     1238     969      1315     0        319      727      445      859      1046     911      528      1072     539      891      901      1246     912      783      734      
26       8610     982      279      885      818      543      309      798      373      291      221      221      400      697      384      572      525      732      411      470      370      885      922      659      999      319      0        409      126      540      761      636      424      757      475      660      618      929      696      654      525      
27       3660     576      275      481      489      679      634      429      278      317      521      361      654      333      742      408      695      778      36       414      734      476      537      324      592      727      409      0        283      142      433      440      623      385      694      481      401      521      624      656      527      
28       4830     858      211      761      704      550      388      682      297      239      291      203      460      576      489      498      545      715      285      406      478      759      798      541      874      445      126      283      0        414      654      546      449      635      512      586      522      804      641      634      483      
29       7590     468      414      381      361      718      733      384      403      455      663      504      795      198      884      491      744      779      129      422      876      355      394      204      480      859      540      142      414      0        426      380      686      245      758      549      337      407      594      765      537      
30       15870    382      499      305      706      1113     1040     113      413      511      762      596      807      552      976      292      1129     1199     462      836      977      389      608      596      408      1046     761      433      654      426      0        804      1054     559      1125     270      761      376      1020     563      951      
31       13710    739      675      682      276      473      657      748      708      718      837      726      1005     299      1020     847      518      446      404      202      1006     610      473      232      738      911      636      440      546      380      804      0        512      339      571      916      43       674      228      1092     263      
32       15840    1149     661      1066     781      131      203      1050     745      687      632      635      805      742      715      943      102      344      599      317      696      1026     958      677      1157     528      424      623      449      686      1054     512      0        799      72       1032     524      1085     419      1073     260      
33       14490    404      659      359      147      791      895      473      645      700      902      747      1039     60       1118     708      829      785      365      487      1109     276      167      121      401      1072     757      385      635      245      559      339      799      0        866      751      304      339      564      994      584      
34       17940    1220     723      1138     843      135      214      1122     809      747      675      691      844      810      738      1009     84       344      671      381      719      1097     1024     745      1227     539      475      694      512      758      1125     571      72       866      0        1097     586      1156     456      1128     311      
35       15630    651      382      568      892      1118     966      380      290      370      587      451      585      725      777      89       1121     1247     517      888      782      642      838      750      677      891      660      481      586      549      270      916      1032     751      1097     0        875      639      1105     292      996      
36       12750    702      642      642      256      495      659      706      672      685      813      697      980      261      1001     807      538      482      365      208      988      572      446      193      701      901      618      401      522      337      761      43       524      304      586      875      0        636      269      1055     285      
37       19290    66       734      71       463      1100     1140     263      677      763      1009     836      1102     374      1234     637      1132     1118     525      794      1230     63       288      443      72       1246     929      521      804      407      376      674      1085     339      1156     639      636      0        902      927      901      
38       18120    967      813      911      478      329      609      971      866      853      915      841      1093     527      1063     1029     382      227      588      235      1046     838      685      461      965      912      696      624      641      594      1020     228      419      564      456      1105     269      902      0        1246     178      
39       19290    942      435      856      1125     1182     955      671      384      398      491      438      403      958      613      294      1172     1347     691      1013     624      924      1103     968      968      783      654      656      634      765      563      1092     1073     994      1128     292      1055     927      1246     0        1107     
40       14340    967      672      896      539      210      436      921      736      710      746      687      924      533      886      914      254      251      494      115      869      838      732      464      970      734      525      527      483      537      951      263      260      584      311      996      285      901      178      1107     0        
;

