

sets
i        orders          /0*20/
k        routes          /1*20/
p        positions       /0*20/
;

alias(i,j)
alias(i,h)
alias(i,hh)
alias(i,jj)
alias(k,kk)
                            Parameters

rho(i)	Processing time
/
0	0
1	70
2	80
3	29
4	20
5	98
6	45
7	49
8	51
9	48
10	31
11	45
12	31
13	26
14	11
15	59
16	52
17	71
18	29
19	68
20	35
/

gamma(i)	Duedate
/
0	0
1	40
2	88
3	59
4	23
5	88
6	85
7	34
8	61
9	15
10	22
11	23
12	26
13	14
14	44
15	21
16	89
17	83
18	99
19	54
20	35
/

sigma(i)	Size
/
0	0
1	1
2	5
3	8
4	8
5	4
6	5
7	9
8	7
9	4
10	5
11	4
12	1
13	2
14	2
15	2
16	3
17	8
18	2
19	1
20	7
/

epsilon(i)	Priority
/
0	0
1	3
2	8
3	2
4	6
5	1
6	8
7	7
8	8
9	7
10	3
11	6
12	8
13	7
14	8
15	5
16	3
17	5
18	4
19	9
20	1
/

psi	Vehicle Capacity
/ 87 /
;

Table kappa(i,j)                 Setup
         0        1        2        3        4        5        6        7        8        9        10       11       12       13       14       15       16       17       18       19       20       
0        0        142      43       136      122      98       48       179      73       220      152      131      212      198      47       177      104      145      165      101      145      
1        142      0        112      83       103      65       118      41       69       129      38       18       79       63       123      88       70       115      33       40       151      
2        43       112      0        93       79       57       66       145      45       177      132      98       175      162      68       167      62       102      141      74       107      
3        136      83       93       0        27       44       142      88       80       84       121      65       101      93       146      170      35       31       116      79       70       
4        122      103      79       27       0        47       137      114      80       103      139      84       128      120      140      186      37       23       136      88       48       
5        98       65       57       44       47       0        98       90       36       125      97       47       117      105      102      142      10       67       98       41       94       
6        48       118      66       142      137      98       0        159      62       222      117      114      195      181      5        134      107      160      133      80       172      
7        179      41       145      88       114      90       159      0        106      103      65       47       38       23       164      109      92       118      48       79       159      
8        73       69       45       80       80       36       62       106      0        159      87       58       139      125      67       124      46       102      96       29       123      
9        220      129      177      84       103      125      222      103      159      0        164      119      81       87       226      211      117      86       149      147      119      
10       152      38       132      121      139      97       117      65       87       164      0        56       102      87       122      49       104      153      19       60       188      
11       131      18       98       65       84       47       114      47       58       119      56       0        82       67       119      105      52       97       52       33       132      
12       212      79       175      101      128      117      195      38       139      81       102      82       0        15       200      142      116      125      83       115      166      
13       198      63       162      93       120      105      181      23       125      87       87       67       15       0        185      129      104      120      69       100      161      
14       47       123      68       146      140      102      5        164      67       226      122      119      200      185      0        138      111      163      138      85       174      
15       177      88       167      170      186      142      134      109      124      211      49       105      142      129      138      0        150      202      61       102      235      
16       104      70       62       35       37       10       107      92       46       117      104      52       116      104      111      150      0        57       104      50       85       
17       145      115      102      31       23       67       160      118      102      86       153      97       125      120      163      202      57       0        147      107      41       
18       165      33       141      116      136      98       133      48       96       149      19       52       83       69       138      61       104      147      0        67       185      
19       101      40       74       79       88       41       80       79       29       147      60       33       115      100      85       102      50       107      67       0        135      
20       145      151      107      70       48       94       172      159      123      119      188      132      166      161      174      235      85       41       185      135      0        
;



Table delta(i,j)                 Distance
         0        1        2        3        4        5        6        7        8        9        10       11       12       13       14       15       16       17       18       19       20       
0        0        1040     950      800      1410     1680     1410     340      820      1060     1520     410      1900     700      1740     1870     620      750      1070     1400     800      
1        1040     0        15       143      39       93       129      138      70       123      77       86       123      112      102      133      135      78       60       79       63       
2        950      15       0        128      53       87       114      129      76       107      92       73       115      114      95       123      121      82       46       68       47       
3        800      143      128      0        182      162      95       85       154      54       212      60       172      150      164      159      19       150      108      133      84       
4        1410     39       53       182      0        99       157      174      89       157      55       125      128      136      108      145      174      99       89       96       100      
5        1680     93       87       162      99       0        88       200      163      113      154      131      30       201      9        47       165      170      60       29       89       
6        1410     129      114      95       157      88       0        164      180      41       206      101      86       200      86       68       107      182      69       67       76       
7        340      138      129      85       174      200      164      0        107      125      181      69       221      80       206      216      66       98       139      172      110      
8        820      70       76       154      89       163      180      107      0        158      75       95       192      47       171      199      139      11       118      145      104      
9        1060     123      107      54       157      113      41       125      158      0        199      68       120      171      114      105      66       158      70       86       60       
10       1520     77       92       212      55       154      206      181      75       199      0        151      184      120      163      200      200      86       136      149      138      
11       410      86       73       60       125      131      101      69       95       68       151      0        151      102      136      146      49       93       70       102      41       
12       1900     123      115      172      128      30       86       221      192      120      184      151      0        228      20       24       179      198      83       50       110      
13       700      112      114      150      136      201      200      80       47       171      120      102      228      0        209      232      132      37       148      179      127      
14       1740     102      95       164      108      9        86       206      171      114      163      136      20       209      0        38       168      178      66       34       95       
15       1870     133      123      159      145      47       68       216      199      105      200      146      24       232      38       0        168      204      83       54       108      
16       620      135      121      19       174      165      107      66       139      66       200      49       179      132      168      168      0        134      108      136      81       
17       750      78       82       150      99       170      182      98       11       158      86       93       198      37       178      204      134      0        122      150      106      
18       1070     60       46       108      89       60       69       139      118      70       136      70       83       148      66       83       108      122      0        33       28       
19       1400     79       68       133      96       29       67       172      145      86       149      102      50       179      34       54       136      150      33       0        61       
20       800      63       47       84       100      89       76       110      104      60       138      41       110      127      95       108      81       106      28       61       0        
;

