

sets
i        orders          /0*20/
k        routes          /1*20/
p        positions       /0*20/
;

alias(i,j)
alias(i,h)
alias(i,hh)
alias(i,jj)
alias(k,kk)
                            Parameters

rho(i)	Processing time
/
0	0
1	10
2	89
3	45
4	65
5	12
6	72
7	79
8	92
9	96
10	67
11	96
12	5
13	3
14	37
15	18
16	84
17	10
18	39
19	5
20	76
/

gamma(i)	Duedate
/
0	0
1	74
2	77
3	3
4	81
5	35
6	90
7	4
8	58
9	85
10	38
11	4
12	87
13	45
14	33
15	53
16	78
17	42
18	64
19	87
20	82
/

sigma(i)	Size
/
0	0
1	6
2	1
3	2
4	9
5	6
6	4
7	2
8	5
9	3
10	7
11	1
12	5
13	9
14	5
15	7
16	4
17	1
18	2
19	8
20	9
/

epsilon(i)	Priority
/
0	0
1	6
2	4
3	4
4	1
5	8
6	8
7	4
8	6
9	2
10	7
11	8
12	5
13	6
14	3
15	3
16	1
17	1
18	3
19	5
20	1
/

psi	Vehicle Capacity
/ 113 /
;

Table kappa(i,j)                 Setup
         0        1        2        3        4        5        6        7        8        9        10       11       12       13       14       15       16       17       18       19       20       
0        0        143      101      2        68       133      51       128      136      42       114      120      50       141      80       122      29       51       148      43       134      
1        143      0        122      141      148      127      92       81       21       144      143      195      171      94       93       110      145      110      71       133      27       
2        101      122      0        98       47       195      88       165      131      65       190      215      151      182      36       178      77       120      76       132      134      
3        2        141      98       0        66       133      49       128      134      40       115      122      53       141      77       123      27       51       145      45       132      
4        68       148      47       66       0        188      81       169      151      26       176      189      118      185      55       174      40       105      119      109      152      
5        133      127      195      133      188      0        108      46       106      167      31       88       117      39       159      18       157      83       187      91       100      
6        51       92       88       49       81       108      0        88       84       65       101      132      84       103      54       93       60       33       108      51       83       
7        128      81       165      128      169      46       88       0        60       153      68       126      131      16       129      31       146      77       145      95       54       
8        136      21       131      134      151      106      84       60       0        143      123      176      158      73       99       89       142      97       90       120      5        
9        42       144      65       40       26       167      65       153      143      0        152      163      92       168      59       154      13       83       128      84       143      
10       114      143      190      115      176      31       101      68       123      152      0        58       89       67       155      38       141      71       194      70       118      
11       120      195      215      122      189      88       132      126      176      163      58       0        75       125      185      96       149      98       236      83       171      
12       50       171      151      53       118      117      84       131      158      92       89       75       0        139      128      113      78       61       191      38       155      
13       141      94       182      141      185      39       103      16       73       168      67       125      139      0        145      29       160      90       160      105      67       
14       80       93       36       77       55       159      54       129      99       59       155      185      128      145      0        142      65       87       69       102      101      
15       122      110      178      123      174      18       93       31       89       154      38       96       113      29       142      0        145      71       169      82       83       
16       29       145      77       27       40       157      60       146      142      13       141      149      78       160      65       145      0        73       135      71       141      
17       51       110      120      51       105      83       33       77       97       83       71       98       61       90       87       71       73       0        139      23       94       
18       148      71       76       145      119      187      108      145      90       128      194      236      191      160      69       169      135      139      0        159      95       
19       43       133      132      45       109      91       51       95       120      84       70       83       38       105      102      82       71       23       159      0        117      
20       134      27       134      132      152      100      83       54       5        143      118      171      155      67       101      83       141      94       95       117      0        
;



Table delta(i,j)                 Distance
         0        1        2        3        4        5        6        7        8        9        10       11       12       13       14       15       16       17       18       19       20       
0        0        110      550      550      910      1290     1520     2090     880      1700     560      2190     1180     1480     1770     690      730      1310     2060     930      340      
1        110      0        63       53       87       141      148      216      100      179      60       226      122      144      183      79       85       128      213      102      43       
2        550      63       0        47       74       107      135      153      68       116      21       164      70       127      122      84       58       107      151      43       21       
3        550      53       47       0        36       153      99       179      113      152      28       185      75       93       142      115      100      76       177      88       47       
4        910      87       74       36       0        181      63       173      142      157      53       175      64       57       133      150      131      40       172      107      81       
5        1290     141      107      153      181      0        240      170      41       117      128      190      155      231      163      76       56       210      167      80       108      
6        1520     148      135      99       63       240      0        192      203      192      115      186      96       10       152      213      193      30       192      161      144      
7        2090     216      153      179      173      170      192      0        166      52       157      22       109      181      41       212      172      167      3        122      175      
8        880      100      68       113      142      41       203      166      0        116      89       184      125      195      149      48       15       174      163      53       67       
9        1700     179      116      152      157      117      192      52       116      0        126      73       96       181      56       163      123      163      49       77       135      
10       560      60       21       28       53       128      115      157      89       126      0        166      62       107      122      100      78       87       155      60       32       
11       2190     226      164      185      175      190      186      22       184      73       166      0        112      176      43       228      189      164      25       137      186      
12       1180     122      70       75       64       155      96       109      125      96       62       112      0        86       69       153      121      67       107      74       91       
13       1480     144      127      93       57       231      10       181      195      181      107      176      86       0        141      207      185      20       181      152      137      
14       1770     183      122      142      133      163      152      41       149      56       122      43       69       141      0        191      152      126      40       99       144      
15       690      79       84       115      150      76       213      212      48       163      100      228      153      207      191      0        39       187      209      92       69       
16       730      85       58       100      131      56       193      172      15       123      78       189      121      185      152      39       0        165      169      53       53       
17       1310     128      107      76       40       210      30       167      174      163      87       164      67       20       126      187      165      0        166      131      118      
18       2060     213      151      177      172      167      192      3        163      49       155      25       107      181      40       209      169      166      0        119      172      
19       930      102      43       88       107      80       161      122      53       77       60       137      74       152      99       92       53       131      119      0        59       
20       340      43       21       47       81       108      144      175      67       135      32       186      91       137      144      69       53       118      172      59       0        
;

