
sets
i        orders          /0*10/
k        routes          /1*10/
p        positions       /0*10/
;

alias(i,j)
alias(i,h)
alias(i,hh)
alias(i,jj)
alias(k,kk)
                
                    Parameters

rho(i)	Processing time
/
0	0
1	76
2	9
3	42
4	53
5	42
6	2
7	52
8	86
9	38
10	62
/

gamma(i)	Duedate
/
0	0
1	62
2	70
3	32
4	6
5	2
6	36
7	3
8	89
9	33
10	39
/

sigma(i)	Size
/
0	0
1	5
2	7
3	3
4	4
5	1
6	2
7	5
8	2
9	9
10	7
/

epsilon(i)	Priority
/
0	0
1	1
2	4
3	6
4	3
5	8
6	1
7	6
8	2
9	7
10	6
/

psi	Vehicle Capacity
/ 21 /
;

Table kappa(i,j)                 Setup
         0        1        2        3        4        5        6        7        8        9        10       
0        0        195      55       54       69       203      116      178      142      33       118      
1        195      0        200      205      185      25       115      31       66       197      148      
2        55       200      0        110      123      215      95       176      161      89       81       
3        54       205      110      0        27       207      154      196      142      21       164      
4        69       185      123      27       0        185      149      179      120      38       164      
5        203      25       215      207      185      0        135      55       64       201      169      
6        116      115      95       154      149      135      0        86       103      136      34       
7        178      31       176      196      179      55       86       0        69       184      118      
8        142      66       161      142      120      64       103      69       0        136      136      
9        33       197      89       21       38       201      136      184      136      0        144      
10       118      148      81       164      164      169      34       118      136      144      0        
;



Table delta(i,j)                 Distance
         0        1        2        3        4        5        6        7        8        9        10       
0        0        2080     4760     4120     1300     3880     4120     3860     2420     2960     1420     
1        2080     0        205      102      138      145      115      120      96       215      113      
2        4760     205      0        216      200      63       147      105      119      199      172      
3        4120     102      216      0        232      155      71       110      154      299      202      
4        1300     138      200      232      0        170      211      185      102      83       34       
5        3880     145      63       155      170      0        90       46       72       196      138      
6        4120     115      147      71       211      90       0        43       115      263      178      
7        3860     120      105      110      185      46       43       0        84       227      151      
8        2420     96       119      154      102      72       115      84       0        148      68       
9        2960     215      199      299      83       196      263      227      148      0        101      
10       1420     113      172      202      34       138      178      151      68       101      0        
;

