

sets
i        orders          /0*20/
k        routes          /1*20/
p        positions       /0*20/
;

alias(i,j)
alias(i,h)
alias(i,hh)
alias(i,jj)
alias(k,kk)
                            Parameters

rho(i)	Processing time
/
0	0
1	67
2	95
3	27
4	54
5	20
6	26
7	50
8	46
9	83
10	46
11	19
12	44
13	27
14	69
15	38
16	43
17	97
18	73
19	41
20	24
/

gamma(i)	Duedate
/
0	0
1	20
2	11
3	68
4	82
5	35
6	35
7	50
8	27
9	49
10	86
11	93
12	29
13	87
14	80
15	53
16	34
17	45
18	90
19	90
20	27
/

sigma(i)	Size
/
0	0
1	9
2	4
3	3
4	3
5	4
6	1
7	9
8	7
9	8
10	6
11	3
12	7
13	5
14	7
15	1
16	3
17	9
18	8
19	1
20	8
/

epsilon(i)	Priority
/
0	0
1	6
2	6
3	9
4	8
5	1
6	7
7	5
8	7
9	8
10	8
11	2
12	9
13	9
14	4
15	9
16	1
17	1
18	1
19	4
20	6
/

psi	Vehicle Capacity
/ 30 /
;

Table kappa(i,j)                 Setup
         0        1        2        3        4        5        6        7        8        9        10       11       12       13       14       15       16       17       18       19       20       
0        0        683      507      1108     443      1717     1245     1172     2347     1963     171      1279     367      931      1653     1745     1937     1784     1885     1080     2326     
1        683      0        395      516      334      1323     1158     559      1694     1279     532      821      510      403      1210     1220     1389     1119     1202     400      1719     
2        507      395      0        912      474      1220     855      953      1879     1575     340      771      167      790      1148     1239     1432     1339     1516     702      1832     
3        1108     516      912      0        668      1588     1608     74       1557     988      992      1106     1019     188      1445     1363     1482     991      883      430      1687     
4        443      334      474      668      0        1614     1329     734      2022     1570     355      1122     477      487      1514     1544     1718     1443     1482     718      2053     
5        1717     1323     1220     1588     1614     0        726      1565     1220     1423     1558     503      1350     1615     158      389      515      1035     1459     1158     964      
6        1245     1158     855      1608     1329     726      0        1620     1859     1861     1124     683      907      1550     778      1010     1193     1502     1856     1229     1658     
7        1172     559      953      74       734      1565     1620     0        1490     914      1051     1092     1067     262      1420     1326     1437     928      808      414      1628     
8        2347     1694     1879     1557     2022     1220     1859     1490     0        669      2178     1233     2046     1707     1105     855      706      581      784      1305     351      
9        1963     1279     1575     988      1570     1423     1861     914      669      0        1809     1178     1734     1164     1268     1043     1016     387      118      886      936      
10       171      532      340      992      355      1558     1124     1051     2178     1809     0        1111     219      825      1488     1576     1767     1618     1734     923      2155     
11       1279     821      771      1106     1122     503      683      1092     1233     1178     1111     0        923      1117     392      473      672      820      1176     677      1106     
12       367      510      167      1019     477      1350     907      1067     2046     1734     219      923      0        876      1289     1394     1590     1505     1671     854      1996     
13       931      403      790      188      487      1615     1550     262      1707     1164     825      1117     876      0        1482     1431     1567     1131     1062     479      1812     
14       1653     1210     1148     1445     1514     158      778      1420     1105     1268     1488     392      1289     1482     0        253      416      881      1303     1017     880      
15       1745     1220     1239     1363     1544     389      1010     1326     855      1043     1576     473      1394     1431     253      0        200      657      1089     952      656      
16       1937     1389     1432     1482     1718     515      1193     1437     706      1016     1767     672      1590     1567     416      200      0        652      1081     1090     465      
17       1784     1119     1339     991      1443     1035     1502     928      581      387      1618     820      1505     1131     881      657      652      0        433      725      706      
18       1885     1202     1516     883      1482     1459     1856     808      784      118      1734     1176     1671     1062     1303     1089     1081     433      0        817      1038     
19       1080     400      702      430      718      1158     1229     414      1305     886      923      677      854      479      1017     952      1090     725      817      0        1362     
20       2326     1719     1832     1687     2053     964      1658     1628     351      936      2155     1106     1996     1812     880      656      465      706      1038     1362     0        
;



Table delta(i,j)                 Distance
         0        1        2        3        4        5        6        7        8        9        10       11       12       13       14       15       16       17       18       19       20       
0        0        31       25       68       33       37       35       73       45       96       94       20       18       92       15       52       67       81       60       43       42       
1        31       0        20       69       62       30       38       103      76       121      119      51       17       116      46       76       93       96       63       73       72       
2        25       20       0        51       49       13       18       89       67       102      100      41       25       97       37       57       76       76       44       67       60       
3        68       69       51       0        68       38       33       97       94       87       84       74       76       80       72       55       70       43       9        98       78       
4        33       62       49       68       0        55       45       40       25       64       63       16       51       61       20       25       36       61       58       30       11       
5        37       30       13       38       55       0        12       94       76       101      98       51       39       95       47       57       76       69       33       77       66       
6        35       38       18       33       45       12       0        83       69       89       86       45       43       83       42       45       64       58       26       71       57       
7        73       103      89       97       40       94       83       0        36       44       45       53       90       46       58       42       30       70       88       44       30       
8        45       76       67       94       25       76       69       36       0        74       74       25       60       74       30       47       50       83       84       8        17       
9        96       121      102      87       64       101      89       44       74       0        3        80       113      7        84       45       28       46       80       83       60       
10       94       119      100      84       63       98       86       45       74       3        0        79       112      4        83       43       27       42       77       83       60       
11       20       51       41       74       16       51       45       53       25       80       79       0        37       78       5        40       52       75       64       26       22       
12       18       17       25       76       51       39       43       90       60       113      112      37       0        110      32       69       85       95       69       57       60       
13       92       116      97       80       61       95       83       46       74       7        4        78       110      0        82       41       25       38       73       83       59       
14       15       46       37       72       20       47       42       58       30       84       83       5        32       82       0        43       56       76       63       29       27       
15       52       76       57       55       25       57       45       42       47       45       43       40       69       41       43       0        18       36       46       54       29       
16       67       93       76       70       36       76       64       30       50       28       27       52       85       25       56       18       0        40       62       58       34       
17       81       96       76       43       61       69       58       70       83       46       42       75       95       38       76       36       40       0        39       91       66       
18       60       63       44       9        58       33       26       88       84       80       77       64       69       73       63       46       62       39       0        88       68       
19       43       73       67       98       30       77       71       44       8        83       83       26       57       83       29       54       58       91       88       0        25       
20       42       72       60       78       11       66       57       30       17       60       60       22       60       59       27       29       34       66       68       25       0        
;

