

sets
i        orders          /0*20/
k        routes          /1*20/
p        positions       /0*20/
;

alias(i,j)
alias(i,h)
alias(i,hh)
alias(i,jj)
alias(k,kk)
                            Parameters

rho(i)	Processing time
/
0	0
1	4
2	51
3	7
4	24
5	73
6	48
7	96
8	30
9	27
10	28
11	27
12	38
13	84
14	62
15	19
16	18
17	54
18	61
19	53
20	82
/

gamma(i)	Duedate
/
0	0
1	87
2	30
3	68
4	58
5	65
6	73
7	85
8	57
9	71
10	33
11	6
12	88
13	20
14	60
15	34
16	87
17	44
18	67
19	91
20	55
/

sigma(i)	Size
/
0	0
1	3
2	4
3	4
4	9
5	6
6	8
7	6
8	6
9	5
10	6
11	4
12	4
13	1
14	7
15	1
16	2
17	4
18	1
19	1
20	9
/

epsilon(i)	Priority
/
0	0
1	5
2	2
3	9
4	8
5	7
6	9
7	1
8	1
9	9
10	8
11	6
12	8
13	4
14	9
15	7
16	2
17	7
18	1
19	3
20	8
/

psi	Vehicle Capacity
/ 43 /
;

Table kappa(i,j)                 Setup
         0        1        2        3        4        5        6        7        8        9        10       11       12       13       14       15       16       17       18       19       20       
0        0        1139     1457     2150     161      1111     318      1590     1614     128      801      1364     1401     1164     788      280      685      1255     1405     1446     290      
1        1139     0        827      1663     1104     94       1305     1602     1180     1096     339      550      2053     163      1694     1186     473      345      457      2121     1066     
2        1457     827      0        841      1514     741      1738     929      368      1350     900      290      1699     663      1626     1641     891      486      1242     1771     1226     
3        2150     1663     841      0        2243     1580     2459     846      545      2028     1728     1114     1830     1500     2050     2379     1696     1318     2055     1894     1877     
4        161      1104     1514     2243     0        1090     224      1722     1701     274      774      1392     1562     1152     945      138      682      1263     1323     1607     429      
5        1111     94       741      1580     1090     0        1298     1507     1090     1059     315      472      1972     86       1632     1180     430      269      551      2040     1016     
6        318      1305     1738     2459     224      1298     0        1908     1919     447      984      1615     1651     1364     999      121      901      1482     1483     1688     608      
7        1590     1602     929      846      1722     1507     1908     0        631      1461     1493     1182     983      1457     1271     1859     1392     1326     2058     1048     1299     
8        1614     1180     368      545      1701     1090     1919     631      0        1494     1199     657      1529     1017     1603     1837     1156     847      1606     1600     1348     
9        128      1096     1350     2028     274      1059     447      1461     1494     0        758      1275     1304     1105     721      404      628      1180     1398     1353     161      
10       801      339      900      1728     774      315      984      1493     1199     758      0        689      1796     381      1381     867      149      518      691      1860     737      
11       1364     550      290      1114     1392     472      1615     1182     657      1275     689      0        1852     388      1675     1508     721      204      952      1925     1176     
12       1401     2053     1699     1830     1562     1972     1651     983      1529     1304     1796     1852     0        1962     668      1667     1650     1909     2481     72       1190     
13       1164     163      663      1500     1152     86       1364     1457     1017     1105     381      388      1962     0        1650     1248     479      184      603      2031     1051     
14       788      1694     1626     2050     945      1632     999      1271     1603     721      1381     1675     668      1650     0        1031     1232     1659     2065     696      659      
15       280      1186     1641     2379     138      1180     121      1859     1837     404      867      1508     1667     1248     1031     0        790      1370     1363     1709     563      
16       685      473      891      1696     682      430      901      1392     1156     628      149      721      1650     479      1232     790      0        581      841      1714     593      
17       1255     345      486      1318     1263     269      1482     1326     847      1180     518      204      1909     184      1659     1370     581      0        760      1980     1103     
18       1405     457      1242     2055     1323     551      1483     2058     1606     1398     691      952      2481     603      2065     1363     841      760      0        2547     1411     
19       1446     2121     1771     1894     1607     2040     1688     1048     1600     1353     1860     1925     72       2031     696      1709     1714     1980     2547     0        1243     
20       290      1066     1226     1877     429      1016     608      1299     1348     161      737      1176     1190     1051     659      563      593      1103     1411     1243     0        
;



Table delta(i,j)                 Distance
         0        1        2        3        4        5        6        7        8        9        10       11       12       13       14       15       16       17       18       19       20       
0        0        88       21       67       31       65       58       49       81       27       100      26       58       48       54       31       15       49       39       57       50       
1        88       0        93       53       78       103      37       56       56       62       74       91       32       117      39       67       91       89       53       31       64       
2        21       93       0        59       50       45       68       64       72       31       88       6        67       29       65       48       5        30       40       62       68       
3        67       53       59       0        77       51       57       70       14       43       34       54       50       73       55       66       60       41       33       38       78       
4        31       78       50       77       0        92       41       25       91       35       112      55       46       79       39       12       45       74       44       51       22       
5        65       103      45       51       92       0        94       98       57       60       61       38       89       35       91       85       50       17       60       79       104      
6        58       37       68       57       41       94       0        19       67       37       89       69       7        96       3        31       65       77       34       18       27       
7        49       56       64       70       25       98       19       0        82       37       104      67       25       94       17       18       60       80       40       34       8        
8        81       56       72       14       91       57       67       82       0        57       21       67       60       84       66       80       74       51       47       49       90       
9        27       62       31       43       35       60       37       37       57       0        78       31       35       59       33       25       29       43       12       31       43       
10       100      74       88       34       112      61       89       104      21       78       0        82       81       93       88       101      90       61       68       70       112      
11       26       91       6        54       55       38       69       67       67       31       82       0        67       27       65       51       11       24       38       61       71       
12       58       32       67       50       46       89       7        25       60       35       81       67       0        94       8        35       64       72       29       11       34       
13       48       117      29       73       79       35       96       94       84       59       93       27       94       0        93       77       34       33       65       87       97       
14       54       39       65       55       39       91       3        17       66       33       88       65       8        93       0        28       61       74       31       17       26       
15       31       67       48       66       12       85       31       18       80       25       101      51       35       77       28       0        43       67       33       39       20       
16       15       91       5        60       45       50       65       60       74       29       90       11       64       34       61       43       0        35       38       60       63       
17       49       89       30       41       74       17       77       80       51       43       61       24       72       33       74       67       35       0        43       63       86       
18       39       53       40       33       44       60       34       40       47       12       68       38       29       65       31       33       38       43       0        22       47       
19       57       31       62       38       51       79       18       34       49       31       70       61       11       87       17       39       60       63       22       0        43       
20       50       64       68       78       22       104      27       8        90       43       112      71       34       97       26       20       63       86       47       43       0        
;

