

sets
i        orders          /0*20/
k        routes          /1*20/
p        positions       /0*20/
;

alias(i,j)
alias(i,h)
alias(i,hh)
alias(i,jj)
alias(k,kk)
                            Parameters

rho(i)	Processing time
/
0	0
1	94
2	29
3	52
4	93
5	47
6	73
7	26
8	63
9	91
10	14
11	89
12	1
13	36
14	84
15	33
16	31
17	15
18	78
19	42
20	24
/

gamma(i)	Duedate
/
0	0
1	4
2	79
3	96
4	75
5	6
6	49
7	46
8	84
9	19
10	33
11	10
12	12
13	23
14	3
15	4
16	39
17	10
18	16
19	72
20	98
/

sigma(i)	Size
/
0	0
1	5
2	1
3	1
4	1
5	8
6	9
7	4
8	1
9	6
10	4
11	6
12	8
13	4
14	6
15	1
16	9
17	9
18	2
19	3
20	6
/

epsilon(i)	Priority
/
0	0
1	3
2	7
3	4
4	1
5	3
6	2
7	9
8	2
9	9
10	5
11	9
12	7
13	5
14	5
15	3
16	8
17	3
18	4
19	2
20	3
/

psi	Vehicle Capacity
/ 10 /
;

Table kappa(i,j)                 Setup
         0        1        2        3        4        5        6        7        8        9        10       11       12       13       14       15       16       17       18       19       20       
0        0        392      539      815      624      767      838      132      66       532      519      421      448      377      545      813      421      217      751      969      391      
1        392      0        286      640      300      402      447      260      364      350      502      63       452      44       500      523      82       330      453      577      375      
2        539      286      0        354      526      554      496      422      483      631      788      339      299      252      787      274      360      576      212      570      254      
3        815      640      354      0        864      856      745      725      750      985      1139     693      397      604      1140     260      714      905      288      757      428      
4        624      300      526      864      0        165      319      512      620      212      431      239      748      343      407      673      226      464      610      464      673      
5        767      402      554      856      165      0        180      646      754      371      589      353      818      438      561      632      348      624      578      315      748      
6        838      447      496      745      319      180      0        707      811      531      750      419      788      469      726      498      424      732      456      147      729      
7        132      260      422      725      512      646      707      0        108      454      493      294      395      245      512      696      297      198      631      837      324      
8        66       364      483      750      620      754      811      108      0        550      561      402      382      344      584      756      406      255      695      938      325      
9        532      350      631      985      212      371      531      454      550      0        219      292      784      392      196      832      271      329      764      677      705      
10       519      502      788      1139     431      589      750      493      561      219      0        458      877      536      39       1017     438      305      948      896      800      
11       421      63       339      693      239      353      419      294      402      292      458      0        516      107      453      559      21       325      489      557      438      
12       448      452      299      397      748      818      788      395      382      784      877      516      0        408      890      500      533      593      463      869      79       
13       377      44       252      604      343      438      469      245      344      392      536      107      408      0        536      500      126      342      431      594      331      
14       545      500      787      1140     407      561      726      512      584      196      39       453      890      536      0        1010     432      329      941      871      812      
15       813      523      274      260      673      632      498      696      756      832      1017     559      500      500      1010     0        579      839      69       497      488      
16       421      82       360      714      226      348      424      297      406      271      438      21       533      126      432      579      0        314      509      563      455      
17       217      330      576      905      464      624      732      198      255      329      305      325      593      342      329      839      314      0        771      875      521      
18       751      453      212      288      610      578      456      631      695      764      948      489      463      431      941      69       509      771      0        474      442      
19       969      577      570      757      464      315      147      837      938      677      896      557      869      594      871      497      563      875      474      0        818      
20       391      375      254      428      673      748      729      324      325      705      800      438      79       331      812      488      455      521      442      818      0        
;



Table delta(i,j)                 Distance
         0        1        2        3        4        5        6        7        8        9        10       11       12       13       14       15       16       17       18       19       20       
0        0        1480     3040     2340     2570     3250     3300     2650     1230     2240     3520     1380     2780     4130     1450     1290     4340     2820     2490     1730     3090     
1        1480     0        452      93       167      248      403      119      164      295      244      47       212      486      267      218      478      178      275      305      210      
2        3040     452      0        536      530      577      368      569      357      333      626      437      530      412      232      300      491      561      413      196      581      
3        2340     93       536      0        203      280      489      37       254      383      249      99       256      572      360      310      556      113      354      374      228      
4        2570     167      530      203      0        81       345      195      173      260      97       214      54       419      304      235      379      316      196      430      52       
5        3250     248      577      280      81       0        337      267      223      273      78       295      47       401      345      276      344      393      195      497      58       
6        3300     403      368      489      345      337      0        502      239      109      412      428      307      84       205      201      124      580      149      418      376      
7        2650     119      569      37       195      267      502      0        272      399      227      134      249      584      385      332      561      132      362      410      212      
8        1230     164      357      254      173      223      239      272      0        131      269      189      175      323      131      64       326      340      129      281      224      
9        2240     295      333      383      260      273      109      399      131      0        341      319      234      193      120      95       211      471      83       334      300      
10       3520     244      626      249      97       78       412      227      269      341      0        290      107      478      398      329      422      359      267      525      45       
11       1380     47       437      99       214      295      428      134      189      319      290      0        259      512      274      234      511      153      309      276      257      
12       2780     212      530      256      54       47       307      249      175      234      107      259      0        377      298      229      330      369      160      450      68       
13       4130     486      412      572      419      401      84       584      323      193      478      512      377      0        282      285      97       664      224      489      445      
14       1450     267      232      360      304      345      205      385      131      120      398      274      298      282      0        69       323      424      187      216      353      
15       1290     218      300      310      235      276      201      332      64       95       329      234      229      285      69       0        305      387      135      254      284      
16       4340     478      491      556      379      344      124      561      326      211      422      511      330      97       323      305      0        657      203      539      395      
17       2820     178      561      113      316      393      580      132      340      471      359      153      369      664      424      387      657      0        454      377      341      
18       2490     275      413      354      196      195      149      362      129      83       267      309      160      224      187      135      203      454      0        389      228      
19       1730     305      196      374      430      497      418      410      281      334      525      276      450      489      216      254      539      377      389      0        482      
20       3090     210      581      228      52       58       376      212      224      300      45       257      68       445      353      284      395      341      228      482      0        
;

