
sets
i        orders          /0*40/
k        routes          /1*40/
p        positions       /0*40/
;

alias(i,j)
alias(i,h)
alias(i,hh)
alias(i,jj)
alias(k,kk)
                
                    Parameters

rho(i)	Processing time
/
0	0
1	68
2	63
3	24
4	38
5	46
6	61
7	14
8	15
9	57
10	20
11	83
12	53
13	52
14	20
15	60
16	7
17	75
18	27
19	40
20	4
21	57
22	72
23	57
24	61
25	10
26	47
27	76
28	83
29	46
30	60
31	45
32	71
33	58
34	38
35	19
36	37
37	30
38	46
39	22
40	10
/

gamma(i)	Duedate
/
0	0
1	62
2	94
3	62
4	71
5	45
6	1
7	95
8	76
9	5
10	63
11	56
12	99
13	8
14	78
15	67
16	35
17	13
18	7
19	34
20	3
21	78
22	81
23	71
24	2
25	12
26	14
27	44
28	15
29	92
30	98
31	59
32	11
33	35
34	8
35	97
36	98
37	72
38	26
39	75
40	62
/

sigma(i)	Size
/
0	0
1	3
2	6
3	7
4	8
5	8
6	7
7	7
8	2
9	1
10	8
11	7
12	2
13	7
14	1
15	2
16	4
17	5
18	9
19	2
20	4
21	2
22	4
23	2
24	5
25	6
26	7
27	3
28	1
29	9
30	2
31	4
32	5
33	1
34	3
35	5
36	9
37	5
38	3
39	6
40	5
/

epsilon(i)	Priority
/
0	0
1	3
2	8
3	8
4	5
5	8
6	7
7	7
8	3
9	2
10	9
11	7
12	9
13	1
14	8
15	4
16	1
17	8
18	6
19	5
20	7
21	7
22	5
23	5
24	9
25	7
26	4
27	1
28	1
29	1
30	3
31	5
32	2
33	2
34	7
35	4
36	1
37	2
38	7
39	5
40	5
/

psi	Vehicle Capacity
/ 29 /
;

Table kappa(i,j)                 Setup
         0        1        2        3        4        5        6        7        8        9        10       11       12       13       14       15       16       17       18       19       20       21       22       23       24       25       26       27       28       29       30       31       32       33       34       35       36       37       38       39       40       
0        0        303      397      736      343      1044     965      603      509      951      1064     107      1212     260      476      884      1370     1040     1002     710      750      1166     1115     253      167      1319     333      893      1198     1174     378      322      1311     296      901      1242     252      1057     1166     517      1086     
1        303      0        640      953      290      1020     700      649      530      768      848      195      1230     269      173      612      1286     936      957      762      867      1136     1046     134      267      1211     360      925      1195     904      429      235      1295     236      1113     1163     484      860      1004     249      913      
2        397      640      0        340      471      876      1149     442      428      1008     1154     478      975      656      800      1088     1247     976      866      502      448      992      996      639      375      1231     384      674      986      1353     354      719      1107     693      504      1123     156      1120     1169     767      1111     
3        736      953      340      0        728      817      1348     512      575      1129     1287     810      826      995      1100     1304     1191     1002     840      495      332      911      970      970      687      1211     634      597      864      1537     576      1056     981      1031     165      1083     486      1236     1232     1033     1197     
4        343      290      471      728      0        744      685      359      240      612      735      296      944      495      389      619      1042     702      689      472      588      863      791      385      180      982      94       636      914      892      156      499      1019     488      877      915      343      721      823      305      743      
5        1044     1020     876      817      744      0        898      453      535      554      690      1031     247      1238     1053     912      377      273      85       374      487      121      164      1129     885      397      716      220      185      1009     666      1242     275      1232     848      265      882      615      509      892      526      
6        965      700      1149     1348     685      898      0        849      773      351      276      870      1144     958      570      92       947      654      812      914      1095     963      808      826      839      830      765      965      1072     209      799      897      1116     910      1471     865      1028     343      534      453      448      
7        603      649      442      512      359      453      849      0        119      617      774      608      609      822      738      816      810      535      429      113      254      573      556      732      454      789      296      290      595      1030     233      843      710      828      622      685      429      726      741      616      695      
8        509      530      428      575      240      535      773      119      0        582      734      501      714      713      619      730      870      563      495      232      363      656      614      617      351      833      185      400      692      963      131      730      803      716      703      743      373      695      741      502      682      
9        951      768      1008     1129     612      554      351      617      582      0        159      882      797      1035     708      385      613      303      469      648      832      612      457      901      792      505      659      653      723      459      662      1000     765      1003     1226     520      923      112      241      541      146      
10       1064     848      1154     1287     735      690      276      774      734      159      0        985      926      1118     760      344      678      423      608      807      992      732      572      982      912      558      793      807      848      320      803      1072     875      1079     1385     608      1061     77       260      605      183      
11       107      195      478      810      296      1031     870      608      501      882      985      0        1215     214      369      787      1338     998      981      719      785      1151     1086     160      154      1278     316      898      1193     1078     375      252      1302     230      974      1211     324      984      1106     419      1021     
12       1212     1230     975      826      944      247      1144     609      714      797      926      1215     0        1428     1280     1159     441      503      332      503      533      201      360      1329     1063     521      899      319      83       1246     840      1442     162      1429     808      389      1016     849      720      1124     753      
13       260      269      656      995      495      1238     958      822      713      1035     1118     214      1428     0        393      868      1532     1186     1184     934      997      1357     1284     135      369      1464     528      1112     1404     1157     589      88       1511     60       1160     1406     511      1129     1269     515      1180     
14       476      173      800      1100     389      1053     570      738      619      708      760      369      1280     393      0        478      1276     925      981      848      976      1161     1052     269      425      1188     477      993      1235     765      544      327      1325     342      1256     1159     647      785      949      171      855      
15       884      612      1088     1304     619      912      92       816      730      385      344      787      1159     868      478      0        995      683      827      890      1067     986      837      736      764      882      704      958      1091     291      743      806      1144     819      1433     905      961      401      593      368      502      
16       1370     1286     1247     1191     1042     377      947      810      870      613      678      1338     441      1532     1276     995      0        352      381      746      864      283      256      1409     1204     125      1037     597      366      981      999      1520     299      1515     1209     127      1237     605      420      1105     499      
17       1040     936      976      1002     702      273      654      535      563      303      423      998      503      1186     925      683      352      0        197      510      675      311      154      1061     872      280      710      435      425      743      682      1170     462      1167     1064     236      937      346      243      754      253      
18       1002     957      866      840      689      85       812      429      495      469      608      981      332      1184     981      827      381      197      0        368      508      179      132      1071     839      373      670      250      266      925      626      1184     343      1175     886      257      856      533      439      818      448      
19       710      762      502      495      472      374      914      113      232      648      807      719      503      934      848      890      746      510      368      0        185      490      500      845      565      741      410      184      496      1083     345      957      615      941      578      625      517      750      736      719      704      
20       750      867      448      332      588      487      1095     254      363      832      992      785      533      997      976      1067     864      675      508      185      0        586      638      929      633      879      506      267      556      1268     437      1034     676      1015     395      752      518      934      910      865      884      
21       1166     1136     992      911      863      121      963      573      656      612      732      1151     201      1357     1161     986      283      311      179      490      586      0        161      1247     1006     335      837      323      118      1053     788      1360     164      1351     925      198      1002     655      518      997      556      
22       1115     1046     996      970      791      164      808      556      614      457      572      1086     360      1284     1052     837      256      154      132      500      638      161      0        1165     949      242      781      374      278      892      742      1277     308      1271     1009     129      981      494      360      883      395      
23       253      134      639      970      385      1129     826      732      617      901      982      160      1329     135      269      736      1409     1061     1071     845      929      1247     1165     0        297      1338     435      1017     1300     1027     501      113      1404     106      1134     1285     485      994      1136     380      1046     
24       167      267      375      687      180      885      839      454      351      792      912      154      1063     369      425      764      1204     872      839      565      633      1006     949      297      0        1152     169      745      1043     1048     222      401      1154     382      848      1076     221      900      1002     412      923      
25       1319     1211     1231     1211     982      397      830      789      833      505      558      1278     521      1464     1188     882      125      280      373      741      879      335      242      1338     1152     0        988      614      439      856      957      1447     398      1444     1245     137      1206     487      298      1017     381      
26       333      360      384      634      94       716      765      296      185      659      793      316      899      528      477      704      1037     710      670      410      506      837      781      435      169      988      0        584      877      970      69       546      987      531      784      909      268      771      855      399      782      
27       893      925      674      597      636      220      965      290      400      653      807      898      319      1112     993      958      597      435      250      184      267      323      374      1017     745      614      584      0        313      1109     523      1130     433      1116     636      485      701      739      678      849      670      
28       1198     1195     986      864      914      185      1072     595      692      723      848      1193     83       1404     1235     1091     366      425      266      496      556      118      278      1300     1043     439      877      313      0        1168     821      1413     121      1402     860      306      1014     771      637      1076     673      
29       1174     904      1353     1537     892      1009     209      1030     963      459      320      1078     1246     1157     765      291      981      743      925      1083     1268     1053     892      1027     1048     856      970      1109     1168     0        1000     1092     1194     1107     1652     922      1235     397      562      660      499      
30       378      429      354      576      156      666      799      233      131      662      803      375      840      589      544      743      999      682      626      345      437      788      742      501      222      957      69       523      821      1000     0        612      933      596      722      871      263      775      844      457      776      
31       322      235      719      1056     499      1242     897      843      730      1000     1072     252      1442     88       327      806      1520     1170     1184     957      1034     1360     1277     113      401      1447     546      1130     1413     1092     612      0        1517     29       1221     1396     570      1089     1238     466      1146     
32       1311     1295     1107     981      1019     275      1116     710      803      765      875      1302     162      1511     1325     1144     299      462      343      615      676      164      308      1404     1154     398      987      433      121      1194     933      1517     0        1507     969      282      1133     797      642      1162     694      
33       296      236      693      1031     488      1232     910      828      716      1003     1079     230      1429     60       342      819      1515     1167     1175     941      1015     1351     1271     106      382      1444     531      1116     1402     1107     596      29       1507     0        1196     1391     545      1094     1240     474      1149     
34       901      1113     504      165      877      848      1471     622      703      1226     1385     974      808      1160     1256     1433     1209     1064     886      578      395      925      1009     1134     848      1245     784      636      860      1652     722      1221     969      1196     0        1111     651      1328     1303     1180     1279     
35       1242     1163     1123     1083     915      265      865      685      743      520      608      1211     389      1406     1159     905      127      236      257      625      752      198      129      1285     1076     137      909      485      306      922      871      1396     282      1391     1111     0        1110     531      363      989      425      
36       252      484      156      486      343      882      1028     429      373      923      1061     324      1016     511      647      961      1237     937      856      517      518      1002     981      485      221      1206     268      701      1014     1235     263      570      1133     545      651      1110     0        1036     1107     624      1039     
37       1057     860      1120     1236     721      615      343      726      695      112      77       984      849      1129     785      401      605      346      533      750      934      655      494      994      900      487      771      739      771      397      775      1089     797      1094     1328     531      1036     0        191      624      107      
38       1166     1004     1169     1232     823      509      534      741      741      241      260      1106     720      1269     949      593      420      243      439      736      910      518      360      1136     1002     298      855      678      637      562      844      1238     642      1240     1303     363      1107     191      0        782      95       
39       517      249      767      1033     305      892      453      616      502      541      605      419      1124     515      171      368      1105     754      818      719      865      997      883      380      412      1017     399      849      1076     660      457      466      1162     474      1180     989      624      624      782      0        688      
40       1086     913      1111     1197     743      526      448      695      682      146      183      1021     753      1180     855      502      499      253      448      704      884      556      395      1046     923      381      782      670      673      499      776      1146     694      1149     1279     425      1039     107      95       688      0        
;



Table delta(i,j)                 Distance
         0        1        2        3        4        5        6        7        8        9        10       11       12       13       14       15       16       17       18       19       20       21       22       23       24       25       26       27       28       29       30       31       32       33       34       35       36       37       38       39       40       
0        0        612      239      161      167      553      102      485      431      94       168      321      345      520      407      349      564      595      355      310      372      577      293      408      203      234      387      67       248      455      425      390      592      390      411      490      29       390      227      339      466      
1        612      0        508      642      458      262      698      504      232      702      764      743      287      491      384      949      636      695      310      303      783      108      692      568      730      412      982      621      692      296      223      227      561      404      977      354      637      631      748      342      1052     
2        239      508      0        385      138      360      262      245      415      322      399      237      335      281      478      478      333      371      374      270      281      517      186      178      237      117      502      299      473      481      286      339      353      166      480      273      244      186      251      379      562      
3        161      642      385      0        274      646      233      626      425      152      159      480      355      658      341      424      717      751      341      349      529      581      455      561      352      341      466      94       87       416      497      415      736      515      515      605      177      550      374      314      549      
4        167      458      138      274      0        387      241      358      311      261      334      339      224      387      347      491      463      506      254      169      389      439      293      312      281      69       524      204      357      362      259      250      468      241      526      332      187      324      303      252      596      
5        553      262      360      646      387      0        609      259      367      647      721      566      357      237      519      838      382      440      404      318      595      342      517      346      597      319      863      590      720      457      161      299      301      203      836      110      570      418      610      433      920      
6        102      698      262      233      241      609      0        497      529      91       154      257      442      537      509      253      554      575      455      401      303      671      243      404      121      297      289      149      308      557      497      482      599      427      309      532      73       368      142      440      366      
7        485      504      245      626      358      259      497      0        524      566      642      358      471      42       640      677      135      193      520      408      372      561      319      113      438      300      691      543      712      609      313      440      109      135      644      151      488      184      441      538      733      
8        431      232      415      425      311      367      529      524      0        510      563      645      87       529      160      781      658      713      84       145      693      156      596      541      591      298      818      423      466      90       221      83       614      391      831      405      459      585      613      113      895      
9        94       702      322      152      261      647      91       566      510      0        76       349      427      603      464      283      634      659      430      399      395      661      333      480      212      328      324      90       220      524      518      477      671      480      365      582      79       452      232      410      406      
10       168      764      399      159      334      721      154      642      563      76       0        406      483      679      497      269      707      730      480      461      449      716      397      555      266      402      311      142      199      566      589      537      747      556      370      658      155      523      283      457      394      
11       321      743      237      480      339      566      257      358      645      349      406      0        561      400      683      334      356      357      593      499      51       754      51       245      140      348      341      387      562      702      520      573      432      363      286      461      303      177      125      591      376      
12       345      287      335      355      224      357      442      471      87       427      483      561      0        482      171      694      601      655      50       66       609      233      512      474      504      218      731      342      406      146      196      65       569      335      743      370      373      511      526      76       808      
13       520      491      281      658      387      237      537      42       529      603      679      400      482      0        653      719      145      204      532      421      413      555      361      154      479      325      733      577      743      617      313      447      86       152      686      137      525      225      483      552      776      
14       407      384      478      341      347      519      509      640      160      464      497      683      171      653      0        747      768      820      120      232      734      291      639      634      598      366      787      374      355      92       363      220      739      504      818      540      435      662      622      102      869      
15       349      949      478      424      491      838      253      677      781      283      269      334      694      719      747      0        690      691      705      654      349      924      361      567      243      542      42       373      467      803      743      735      762      641      120      748      321      507      236      687      125      
16       564      636      333      717      463      382      554      135      658      634      707      356      601      145      768      690      0        59       650      536      350      696      332      156      469      414      697      628      805      742      448      574      102      266      634      281      562      188      465      665      724      
17       595      695      371      751      506      440      575      193      713      659      730      357      655      204      820      691      59       0        703      589      344      755      342      194      481      461      694      660      839      797      506      630      152      322      626      340      590      207      475      717      715      
18       355      310      374      341      254      404      455      520      84       430      480      593      50       532      120      705      650      703      0        113      643      240      546      520      526      258      743      341      383      108      245      106      619      385      761      420      383      554      549      32       821      
19       310      303      270      349      169      318      401      408      145      399      461      499      66       421      232      654      536      589      113      0        547      271      450      407      451      153      689      319      413      213      157      81       508      272      694      316      336      444      472      130      763      
20       372      783      281      529      389      595      303      372      693      395      449      51       609      413      734      349      350      344      643      547      0        798      96       260      183      395      350      437      610      751      560      620      435      394      283      487      352      187      165      641      374      
21       577      108      517      581      439      342      671      561      156      661      716      754      233      555      291      924      696      755      240      271      798      0        703      607      720      408      959      575      621      199      253      189      632      444      965      418      604      663      740      269      1034     
22       293      692      186      455      293      517      243      319      596      333      397      51       512      361      639      361      332      342      546      450      96       703      0        207      139      298      373      361      539      655      469      523      400      314      326      414      278      146      132      545      415      
23       408      568      178      561      312      346      404      113      541      480      555      245      474      154      634      567      156      194      520      407      260      607      207      0        332      270      580      472      649      620      354      459      197      164      531      235      407      73       333      531      621      
24       203      730      237      352      281      597      121      438      591      212      266      140      504      479      598      243      469      481      526      451      183      720      139      332      0        317      265      263      430      633      514      531      529      399      247      505      179      280      24       518      325      
25       234      412      117      341      69       319      297      300      298      328      402      348      218      325      366      542      414      461      258      153      395      408      298      270      317      0        572      273      424      364      200      225      408      176      565      263      251      297      336      264      640      
26       387      982      502      466      524      863      289      691      818      324      311      341      731      733      787      42       697      694      743      689      350      959      373      580      265      572      0        413      509      842      772      770      772      664      91       770      359      517      254      726      82       
27       67       621      299      94       204      590      149      543      423      90       142      387      342      577      374      373      628      660      341      319      437      575      361      472      263      273      413      0        180      433      450      394      652      441      449      536      84       457      286      320      495      
28       248      692      473      87       357      720      308      712      466      220      199      562      406      743      355      467      805      839      383      413      610      621      539      649      430      424      509      180      0        440      566      470      822      599      569      685      260      637      451      353      591      
29       455      296      481      416      362      457      557      609      90       524      566      702      146      617      92       803      742      797      108      213      751      199      655      620      633      364      842      433      440      0        310      169      702      475      864      494      484      658      656      116      922      
30       425      223      286      497      259      161      497      313      221      518      589      520      196      313      363      743      448      506      245      157      560      253      469      354      514      200      772      450      566      310      0        143      396      191      761      184      446      412      531      272      839      
31       390      227      339      415      250      299      482      440      83       477      537      573      65       447      220      735      574      630      106      81       620      189      523      459      531      225      770      394      470      169      143      0        532      308      776      325      417      504      552      136      844      
32       592      561      353      736      468      301      599      109      614      671      747      432      569      86       739      762      102      152      619      508      435      632      400      197      529      408      772      652      822      702      396      532      0        238      716      214      595      255      530      639      807      
33       390      404      166      515      241      203      427      135      391      480      556      363      335      152      504      641      266      322      385      272      394      444      314      164      399      176      664      441      599      475      191      308      238      0        633      107      400      227      409      402      719      
34       411      977      480      515      526      836      309      644      831      365      370      286      743      686      818      120      634      626      761      694      283      965      326      531      247      565      91       449      569      864      761      776      716      633      0        737      382      463      230      748      90       
35       490      354      273      605      332      110      532      151      405      582      658      461      370      137      540      748      281      340      420      316      487      418      414      235      505      263      770      536      685      494      184      325      214      107      737      0        503      308      515      444      823      
36       29       637      244      177      187      570      73       488      459      79       155      303      373      525      435      321      562      590      383      336      352      604      278      407      179      251      359      84       260      484      446      417      595      400      382      503      0        384      203      368      437      
37       390      631      186      550      324      418      368      184      585      452      523      177      511      225      662      507      188      207      554      444      187      663      146      73       280      297      517      457      637      658      412      504      255      227      463      308      384      0        277      562      553      
38       227      748      251      374      303      610      142      441      613      232      283      125      526      483      622      236      465      475      549      472      165      740      132      333      24       336      254      286      451      656      531      552      530      409      230      515      203      277      0        541      311      
39       339      342      379      314      252      433      440      538      113      410      457      591      76       552      102      687      665      717      32       130      641      269      545      531      518      264      726      320      353      116      272      136      639      402      748      444      368      562      541      0        806      
40       466      1052     562      549      596      920      366      733      895      406      394      376      808      776      869      125      724      715      821      763      374      1034     415      621      325      640      82       495      591      922      839      844      807      719      90       823      437      553      311      806      0        
;

