

sets
i        orders          /0*20/
k        routes          /1*20/
p        positions       /0*20/
;

alias(i,j)
alias(i,h)
alias(i,hh)
alias(i,jj)
alias(k,kk)
                            Parameters

rho(i)	Processing time
/
0	0
1	15
2	65
3	17
4	80
5	81
6	5
7	29
8	20
9	69
10	17
11	82
12	89
13	95
14	81
15	94
16	52
17	56
18	23
19	17
20	54
/

gamma(i)	Duedate
/
0	0
1	90
2	16
3	49
4	86
5	37
6	2
7	66
8	62
9	80
10	68
11	54
12	95
13	93
14	61
15	37
16	2
17	8
18	1
19	8
20	94
/

sigma(i)	Size
/
0	0
1	3
2	9
3	7
4	8
5	9
6	5
7	4
8	2
9	9
10	7
11	8
12	3
13	7
14	5
15	7
16	2
17	4
18	4
19	7
20	2
/

epsilon(i)	Priority
/
0	0
1	8
2	1
3	5
4	3
5	2
6	7
7	6
8	7
9	7
10	9
11	4
12	5
13	2
14	3
15	6
16	4
17	1
18	4
19	9
20	2
/

psi	Vehicle Capacity
/ 82 /
;

Table kappa(i,j)                 Setup
         0        1        2        3        4        5        6        7        8        9        10       11       12       13       14       15       16       17       18       19       20       
0        0        1305     1374     540      1376     376      1211     636      762      1320     873      187      1121     1435     875      1390     1459     1461     1288     289      863      
1        1305     0        1059     1214     157      1444     689      1662     728      1473     504      1212     185      792      1670     2072     479      1226     1575     1366     649      
2        1374     1059     0        895      951      1215     374      1265     692      511      1212     1429     1034     331      1076     1253     681      166      656      1207     642      
3        540      1214     895      0        1222     322      843      457      493      779      965      667      1060     1041     485      975      1182     953      753      315      590      
4        1376     157      951      1222     0        1477     592      1678     729      1394     631      1301     299      663      1656     2030     329      1116     1507     1406     636      
5        376      1444     1215     322      1477     0        1156     271      764      1039     1102     557      1273     1360     502      1015     1477     1264     977      98       868      
6        1211     689      374      843      592      1156     0        1284     452      805      865      1220     661      227      1178     1479     383      540      925      1118     362      
7        636      1662     1265     457      1678     271      1284     0        949      979      1357     821      1500     1466     309      783      1635     1279     883      369      1047     
8        762      728      692      493      729      764      452      949      0        885      599      769      590      679      941      1366     718      825      943      706      105      
9        1320     1473     511      779      1394     1039     805      979      885      0        1482     1436     1400     837      710      753      1167     411      152      1073     896      
10       873      504      1212     965      631      1102     865      1357     599      1482     0        747      332      1059     1450     1924     868      1368     1542     1010     594      
11       187      1212     1429     667      1301     557      1220     821      769      1436     747      0        1027     1448     1047     1565     1425     1533     1420     463      860      
12       1121     185      1034     1060     299      1273     661      1500     590      1400     332      1027     0        813      1528     1953     560      1200     1489     1192     528      
13       1435     792      331      1041     663      1360     227      1466     679      837      1059     1448     813      0        1326     1564     360      480      977      1329     589      
14       875      1670     1076     485      1656     502      1178     309      941      710      1450     1047     1528     1326     0        517      1554     1057     594      586      1023     
15       1390     2072     1253     975      2030     1015     1479     783      1366     753      1924     1565     1953     1564     517      0        1861     1165     601      1102     1426     
16       1459     479      681      1182     329      1477     383      1635     718      1167     868      1425     560      360      1554     1861     0        838      1297     1424     612      
17       1461     1226     166      953      1116     1264     540      1279     825      411      1368     1533     1200     480      1057     1165     838      0        563      1268     786      
18       1288     1575     656      753      1507     977      925      883      943      152      1542     1420     1489     977      594      601      1297     563      0        1024     970      
19       289      1366     1207     315      1406     98       1118     369      706      1073     1010     463      1192     1329     586      1102     1424     1268     1024     0        812      
20       863      649      642      590      636      868      362      1047     105      896      594      860      528      589      1023     1426     612      786      970      812      0        
;



Table delta(i,j)                 Distance
         0        1        2        3        4        5        6        7        8        9        10       11       12       13       14       15       16       17       18       19       20       
0        0        12660    10410    9150     12600    3210     15600    8400     12960    3960     4890     8070     14580    15930    450      2580     15600    3660     8760     9780     17490    
1        12660    0        173      345      24       515      276      284      642      354      350      196      283      362      430      401      522      350      449      442      358      
2        10410    173      0        174      193      453      183      119      473      338      220      78       163      232      360      295      354      327      283      271      260      
3        9150     345      174      0        362      406      263      65       298      363      142      165      219      238      321      223      231      349      112      97       302      
4        12600    24       193      362      0        511      300      299      658      346      358      208      308      386      428      405      544      343      463      458      383      
5        3210     515      453      406      511      0        627      386      486      179      266      375      593      636      93       183      612      176      377      415      690      
6        15600    276      183      263      300      627      0        249      521      522      373      260      46       100      534      456      308      511      368      338      83       
7        8400     284      119      65       299      386      249      0        358      317      124      99       210      250      295      208      289      303      165      159      304      
8        12960    642      473      298      658      486      521      358      0        550      334      452      475      451      444      356      270      536      195      201      523      
9        3960     354      338      363      346      179      522      317      550      0        235      262      497      556      127      193      594      14       387      413      596      
10       4890     350      220      142      358      266      373      124      334      235      0        157      334      371      178      84       363      220      154      178      428      
11       8070     196      78       165      208      375      260      99       452      262      157      0        235      297      281      223      381      251      257      256      333      
12       14580    283      163      219      308      593      46       210      475      497      334      235      0        78       500      418      269      486      322      291      98       
13       15930    362      232      238      386      636      100      250      451      556      371      297      78       0        546      456      215      544      325      289      71       
14       450      430      360      321      428      93       534      295      444      127      178      281      500      546      0        102      536      118      307      341      597      
15       2580     401      295      223      405      183      456      208      356      193      84       223      418      456      102      0        434      179      206      239      512      
16       15600    522      354      231      544      612      308      289      270      594      363      381      269      215      536      434      0        579      236      196      279      
17       3660     350      327      349      343      176      511      303      536      14       220      251      486      544      118      179      579      0        372      399      584      
18       8760     449      283      112      463      377      368      165      195      387      154      257      322      325      307      206      236      372      0        41       395      
19       9780     442      271      97       458      415      338      159      201      413      178      256      291      289      341      239      196      399      41       0        359      
20       17490    358      260      302      383      690      83       304      523      596      428      333      98       71       597      512      279      584      395      359      0        
;

