
sets
i        orders          /0*20/
k        routes          /1*20/
p        positions       /0*20/
;

alias(i,j)
alias(i,h)
alias(i,hh)
alias(i,jj)
alias(k,kk)
                
                    Parameters

rho(i)	Processing time
/
0	0
1	94
2	30
3	90
4	18
5	48
6	87
7	83
8	54
9	34
10	93
11	81
12	79
13	91
14	31
15	14
16	92
17	98
18	27
19	39
20	33
/

gamma(i)	Duedate
/
0	0
1	92
2	92
3	71
4	86
5	1
6	84
7	46
8	81
9	98
10	24
11	48
12	48
13	98
14	63
15	31
16	71
17	25
18	7
19	5
20	52
/

sigma(i)	Size
/
0	0
1	2
2	1
3	8
4	9
5	4
6	2
7	1
8	7
9	2
10	6
11	9
12	3
13	7
14	3
15	7
16	8
17	6
18	1
19	7
20	1
/

epsilon(i)	Priority
/
0	0
1	1
2	9
3	9
4	5
5	2
6	6
7	4
8	6
9	3
10	5
11	8
12	7
13	7
14	6
15	7
16	6
17	3
18	2
19	9
20	8
/

psi	Vehicle Capacity
/ 29 /
;

Table kappa(i,j)                 Setup
         0        1        2        3        4        5        6        7        8        9        10       11       12       13       14       15       16       17       18       19       20       
0        0        53       242      383      154      250      209      219      286      139      147      515      335      443      192      513      117      359      352      363      362      
1        53       0        225      340      113      211      156      166      260      90       97       468      281      391      183      465      121      327      335      338      309      
2        242      225      0        217      306      114      227      280      61       180      179      358      321      352      56       368      133      142      110      126      318      
3        383      340      217      0        353      135      222      269      160      252      245      141      213      160      261      150      316      105      217      160      182      
4        154      113      306      353      0        250      131      100      323      127      130      458      222      354      276      448      229      373      410      398      260      
5        250      211      114      135      250      0        137      193      88       130      124      274      209      242      139      278      182      123      180      152      204      
6        209      156      227      222      131      137      0        55       222      79       73       329      127      236      221      321      214      255      315      289      152      
7        219      166      280      269      100      193      55       0        278      114      110      362      124      254      269      351      250      309      371      345      160      
8        286      260      61       160      323      88       222      278      0        196      193      299      294      304      114      310      187      81       92       78       284      
9        139      90       180      252      127      130      79       114      196      0        7        378      206      304      158      375      136      252      283      273      227      
10       147      97       179      245      130      124      73       110      193      7        0        370      199      296      160      367      141      247      281      269      220      
11       515      468      358      141      458      274      329      362      299      378      370      0        264      136      403      26       457      230      339      279      221      
12       335      281      321      213      222      209      127      124      294      206      199      264      0        138      330      247      338      291      383      340      43       
13       443      391      352      160      354      242      236      254      304      304      296      136      138      0        381      115      414      264      375      319      95       
14       192      183      56       261      276      139      221      269      114      158      160      403      330      381      0        410      78       196      161      182      335      
15       513      465      368      150      448      278      321      351      310      375      367      26       247      115      410      0        460      245      356      296      203      
16       117      121      133      316      229      182      214      250      187      136      141      457      338      414      78       460      0        266      239      259      352      
17       359      327      142      105      373      123      255      309      81       252      247      230      291      264      196      245      266      0        112      55       270      
18       352      335      110      217      410      180      315      371      92       283      281      339      383      375      161      356      239      112      0        60       368      
19       363      338      126      160      398      152      289      345      78       273      269      279      340      319      182      296      259      55       60       0        321      
20       362      309      318      182      260      204      152      160      284      227      220      221      43       95       335      203      352      270      368      321      0        
;



Table delta(i,j)                 Distance
         0        1        2        3        4        5        6        7        8        9        10       11       12       13       14       15       16       17       18       19       20       
0        0        104      169      162      100      10       141      91       193      160      8        71       102      106      219      59       152      213      197      11       251      
1        104      0        91       177      85       113      106      121      204      69       103      40       111      6        169      46       48       154      155      113      172      
2        169      91       0        146      84       177      61       128      162      130      165      101      107      96       84       126      73       65       79       175      83       
3        162      177      146      0        92       162      85       71       30       245      154      146      68       183      117      170      198      130      96       158      187      
4        100      85       84       92       0        106      41       46       119      153      94       56       28       91       118      84       111      114      97       102      158      
5        10       113      177      162      106      0        147      92       192      170      12       80       105      116      224      69       162      219      202      4        259      
6        141      106      61       85       41       147      0        74       105      167      135      90       53       112      77       119      115      73       56       144      122      
7        91       121      128      71       46       92       74       0        102      191      83       83       21       127      145      103      154      146      121      88       197      
8        193      204      162      30       119      192      105      102      0        270      184      174      97       210      117      199      220      134      99       188      191      
9        160      69       130      245      153      170      167      191      270      0        162      109      180      63       215      102      57       195      207      171      195      
10       8        103      165      154      94       12       135      83       184      162      0        68       95       106      212      60       151      207      191      10       247      
11       71       40       101      146      56       80       90       83       174      109      68       0        77       45       163      29       85       153      145      79       184      
12       102      111      107      68       28       105      53       21       97       180      95       77       0        117      124      101      139      125      101      101      175      
13       106      6        96       183      91       116      112      127      210      63       106      45       117      0        174      47       47       159      161      116      176      
14       219      169      84       117      118      224      77       145      117      215      212      163      124      174      0        192      157      22       24       221      74       
15       59       46       126      170      84       69       119      103      199      102      60       29       101      47       192      0        94       181      174      69       209      
16       152      48       73       198      111      162      115      154      220      57       151      85       139      47       157      94       0        138      150      161      141      
17       213      154      65       130      114      219      73       146      134      195      207      153      125      159      22       181      138      0        35       216      57       
18       197      155      79       96       97       202      56       121      99       207      191      145      101      161      24       174      150      35       0        199      92       
19       11       113      175      158      102      4        144      88       188      171      10       79       101      116      221      69       161      216      199      0        256      
20       251      172      83       187      158      259      122      197      191      195      247      184      175      176      74       209      141      57       92       256      0        
;

