
sets
i        orders          /0*40/
k        routes          /1*40/
p        positions       /0*40/
;

alias(i,j)
alias(i,h)
alias(i,hh)
alias(i,jj)
alias(k,kk)
                
                    Parameters

rho(i)	Processing time
/
0	0
1	13
2	43
3	73
4	56
5	9
6	49
7	6
8	83
9	19
10	72
11	68
12	56
13	80
14	99
15	32
16	21
17	47
18	35
19	59
20	99
21	26
22	14
23	22
24	19
25	66
26	61
27	7
28	51
29	71
30	16
31	63
32	55
33	71
34	22
35	15
36	19
37	38
38	57
39	52
40	96
/

gamma(i)	Duedate
/
0	0
1	66
2	20
3	4
4	81
5	81
6	38
7	20
8	66
9	8
10	71
11	26
12	73
13	59
14	67
15	61
16	42
17	35
18	89
19	18
20	50
21	81
22	32
23	5
24	99
25	90
26	30
27	67
28	43
29	98
30	16
31	1
32	91
33	22
34	93
35	24
36	70
37	41
38	42
39	78
40	55
/

sigma(i)	Size
/
0	0
1	9
2	6
3	1
4	5
5	3
6	5
7	8
8	9
9	4
10	7
11	1
12	6
13	3
14	3
15	9
16	5
17	9
18	6
19	4
20	9
21	8
22	9
23	9
24	7
25	4
26	8
27	3
28	8
29	4
30	6
31	9
32	9
33	2
34	3
35	2
36	9
37	6
38	6
39	4
40	3
/

epsilon(i)	Priority
/
0	0
1	9
2	9
3	9
4	6
5	6
6	6
7	2
8	4
9	1
10	4
11	1
12	5
13	4
14	1
15	6
16	9
17	7
18	9
19	5
20	2
21	7
22	1
23	1
24	9
25	1
26	6
27	4
28	4
29	8
30	4
31	4
32	1
33	6
34	2
35	6
36	6
37	6
38	3
39	1
40	2
/

psi	Vehicle Capacity
/ 29 /
;

Table kappa(i,j)                 Setup
         0        1        2        3        4        5        6        7        8        9        10       11       12       13       14       15       16       17       18       19       20       21       22       23       24       25       26       27       28       29       30       31       32       33       34       35       36       37       38       39       40       
0        0        1153     49       1129     469      729      94       1178     200      724      127      834      312      1190     1017     196      712      972      695      535      1085     810      1270     947      984      790      815      687      821      737      533      749      549      160      947      728      278      687      709      164      537      
1        1153     0        1181     538      715      1325     1213     489      1075     1264     1114     387      956      749      272      1214     537      786      460      640      970      1132     804      909      1041     660      1379     466      648      887      803      713      613      1169     1118     1212     971      1188     479      1084     728      
2        49       1181     0        1136     508      691      45       1187     248      689      107      854      307      1188     1036     232      726      967      726      572      1072     784      1268     935      966      792      777      718      824      725      580      748      583      121      924      696      274      655      730      213      544      
3        1129     538      1136     0        854      981      1150     78       1146     915      1038     381      836      211      297      1266     434      317      639      796      463      736      271      448      571      355      1009     625      323      536      1028     410      750      1071     668      856      866      848      485      1138     592      
4        469      715      508      854      0        951      549      877      360      914      477      484      419      988      647      499      431      833      260      74       1006     896      1071     875      968      607      1033     262      630      701      198      602      110      542      981      887      410      847      368      372      392      
5        729      1325     691      981      951      0        661      1057     906      66       608      939      538      901      1075     923      795      677      1006     970      644      260      952      561      492      678      86       987      699      454      1121     619      946      570      395      125      557      137      875      873      633      
6        94       1213     45       1150     549      661      0        1204     293      663      112      878      315      1195     1061     265      747      970      760      611      1067     768      1273     932      956      802      746      751      835      722      625      756      620      100      910      673      284      633      756      258      560      
7        1178     489      1187     78       877      1057     1204     0        1183     991      1091     394      892      269      275      1307     472      395      648      815      537      814      315      527      649      418      1086     636      388      609      1043     476      770      1127     746      932      920      924      510      1178     643      
8        200      1075     248      1146     360      906      293      1183     0        893      300      808      417      1239     984      139      712      1042     616      434      1180     952      1322     1041     1098     835      993      615      865      835      360      806      463      351      1076     889      385      847      682      35       577      
9        724      1264     689      915      914      66       663      991      893      0        600      879      509      836      1012     920      737      611      956      930      582      197      888      496      431      614      121      936      634      389      1090     556      903      568      338      59       531      76       819      861      582      
10       127      1114     107      1038     477      608      112      1091     300      600      0        771      203      1083     953      323      637      860      668      533      964      682      1162     827      859      690      694      657      722      617      584      644      536      64       819      601      172      560      650      266      448      
11       834      387      854      381      484      939      878      394      808      879      771      0        592      550      182      939      150      478      258      421      673      759      628      578      705      294      996      244      292      512      649      339      376      819      767      828      612      803      126      807      349      
12       312      956      307      836      419      538      315      892      417      509      203      592      0        881      770      489      449      661      538      451      776      538      960      637      684      487      622      524      519      427      583      442      437      235      659      492      33       450      479      391      252      
13       1190     749      1188     211      988      901      1195     269      1239     836      1083     550      881      0        502      1348     556      237      803      939      296      642      83       339      434      404      912      786      374      500      1175     440      892      1105     539      777      914      780      631      1226     663      
14       1017     272      1036     297      647      1075     1061     275      984      1012     953      182      770      502      0        1117     322      514      397      578      701      868      568      637      768      399      1123     389      382      627      794      456      537      1000     847      957      792      937      307      985      523      
15       196      1214     232      1266     499      923      265      1307     139      920      323      939      489      1348     1117     0        835      1141     755      573      1265     1005     1430     1127     1172     943      1009     752      974      917      486      909      601      353      1139     924      456      883      812      132      685      
16       712      537      726      434      431      795      747      472      712      737      637      150      449      556      322      835      0        421      279      384      609      630      640      494      611      200      855      259      214      386      620      224      338      681      658      688      472      660      98       705      201      
17       972      786      967      317      833      677      970      395      1042     611      860      478      661      237      514      1141     421      0        697      797      195      424      307      132      260      226      697      678      207      263      1029     237      752      877      352      552      694      550      514      1025     468      
18       695      460      726      639      260      1006     760      648      616      956      668      258      538      803      397      755      279      697      0        187      888      882      883      773      889      480      1077     20       492      648      397      500      153      727      929      915      545      881      183      624      373      
19       535      640      572      796      74       970      611      815      434      930      533      421      451      939      578      573      384      797      187      0        976      895      1022     849      949      570      1049     190      591      686      235      572      46       596      970      898      447      859      311      445      379      
20       1085     970      1072     463      1006     644      1067     537      1180     582      964      673      776      296      701      1265     609      195      888      976      0        385      322      139      152      410      639      868      396      348      1204     404      932      969      255      527      810      541      705      1159     624      
21       810      1132     784      736      896      260      768      814      952      197      682      759      538      642      868      1005     630      424      882      895      385      0        691      303      235      472      273      862      485      246      1086     420      860      667      152      142      567      160      723      924      519      
22       1270     804      1268     271      1071     952      1273     315      1322     888      1162     628      960      83       568      1430     640      307      883      1022     322      691      0        393      471      487      956      867      457      570      1258     521      975      1182     576      830      993      836      713      1309     746      
23       947      909      935      448      875      561      932      527      1041     496      827      578      637      339      637      1127     494      132      773      849      139      303      393      0        131      294      574      753      288      210      1073     277      806      835      220      438      671      442      592      1020     488      
24       984      1041     966      571      968      492      956      649      1098     431      859      705      684      434      768      1172     611      260      889      949      152      235      471      131      0        415      487      868      413      270      1166     388      907      857      105      378      717      394      709      1074     576      
25       790      660      792      355      607      678      802      418      835      614      690      294      487      404      399      943      200      226      480      570      410      472      487      294      415      0        724      460      32       228      802      60       525      719      472      559      518      540      297      821      258      
26       815      1379     777      1009     1033     86       746      1086     993      121      694      996      622      912      1123     1009     855      697      1077     1049     639      273      956      574      487      724      0        1058     742      496      1205     667      1023     656      384      167      642      196      939      960      704      
27       687      466      718      625      262      987      751      636      615      936      657      244      524      786      389      752      259      678      20       190      868      862      867      753      868      460      1058     0        472      628      407      480      152      716      908      895      531      861      164      621      353      
28       821      648      824      323      630      699      835      388      865      634      722      292      519      374      382      974      214      207      492      591      396      485      457      288      413      32       742      472      0        246      824      88       545      751      476      578      550      561      308      852      289      
29       737      887      725      536      701      454      722      609      835      389      617      512      427      500      627      917      386      263      648      686      348      246      570      210      270      228      496      628      246      0        898      174      647      626      284      332      461      317      481      813      309      
30       533      803      580      1028     198      1121     625      1043     360      1090     584      649      583      1175     794      486      620      1029     397      235      1204     1086     1258     1073     1166     802      1205     407      824      898      0        800      282      648      1176     1067     566      1026     546      388      590      
31       749      713      748      410      602      619      756      476      806      556      644      339      442      440      456      909      224      237      500      572      404      420      521      277      388      60       667      480      88       174      800      0        529      670      434      501      474      481      322      791      230      
32       549      613      583      750      110      946      620      770      463      903      536      376      437      892      537      601      338      752      153      46       932      860      975      806      907      525      1023     152      545      647      282      529      0        598      931      869      436      832      265      471      342      
33       160      1169     121      1071     542      570      100      1127     351      568      64       819      235      1105     1000     353      681      877      727      596      969      667      1182     835      857      719      656      716      751      626      648      670      598      0        809      575      209      535      701      316      486      
34       947      1118     924      668      981      395      910      746      1076     338      819      767      659      539      847      1139     658      352      929      970      255      152      576      220      105      472      384      908      476      284      1176     434      931      809      0        289      691      312      756      1050     591      
35       728      1212     696      856      887      125      673      932      889      59       601      828      492      777      957      924      688      552      915      898      527      142      830      438      378      559      167      895      578      332      1067     501      869      575      289      0        516      42       773      858      542      
36       278      971      274      866      410      557      284      920      385      531      172      612      33       914      792      456      472      694      545      447      810      567      993      671      717      518      642      531      550      461      566      474      436      209      691      516      0        474      497      359      278      
37       687      1188     655      848      847      137      633      924      847      76       560      803      450      780      937      883      660      550      881      859      541      160      836      442      394      540      196      861      561      317      1026     481      832      535      312      42       474      0        743      816      507      
38       709      479      730      485      368      875      756      510      682      819      650      126      479      631      307      812      98       514      183      311      705      723      713      592      709      297      939      164      308      481      546      322      265      701      756      773      497      743      0        680      252      
39       164      1084     213      1138     372      873      258      1178     35       861      266      807      391      1226     985      132      705      1025     624      445      1159     924      1309     1020     1074     821      960      621      852      813      388      791      471      316      1050     858      359      816      680      0        563      
40       537      728      544      592      392      633      560      643      577      582      448      349      252      663      523      685      201      468      373      379      624      519      746      488      576      258      704      353      289      309      590      230      342      486      591      542      278      507      252      563      0        
;



Table delta(i,j)                 Distance
         0        1        2        3        4        5        6        7        8        9        10       11       12       13       14       15       16       17       18       19       20       21       22       23       24       25       26       27       28       29       30       31       32       33       34       35       36       37       38       39       40       
0        0        1520     5640     4460     3010     3850     4580     6480     6530     3130     5110     3010     4140     4200     3080     4170     8380     1720     2610     2150     6890     4320     1750     6510     2460     5180     7410     5480     6480     1060     1790     5220     2900     5180     3280     3800     3400     3630     6140     6570     5760     
1        1520     0        412      531      353      300      314      547      522      344      467      155      265      352      167      311      758      27       302      280      537      309      54       595      255      367      658      536      512      205      88       496      310      365      394      337      430      246      485      550      493      
2        5640     412      0        838      689      377      147      411      254      658      543      289      157      431      294      315      635      392      639      645      164      317      406      592      538      109      551      662      221      590      428      606      622      57       699      484      760      344      246      388      447      
3        4460     531      838      0        718      479      693      669      784      743      418      676      687      449      691      545      745      528      690      635      997      839      580      530      304      845      677      343      800      343      602      369      727      815      141      378      105      777      746      696      564      
4        3010     353      689      718      0        652      638      901      858      48       803      404      578      699      396      665      1110     381      52       86       758      420      320      939      546      602      1011     849      842      403      284      820      72       632      619      670      615      362      825      902      846      
5        3850     300      377      479      652      0        230      264      315      645      191      343      249      64       363      67       458      274      601      573      542      503      344      300      209      416      359      296      325      340      383      243      611      369      349      107      419      470      275      276      194      
6        4580     314      147      693      638      230      0        320      221      615      404      240      63       287      254      170      552      289      586      579      311      345      325      470      395      196      458      520      204      466      356      464      578      141      555      337      618      342      192      306      327      
7        6480     547      411      669      901      264      320      0        184      888      255      539      378      246      556      236      231      520      849      827      554      665      582      212      459      502      140      363      218      602      620      315      852      440      566      314      639      655      170      33       105      
8        6530     522      254      784      858      315      221      184      0        836      400      462      284      335      475      255      387      495      806      796      378      550      541      393      524      358      313      520      36       637      574      466      800      296      662      406      733      558      40       153      261      
9        3130     344      658      743      48       645      615      888      836      0        803      377      554      695      367      653      1102     371      53       108      719      379      305      937      554      567      1002     856      819      418      268      824      36       600      639      671      639      323      804      888      838      
10       5110     467      543      418      803      191      404      255      400      803      0        533      434      127      552      235      351      444      755      719      706      694      517      142      273      598      268      122      425      433      554      65       772      545      330      132      401      659      368      284      150      
11       3010     155      289      676      404      343      240      539      462      377      533      0        177      406      19       322      767      150      353      356      391      169      127      640      382      221      668      625      442      360      140      577      341      235      536      418      579      126      432      533      514      
12       4140     265      157      687      578      249      63       378      284      554      434      177      0        311      191      199      610      242      526      522      310      287      270      514      384      166      514      546      265      434      299      491      517      127      547      351      606      280      255      366      375      
13       4200     352      431      449      699      64       287      246      335      695      127      406      311      0        425      116      417      327      650      618      596      567      399      242      213      476      320      235      352      361      438      180      662      427      329      71       401      533      297      266      158      
14       3080     167      294      691      396      363      254      556      475      367      552      19       191      425      0        341      784      163      346      351      388      151      133      659      399      220      686      644      454      372      141      596      331      238      552      437      593      107      446      549      533      
15       4170     311      315      545      665      67       170      236      255      653      235      322      199      116      341      0        451      283      613      591      480      471      347      321      269      362      351      350      262      386      386      294      618      311      415      173      484      446      214      241      192      
16       8380     758      635      745      1110     458      552      231      387      1102     351      767      610      417      784      451      0        731      1060     1032     765      897      798      216      617      731      99       402      423      774      836      380      1067     668      678      465      746      885      388      248      264      
17       1720     27       392      528      381      274      289      520      495      371      444      150      242      327      163      283      731      0        329      308      522      311      72       570      243      352      631      517      485      212      110      476      337      347      389      315      429      252      458      522      466      
18       2610     302      639      690      52       601      586      849      806      53       755      353      526      650      346      613      1060     329      0        56       712      379      268      890      503      554      960      805      790      365      232      774      45       583      585      623      585      317      772      850      795      
19       2150     280      645      635      86       573      579      827      796      108      719      356      522      618      351      591      1032     308      56       0        730      405      254      856      460      567      933      763      783      316      223      734      99       590      534      587      532      339      761      830      768      
20       6890     537      164      997      758      542      311      554      378      719      706      391      310      596      388      480      765      522      712      730      0        342      518      747      695      170      690      826      342      730      530      770      686      183      857      649      916      396      383      527      602      
21       4320     309      317      839      420      503      345      665      550      379      694      169      287      567      151      471      897      311      379      405      342      0        263      792      550      210      801      792      522      511      253      742      347      262      701      585      739      70       529      652      658      
22       1750     54       406      580      320      344      325      582      541      305      517      127      270      399      133      347      798      72       268      254      518      263      0        642      309      347      698      589      528      247      38       548      270      355      446      388      478      198      506      582      535      
23       6510     595      592      530      939      300      470      212      393      937      142      640      514      242      659      321      216      570      890      856      747      792      642      0        416      666      152      189      425      575      680      163      904      607      462      270      530      766      372      246      145      
24       2460     255      538      304      546      209      395      459      524      554      273      382      384      213      399      269      617      243      503      460      695      550      309      416      0        541      525      303      531      159      340      277      527      511      162      152      222      495      484      477      368      
25       5180     367      109      845      602      416      196      502      358      567      598      221      166      476      220      362      731      352      554      567      170      210      347      666      541      0        642      711      327      563      361      656      532      62       703      518      758      246      346      482      522      
26       7410     658      551      677      1011     359      458      140      313      1002     268      668      514      320      686      351      99       631      960      933      690      801      698      152      525      642      0        340      349      680      736      308      968      580      598      373      669      788      307      163      165      
27       5480     536      662      343      849      296      520      363      520      856      122      625      546      235      644      350      402      517      805      763      826      792      589      189      303      711      340      0        546      455      625      56       828      661      294      207      356      750      489      395      263      
28       6480     512      221      800      842      325      204      218      36       819      425      442      265      352      454      262      423      485      790      783      342      522      528      425      531      327      349      546      0        637      560      490      782      266      675      421      745      534      56       188      290      
29       1060     205      590      343      403      340      466      602      637      418      433      360      434      361      372      386      774      212      365      316      730      511      247      575      159      563      680      455      637      0        263      435      396      551      222      308      237      445      597      616      519      
30       1790     88       428      602      284      383      356      620      574      268      554      140      299      438      141      386      836      110      232      223      530      253      38       680      340      361      736      625      560      263      0        585      232      374      470      425      499      184      540      619      573      
31       5220     496      606      369      820      243      464      315      466      824      65       577      491      180      596      294      380      476      774      734      770      742      548      163      277      656      308      56       490      435      585      0        794      605      299      160      366      703      434      346      212      
32       2900     310      622      727      72       611      578      852      800      36       772      341      517      662      331      618      1067     337      45       99       686      347      270      904      527      532      968      828      782      396      232      794      0        564      618      640      622      290      767      852      803      
33       5180     365      57       815      632      369      141      440      296      600      545      235      127      427      238      311      668      347      583      590      183      262      355      607      511      62       580      661      266      551      374      605      564      0        674      474      732      287      283      420      463      
34       3280     394      699      141      619      349      555      566      662      639      330      536      547      329      552      415      678      389      585      534      857      701      446      462      162      703      598      294      675      222      470      299      618      674      0        258      72       641      623      590      464      
35       3800     337      484      378      670      107      337      314      406      671      132      418      351      71       437      173      465      315      623      587      649      585      388      270      152      518      373      207      421      308      425      160      640      474      258      0        330      543      368      335      218      
36       3400     430      760      105      615      419      618      639      733      639      401      579      606      401      593      484      746      429      585      532      916      739      478      530      222      758      669      356      745      237      499      366      622      732      72       330      0        676      694      663      536      
37       3630     246      344      777      362      470      342      655      558      323      659      126      280      533      107      446      885      252      317      339      396      70       198      766      495      246      788      750      534      445      184      703      290      287      641      543      676      0        533      645      637      
38       6140     485      246      746      825      275      192      170      40       804      368      432      255      297      446      214      388      458      772      761      383      529      506      372      484      346      307      489      56       597      540      434      767      283      623      368      694      533      0        144      234      
39       6570     550      388      696      902      276      306      33       153      888      284      533      366      266      549      241      248      522      850      830      527      652      582      246      477      482      163      395      188      616      619      346      852      420      590      335      663      645      144      0        134      
40       5760     493      447      564      846      194      327      105      261      838      150      514      375      158      533      192      264      466      795      768      602      658      535      145      368      522      165      263      290      519      573      212      803      463      464      218      536      637      234      134      0        
;

