
sets
i        orders          /0*40/
k        routes          /1*40/
p        positions       /0*40/
;

alias(i,j)
alias(i,h)
alias(i,hh)
alias(i,jj)
alias(k,kk)
                
                    Parameters

rho(i)	Processing time
/
0	0
1	90
2	41
3	9
4	8
5	79
6	95
7	96
8	58
9	41
10	15
11	9
12	44
13	32
14	60
15	18
16	74
17	76
18	37
19	60
20	65
21	36
22	79
23	88
24	64
25	42
26	84
27	92
28	59
29	63
30	90
31	74
32	18
33	58
34	40
35	51
36	65
37	12
38	73
39	23
40	27
/

gamma(i)	Duedate
/
0	0
1	51
2	80
3	67
4	12
5	36
6	40
7	62
8	37
9	77
10	13
11	21
12	16
13	92
14	77
15	95
16	7
17	50
18	21
19	93
20	5
21	58
22	32
23	81
24	65
25	47
26	4
27	86
28	18
29	2
30	12
31	40
32	86
33	59
34	30
35	81
36	98
37	39
38	99
39	28
40	67
/

sigma(i)	Size
/
0	0
1	6
2	6
3	4
4	3
5	8
6	2
7	4
8	3
9	6
10	6
11	7
12	2
13	8
14	4
15	7
16	6
17	6
18	9
19	9
20	1
21	7
22	6
23	6
24	7
25	3
26	7
27	1
28	7
29	1
30	2
31	7
32	6
33	1
34	1
35	9
36	8
37	3
38	1
39	3
40	4
/

epsilon(i)	Priority
/
0	0
1	3
2	8
3	7
4	7
5	8
6	7
7	6
8	9
9	2
10	7
11	3
12	1
13	9
14	4
15	1
16	3
17	1
18	2
19	5
20	2
21	9
22	1
23	8
24	4
25	1
26	6
27	5
28	7
29	9
30	7
31	8
32	9
33	9
34	5
35	2
36	3
37	8
38	3
39	5
40	3
/

psi	Vehicle Capacity
/ 30 /
;

Table kappa(i,j)                 Setup
         0        1        2        3        4        5        6        7        8        9        10       11       12       13       14       15       16       17       18       19       20       21       22       23       24       25       26       27       28       29       30       31       32       33       34       35       36       37       38       39       40       
0        0        321      323      556      320      160      177      557      552      345      561      557      648      676      792      159      540      747      592      706      450      553      527      865      911      378      846      340      588      358      461      542      471      378      836      655      905      331      545      497      974      
1        321      0        421      815      360      193      496      815      680      196      877      358      630      665      898      479      445      487      276      753      187      234      707      961      1104     347      740      635      736      679      165      337      782      208      903      487      783      226      463      211      828      
2        323      421      0        839      622      405      422      841      876      271      624      397      950      981      1116     401      808      908      591      1025     406      576      847      1189     1219     661      1118     360      911      497      585      392      684      592      1158     889      1170     230      819      631      1227     
3        556      815      839      0        520      623      417      4        343      898      544      1111     629      631      475      438      701      1053     1087     544      984      1040     230      541      404      593      882      589      304      428      890      1094     246      732      576      855      950      887      684      905      1040     
4        320      360      622      520      0        225      389      518      320      518      789      713      329      359      540      387      239      544      599      411      548      549      361      605      751      81       530      630      378      579      382      692      582      216      556      380      593      530      236      390      667      
5        160      193      405      623      225      0        317      623      523      303      717      509      546      578      756      303      405      587      469      636      363      425      532      824      929      255      716      500      573      511      308      490      593      219      779      505      771      309      415      341      834      
6        177      496      422      417      389      317      0        419      514      515      409      723      685      708      746      21       628      889      769      702      626      729      454      820      803      466      914      251      531      197      625      709      295      517      810      763      978      495      626      658      1055     
7        557      815      841      4        518      623      419      0        339      898      548      1111     625      627      471      439      698      1051     1086     539      984      1039     226      536      401      591      878      592      299      431      888      1095     250      730      572      852      946      888      681      903      1036     
8        552      680      876      343      320      523      514      339      0        827      817      1028     288      288      240      526      404      769      915      210      867      865      113      312      437      357      540      758      64       639      691      1009     533      523      296      549      607      832      382      691      697      
9        345      196      271      898      518      303      515      898      827      0        835      213      816      850      1057     494      638      659      321      927      138      305      833      1124     1229     524      936      573      876      664      339      196      810      402      1074     683      979      41       655      385      1023     
10       561      877      624      544      789      717      409      548      817      835      0        1012     1051     1067     1006     418      1027     1297     1134     1026     968      1101     719      1076     929      869      1296     266      805      211      1022     1004     298      925      1097     1168     1363     803      1022     1058     1444     
11       557      358      397      1111     713      509      723      1111     1028     213      1012     0        986      1021     1254     702      793      719      296      1111     178      314      1042     1317     1439     705      1069     746      1081     857      442      21       1016     559      1261     804      1103     227      814      480      1133     
12       648      630      950      629      329      546      685      625      288      816      1051     986      0        34       355      689      206      536      797      165      809      749      399      390      663      294      254      936      343      853      571      965      791      427      307      303      323      835      181      552      411      
13       676      665      981      631      359      578      708      627      288      850      1067     1021     34       0        330      712      240      563      831      140      844      783      400      361      644      327      252      959      338      871      606      1000     802      462      276      330      319      868      215      586      409      
14       792      898      1116     475      540      756      746      471      240      1057     1006     1254     355      330      0        759      544      891      1112     190      1086     1063     296      74       324      557      543      983      215      850      884      1233     709      721      110      658      601      1065     518      875      688      
15       159      479      401      438      387      303      21       439      526      494      418      702      689      712      759      0        625      879      751      711      606      712      469      833      822      462      914      246      545      208      611      688      315      506      822      758      979      474      624      644      1055     
16       540      445      808      701      239      405      628      698      404      638      1027     793      206      240      544      625      0        365      591      362      614      544      494      589      828      164      310      865      468      818      367      772      806      236      510      153      366      662      25       346      433      
17       747      487      908      1053     544      587      889      1051     769      659      1297     719      536      563      891      879      365      0        433      701      562      406      857      924      1190     464      450      1087     834      1087     323      701      1122     372      836      232      452      697      388      276      449      
18       592      276      591      1087     599      469      769      1086     915      321      1134     296      797      831      1112     751      591      433      0        945      185      50       960      1167     1350     559      826      879      976      945      228      280      1057     393      1096     559      849      362      616      245      867      
19       706      753      1025     544      411      636      702      539      210      927      1026     1111     165      140      190      711      362      701      945      0        938      896      318      226      506      406      369      952      239      844      717      1090     743      561      151      468      432      940      336      702      522      
20       450      187      406      984      548      363      626      984      867      138      968      178      809      844      1086     606      614      562      185      938      0        176      891      1148     1288     532      892      707      922      789      266      157      921      382      1089     628      928      177      636      307      961      
21       553      234      576      1040     549      425      729      1039     865      305      1101     314      749      783      1063     712      544      406      50       896      176      0        910      1117     1300     509      784      850      926      909      178      296      1016     343      1047     517      810      346      568      198      831      
22       527      707      847      230      361      532      454      226      113      833      719      1042     399      400      296      469      494      857      960      318      891      910      0        370      397      417      652      687      86       554      743      1023     428      576      378      644      720      833      474      749      810      
23       865      961      1189     541      605      824      820      536      312      1124     1076     1317     390      361      74       833      589      924      1167     226      1148     1117     370      0        336      617      549      1057     289      922      939      1297     778      778      94       692      602      1133     563      926      685      
24       911      1104     1219     404      751      929      803      401      437      1229     929      1439     663      644      324      822      828      1190     1350     506      1288     1300     397      336      0        795      868      994      375      832      1128     1420     642      960      424      960      926      1227     804      1128     1013     
25       378      347      661      593      81       255      466      591      357      524      869      705      294      327      557      462      164      464      559      406      532      509      417      617      795      0        467      701      420      658      334      684      663      166      556      299      527      541      166      333      597      
26       846      740      1118     882      530      716      914      878      540      936      1296     1069     254      252      543      914      310      450      826      369      892      784      652      549      868      467      0        1160     589      1092     628      1049     1043     535      455      267      68       963      301      592      157      
27       340      635      360      589      630      500      251      592      758      573      266      746      936      959      983      246      865      1087     879      952      707      850      687      1057     994      701      1160     0        768      168      790      738      374      719      1055     991      1223     539      866      830      1297     
28       588      736      911      304      378      573      531      299      64       876      805      1081     343      338      215      545      468      834      976      239      922      926      86       289      375      420      589      768      0        638      753      1061     513      585      293      612      656      879      446      754      746      
29       358      679      497      428      579      511      197      431      639      664      211      857      853      871      850      208      818      1087     945      844      789      909      554      922      832      658      1092     168      638      0        818      847      205      714      931      957      1159     636      813      852      1239     
30       461      165      585      890      382      308      625      888      691      339      1022     442      571      606      884      611      367      323      228      717      266      178      743      939      1128     334      628      790      753      818      0        421      895      168      868      362      662      376      391      46       695      
31       542      337      392      1094     692      490      709      1095     1009     196      1004     21       965      1000     1233     688      772      701      280      1090     157      296      1023     1297     1420     684      1049     738      1061     847      421      0        1002     538      1240     783      1083     213      793      460      1113     
32       471      782      684      246      582      593      295      250      533      810      298      1016     791      802      709      315      806      1122     1057     743      921      1016     428      778      642      663      1043     374      513      205      895      1002     0        763      803      957      1111     789      796      922      1198     
33       378      208      592      732      216      219      517      730      523      402      925      559      427      462      721      506      236      372      393      561      382      343      576      778      960      166      535      719      585      714      168      538      763      0        712      296      582      428      256      173      635      
34       836      903      1158     576      556      779      810      572      296      1074     1097     1261     307      276      110      822      510      836      1096     151      1089     1047     378      94       424      556      455      1055     293      931      868      1240     803      712      0        605      508      1086     485      853      592      
35       655      487      889      855      380      505      763      852      549      683      1168     804      303      330      658      758      153      232      559      468      628      517      644      692      960      299      267      991      612      957      362      783      957      296      605      0        299      713      170      325      340      
36       905      783      1170     950      593      771      978      946      607      979      1363     1103     323      319      601      979      366      452      849      432      928      810      720      602      926      527      68       1223     656      1159     662      1083     1111     582      508      299      0        1008     360      623      90       
37       331      226      230      887      530      309      495      888      832      41       803      227      835      868      1065     474      662      697      362      940      177      346      833      1133     1227     541      963      539      879      636      376      213      789      428      1086     713      1008     0        678      422      1054     
38       545      463      819      684      236      415      626      681      382      655      1022     814      181      215      518      624      25       388      616      336      636      568      474      563      804      166      301      866      446      813      391      793      796      256      485      170      360      678      0        371      431      
39       497      211      631      905      390      341      658      903      691      385      1058     480      552      586      875      644      346      276      245      702      307      198      749      926      1128     333      592      830      754      852      46       460      922      173      853      325      623      422      371      0        654      
40       974      828      1227     1040     667      834      1055     1036     697      1023     1444     1133     411      409      688      1055     433      449      867      522      961      831      810      685      1013     597      157      1297     746      1239     695      1113     1198     635      592      340      90       1054     431      654      0        
;



Table delta(i,j)                 Distance
         0        1        2        3        4        5        6        7        8        9        10       11       12       13       14       15       16       17       18       19       20       21       22       23       24       25       26       27       28       29       30       31       32       33       34       35       36       37       38       39       40       
0        0        3100     3710     4320     5110     1500     5400     2500     2360     6170     5480     5100     2830     5140     2970     1930     5860     7160     1430     6560     6230     5750     3740     5480     6920     3290     4830     4150     5030     3930     4600     5560     6800     4430     1690     730      3940     5490     4110     3910     5300     
1        3100     0        64       122      265      461      662      177      495      438      271      555      534      591      549      245      323      807      386      636      597      474      576      610      554      86       495      489      653      620      438      606      576      148      142      289      438      511      109      564      509      
2        3710     64       0        70       256      521      717      234      559      443      245      602      598      641      613      306      302      856      451      672      632      499      638      658      566      121      539      542      711      683      480      653      595      120      202      353      489      547      80       625      548      
3        4320     122      70       0        208      583      733      262      606      402      183      607      643      651      657      344      242      862      500      659      619      475      673      664      529      137      540      556      733      722      478      657      565      68       264      407      501      536      44       654      541      
4        5110     265      256      208      0        656      629      268      613      194      73       480      637      534      650      350      77       726      522      488      450      292      629      537      324      195      408      460      647      687      343      523      368      140      373      459      403      376      177      595      389      
5        1500     461      521      583      656      0        554      389      199      745      697      568      241      557      251      317      732      734      179      729      702      683      358      594      806      479      559      472      504      351      551      607      784      593      319      197      468      638      562      393      614      
6        5400     662      717      733      629      554      0        484      357      554      703      161      324      102      320      431      693      179      401      291      293      410      205      121      514      599      229      176      63       245      290      143      450      688      601      479      232      302      689      161      274      
7        2500     177      234      262      268      389      484      0        357      370      317      383      388      415      402      86       345      632      257      483      445      352      410      436      458      126      327      312      477      460      278      434      459      238      159      192      263      360      224      392      352      
8        2360     495      559      606      613      199      357      357      0        650      670      393      47       372      61       270      691      536      109      561      539      557      158      410      683      477      400      301      305      160      411      425      647      594      373      212      315      488      573      196      461      
9        6170     438      443      402      194      745      554      370      650      0        248      392      661      451      671      428      201      607      582      340      307      148      617      441      130      355      326      412      589      680      273      422      185      333      514      551      365      256      367      571      281      
10       5480     271      245      183      73       697      703      317      670      248      0        554      697      607      710      402      59       800      574      559      521      360      696      610      378      220      482      532      719      753      417      597      430      125      397      503      475      448      167      664      462      
11       5100     555      602      607      480      568      161      383      393      392      554      0        376      59       379      354      539      254      392      169      154      249      282      57       357      482      71       96       203      341      136      51       297      555      525      439      123      141      563      228      113      
12       2830     534      598      643      637      241      324      388      47       661      697      376      0        349      15       301      714      500      151      546      527      559      119      387      685      510      392      290      268      113      410      404      644      626      416      256      312      482      608      164      454      
13       5140     591      641      651      534      557      102      415      372      451      607      59       349      0        349      375      594      217      387      208      201      308      244      38       415      522      128      105      146      299      191      57       352      602      548      447      152      200      607      190      172      
14       2970     549      613      657      650      251      320      402      61       671      710      379      15       349      0        315      727      495      166      548      531      566      114      387      692      525      397      295      262      101      418      405      650      640      432      271      319      488      622      162      460      
15       1930     245      306      344      350      317      431      86       270      428      402      354      301      375      315      0        428      591      172      479      444      382      332      402      499      209      311      269      414      378      276      404      488      325      172      124      231      365      307      320      350      
16       5860     323      302      242      77       732      693      345      691      201      59       539      714      594      727      428      0        778      600      527      491      327      703      594      330      263      467      527      714      762      403      579      386      181      442      536      471      423      222      668      440      
17       7160     807      856      862      726      734      179      632      536      607      800      254      500      217      495      591      778      0        579      277      302      460      381      197      530      736      323      321      232      411      387      205      457      809      763      653      369      355      818      340      338      
18       1430     386      451      500      522      179      401      257      109      582      574      392      151      387      166      172      600      579      0        551      523      508      231      423      633      373      379      295      361      254      373      434      607      490      265      105      289      458      468      248      435      
19       6560     636      672      659      488      729      291      483      561      340      559      169      546      208      548      479      527      277      551      0        39       199      450      174      253      553      172      260      348      506      205      152      180      597      639      583      263      125      615      395      131      
20       6230     597      632      619      450      702      293      445      539      307      521      154      527      201      531      444      491      302      523      39       0        164      437      172      231      514      143      237      346      495      168      149      161      557      602      550      234      85       576      382      94       
21       5750     474      499      475      292      683      410      352      557      148      360      249      559      308      566      382      327      460      508      199      164      0        497      294      126      388      188      285      450      560      149      275      107      410      511      504      247      109      434      447      136      
22       3740     576      638      673      629      358      205      410      158      617      696      282      119      244      114      332      703      381      231      450      437      497      0        282      620      536      315      212      148      62       349      301      570      645      479      329      252      406      634      54       377      
23       5480     610      658      664      537      594      121      436      410      441      610      57       387      38       387      402      594      197      423      174      172      294      282      0        394      538      128      134      174      335      193      22       328      612      574      480      173      185      620      228      160      
24       6920     554      566      529      324      806      514      458      683      130      378      357      685      415      692      499      330      530      633      253      231      126      620      394      0        468      306      407      560      682      274      372      74       460      613      622      373      217      492      569      246      
25       3290     86       121      137      195      479      599      126      477      355      220      482      510      522      525      209      263      736      373      553      514      388      536      538      468      0        418      424      597      586      359      532      489      117      178      289      370      428      98       517      428      
26       4830     495      539      540      408      559      229      327      400      326      482      71       392      128      397      311      467      323      379      172      143      188      315      128      306      418      0        103      262      377      65       117      255      486      477      410      91       91       496      263      62       
27       4150     489      542      556      460      472      176      312      301      412      532      96       290      105      295      269      527      321      295      260      237      285      212      134      407      424      103      0        187      275      139      141      358      512      442      346      57       195      513      162      166      
28       5030     653      711      733      647      504      63       477      305      589      719      203      268      146      262      414      714      232      361      348      346      450      148      174      560      597      262      187      0        182      317      197      499      693      580      447      244      344      690      112      315      
29       3930     620      683      722      687      351      245      460      160      680      753      341      113      299      101      378      762      411      254      506      495      560      62       335      682      586      377      275      182      0        411      356      631      697      514      358      315      468      684      114      438      
30       4600     438      480      478      343      551      290      278      411      273      417      136      410      191      418      276      403      387      373      205      168      149      349      193      274      359      65       139      317      411      0        182      236      422      433      387      98       89       433      300      74       
31       5560     606      653      657      523      607      143      434      425      422      597      51       404      57       405      404      579      205      434      152      149      275      301      22       372      532      117      141      197      356      182      0        306      603      576      487      174      165      612      247      142      
32       6800     576      595      565      368      784      450      459      647      185      430      297      644      352      650      488      386      457      607      180      161      107      570      328      74       489      255      358      499      631      236      306      0        498      618      608      332      163      526      517      192      
33       4430     148      120      68       140      593      688      238      594      333      125      555      626      602      640      325      181      809      490      597      557      410      645      612      460      117      486      512      693      697      422      603      498      0        282      407      455      476      41       621      482      
34       1690     142      202      264      373      319      601      159      373      514      397      525      416      548      432      172      442      763      265      639      602      511      479      574      613      178      477      442      580      514      433      576      618      282      0        161      402      518      246      478      508      
35       730      289      353      407      459      197      479      192      212      551      503      439      256      447      271      124      536      653      105      583      550      504      329      480      622      289      410      346      447      358      387      487      608      407      161      0        322      476      380      338      457      
36       3940     438      489      501      403      468      232      263      315      365      475      123      312      152      319      231      471      369      289      263      234      247      252      173      373      370      91       57       244      315      98       174      332      455      402      322      0        173      457      206      147      
37       5490     511      547      536      376      638      302      360      488      256      448      141      482      200      488      365      423      355      458      125      85       109      406      185      217      428      91       195      344      468      89       165      163      476      518      476      173      0        492      354      29       
38       4110     109      80       44       177      562      689      224      573      367      167      563      608      607      622      307      222      818      468      615      576      434      634      620      492      98       496      513      690      684      433      612      526      41       246      380      457      492      0        613      496      
39       3910     564      625      654      595      393      161      392      196      571      664      228      164      190      162      320      668      340      248      395      382      447      54       228      569      517      263      162      112      114      300      247      517      621      478      338      206      354      613      0        324      
40       5300     509      548      541      389      614      274      352      461      281      462      113      454      172      460      350      440      338      435      131      94       136      377      160      246      428      62       166      315      438      74       142      192      482      508      457      147      29       496      324      0        
;

