

sets
i        orders          /0*20/
k        routes          /1*20/
p        positions       /0*20/
;

alias(i,j)
alias(i,h)
alias(i,hh)
alias(i,jj)
alias(k,kk)
                            Parameters

rho(i)	Processing time
/
0	0
1	43
2	65
3	87
4	9
5	84
6	40
7	15
8	25
9	52
10	41
11	69
12	6
13	80
14	60
15	62
16	2
17	33
18	96
19	83
20	4
/

gamma(i)	Duedate
/
0	0
1	59
2	4
3	49
4	30
5	51
6	18
7	91
8	72
9	24
10	89
11	87
12	37
13	10
14	86
15	41
16	81
17	82
18	60
19	47
20	20
/

sigma(i)	Size
/
0	0
1	8
2	6
3	5
4	8
5	8
6	8
7	8
8	5
9	3
10	2
11	2
12	8
13	5
14	5
15	8
16	3
17	2
18	5
19	6
20	7
/

epsilon(i)	Priority
/
0	0
1	6
2	5
3	3
4	3
5	3
6	8
7	8
8	7
9	9
10	5
11	3
12	3
13	9
14	2
15	3
16	4
17	8
18	2
19	1
20	7
/

psi	Vehicle Capacity
/ 23 /
;

Table kappa(i,j)                 Setup
         0        1        2        3        4        5        6        7        8        9        10       11       12       13       14       15       16       17       18       19       20       
0        0        94       102      200      216      43       114      50       82       148      156      101      46       25       52       146      178      103      50       140      78       
1        94       0        104      106      122      99       99       102      30       57       84       94       101      68       50       61       89       10       44       103      85       
2        102      104      0        183      186      140      18       147      122      153      188      11       144      91       71       162      138      113      95       51       158      
3        200      106      183      0        26       199      170      201      123      56       89       172      200      175      154      68       54       97       150      152      170      
4        216      122      186      26       0        218      170      221      143      78       115      174      220      190      166      93       48       114      166      148      193      
5        43       99       140      199      218      0        149      7        75       143      137      137      3        50       77       136      188      105      60       171      43       
6        114      99       18       170      170      149      0        156      122      144      182      13       153      99       75       155      122      107      99       32       163      
7        50       102      147      201      221      7        156      0        77       144      136      144      3        56       83       136      191      108      65       178      40       
8        82       30       122      123      143      75       122      77       0        68       75       114      77       60       55       63       115      32       36       130      55       
9        148      57       153      56       78       143      144      144      68       0        49       142      144      123      107      18       68       46       98       136      114      
10       156      84       188      89       115      137      182      136      75       49       0        178      137      135      129      31       116      74       111      179      98       
11       101      94       11       172      174      137      13       144      114      142      178      0        141      87       65       152      127      103      89       44       152      
12       46       101      144      200      220      3        153      3        77       144      137      141      0        53       80       137      190      107      63       175      42       
13       25       68       91       175      190      50       99       56       60       123      135      87       53       0        29       123      152      77       25       122      71       
14       52       50       71       154      166      77       75       83       55       107      129      65       80       29       0        110      126      60       24       94       87       
15       146      61       162      68       93       136      155      136      63       18       31       152      137      123      110      0        86       51       97       150      103      
16       178      89       138      54       48       188      122      191      115      68       116      127      190      152      126      86       0        84       130      100      170      
17       103      10       113      97       114      105      107      108      32       46       74       103      107      77       60       51       84       0        53       109      87       
18       50       44       95       150      166      60       99       65       36       98       111      89       63       25       24       97       130      53       0        115      63       
19       140      103      51       152      148      171      32       178      130      136      179      44       175      122      94       150      100      109      115      0        178      
20       78       85       158      170      193      43       163      40       55       114      98       152      42       71       87       103      170      87       63       178      0        
;



Table delta(i,j)                 Distance
         0        1        2        3        4        5        6        7        8        9        10       11       12       13       14       15       16       17       18       19       20       
0        0        710      1140     1950     520      690      980      760      1590     1720     1480     730      1020     740      850      2170     1610     940      1380     1250     1330     
1        710      0        80       124      74       135      38       8        143      103      136      43       73       107      102      146      108      60       73       59       106      
2        1140     80       0        151      145      182      111      73       223      141      216      43       12       177      178      165      175      140      65       119      185      
3        1950     124      151      0        180      253      101      121      173      26       177      148      155      207      191      22       88       128      86       74       140      
4        520      74       145      180      0        76       79       82       107      154      96       101      134      33       35       203      125      56       147      105      86       
5        690      135      182      253      76       0        152      141      168      228      155      142      170      65       87       276      201      133      206      179      157      
6        980      38       111      101      79       152      0        41       114      75       110      80       106      108      96       123      70       37       80       27       75       
7        760      8        73       121      82       141      41       0        150      101      143      38       66       115      110      142      111      67       65       60       112      
8        1590     143      223      173      107      168      114      150      0        149      13       185      216      103      81       193      85       82       192      120      39       
9        1720     103      141      26       154      228      75       101      149      0        151      131      143      180      164      49       64       102      79       48       114      
10       1480     136      216      177      96       155      110      143      13       151      0        177      209      90       68       197      90       76       190      119      38       
11       730      43       43       148      101      142      80       38       185      131      177      0        33       133      134      167      149      103      73       96       148      
12       1020     73       12       155      134      170      106      66       216      143      209      33       0        166      168      171      173      133      70       117      178      
13       740      107      177      207      33       65       108      115      103      180      90       133      166      0        22       229      142      78       179      133      93       
14       850      102      178      191      35       87       96       110      81       164      68       134      168      22       0        213      122      62       172      118      71       
15       2170     146      165      22       203      276      123      142      193      49       197      167      171      229      213      0        107      151      100      97       161      
16       1610     108      175      88       125      201      70       111      85       64       90       149      173      142      122      107      0        69       126      56       56       
17       940      60       140      128      56       133      37       67       82       102      76       103      133      78       62       151      69       0        117      56       45       
18       1380     73       65       86       147      206      80       65       192      79       190      73       70       179      172      100      126      117      0        73       153      
19       1250     59       119      74       105      179      27       60       120      48       119      96       117      133      118      97       56       56       73       0        82       
20       1330     106      185      140      86       157      75       112      39       114      38       148      178      93       71       161      56       45       153      82       0        
;

