
sets
i        orders          /0*40/
k        routes          /1*40/
p        positions       /0*40/
;

alias(i,j)
alias(i,h)
alias(i,hh)
alias(i,jj)
alias(k,kk)
                
                    Parameters

rho(i)	Processing time
/
0	0
1	60
2	2
3	2
4	64
5	12
6	76
7	55
8	66
9	64
10	98
11	74
12	11
13	22
14	97
15	7
16	27
17	15
18	20
19	86
20	70
21	86
22	20
23	91
24	32
25	81
26	61
27	46
28	88
29	19
30	26
31	47
32	66
33	34
34	40
35	36
36	75
37	66
38	29
39	96
40	74
/

gamma(i)	Duedate
/
0	0
1	64
2	81
3	59
4	46
5	93
6	25
7	93
8	17
9	90
10	89
11	55
12	88
13	65
14	1
15	99
16	87
17	58
18	23
19	49
20	89
21	90
22	11
23	57
24	45
25	22
26	36
27	87
28	10
29	13
30	47
31	23
32	89
33	59
34	74
35	40
36	66
37	13
38	36
39	1
40	37
/

sigma(i)	Size
/
0	0
1	5
2	1
3	6
4	9
5	8
6	5
7	5
8	7
9	7
10	8
11	1
12	4
13	4
14	9
15	1
16	2
17	2
18	3
19	8
20	2
21	5
22	2
23	3
24	2
25	6
26	7
27	3
28	2
29	9
30	2
31	6
32	4
33	5
34	1
35	5
36	3
37	7
38	4
39	2
40	7
/

epsilon(i)	Priority
/
0	0
1	8
2	4
3	5
4	4
5	7
6	5
7	1
8	3
9	8
10	1
11	2
12	6
13	2
14	1
15	3
16	3
17	1
18	9
19	3
20	1
21	6
22	9
23	5
24	6
25	5
26	2
27	5
28	1
29	4
30	6
31	8
32	9
33	4
34	9
35	4
36	1
37	3
38	7
39	3
40	6
/

psi	Vehicle Capacity
/ 25 /
;

Table kappa(i,j)                 Setup
         0        1        2        3        4        5        6        7        8        9        10       11       12       13       14       15       16       17       18       19       20       21       22       23       24       25       26       27       28       29       30       31       32       33       34       35       36       37       38       39       40       
0        0        725      700      712      507      595      510      422      508      333      572      274      444      476      658      630      782      794      645      356      947      755      226      756      899      503      368      556      268      704      464      226      369      694      535      589      359      664      499      313      277      
1        725      0        819      144      761      236      467      303      226      464      218      472      722      332      839      834      483      307      159      575      444      132      699      549      422      246      569      181      565      723      301      544      360      185      229      658      365      222      282      768      670      
2        700      819      0        692      196      584      365      667      659      498      610      573      256      524      65       93       428      607      660      380      651      730      474      340      610      791      373      781      473      115      577      776      634      648      821      166      664      603      572      406      423      
3        712      144      692      0        656      134      358      303      211      408      143      441      625      257      718      716      338      168      67       496      320      46       642      406      291      308      487      246      508      591      250      567      347      44       307      536      365      89       218      696      604      
4        507      761      196      656      0        529      298      548      564      357      543      419      65       434      151      124      483      619      608      223      708      700      280      410      661      677      222      682      304      240      479      606      503      615      710      164      529      569      486      210      233      
5        595      236      584      134      529      0        231      216      136      278      42       321      494      125      603      598      300      209      79       361      373      180      509      344      330      276      353      233      376      492      132      476      245      103      291      421      270      69       96       561      470      
6        510      467      365      358      298      231      0        311      293      193      250      275      270      159      375      368      273      341      311      177      465      402      348      249      415      429      164      416      243      291      213      486      290      317      457      198      323      271      207      368      295      
7        422      303      667      303      548      216      311      0        91       196      179      175      494      160      665      650      498      425      238      329      589      341      413      519      547      129      328      150      286      603      107      264      59       296      163      502      63       281      135      496      397      
8        508      226      659      211      564      136      293      91       0        239      95       246      517      135      665      655      432      338      146      360      503      249      473      466      463      146      356      122      339      581      85       356      139      205      168      492      154      194      87       545      447      
9        333      464      498      408      357      278      193      196      239      0        266      83       300      153      485      467      454      465      343      134      615      453      236      441      566      325      135      342      101      455      163      296      146      381      359      342      171      344      190      306      207      
10       572      218      610      143      543      42       250      179      95       266      0        299      504      119      626      619      342      245      77       362      410      188      501      383      369      234      355      193      366      522      107      441      213      123      249      446      236      101      75       560      465      
11       274      472      573      441      419      321      275      175      246      83       299      0        357      203      556      535      530      521      374      197      677      484      240      522      630      292      202      324      123      536      191      213      116      421      328      422      127      390      225      328      231      
12       444      722      256      625      65       494      270      494      517      300      504      357      0        390      216      189      487      605      573      165      707      670      218      421      658      623      165      632      240      281      431      541      446      586      657      184      471      540      442      159      168      
13       476      332      524      257      434      125      159      160      135      153      119      203      390      0        530      520      347      318      195      243      474      303      384      360      427      271      237      257      251      449      55       384      157      228      298      357      190      191      51       441      347      
14       658      839      65       718      151      603      375      665      665      485      626      556      216      530      0        30       476      646      680      359      701      758      432      390      659      792      354      787      447      169      581      752      627      674      823      182      655      629      581      356      384      
15       630      834      93       716      124      598      368      650      655      467      619      535      189      520      30       0        486      651      676      338      713      757      404      402      669      778      334      776      425      187      570      728      610      673      809      181      638      627      571      326      358      
16       782      483      428      338      483      300      273      498      432      454      342      530      487      347      476      486      0        198      343      446      227      361      617      88       183      577      433      533      517      313      392      729      505      299      592      321      536      270      362      621      561      
17       794      307      607      168      619      209      341      425      338      465      245      521      605      318      646      651      198      0        204      512      164      176      678      281      126      462      501      405      554      496      339      686      454      143      467      472      480      144      303      709      629      
18       645      159      660      67       608      79       311      238      146      343      77       374      573      195      680      676      343      204      0        437      366      111      578      399      330      258      429      202      444      564      183      503      280      61       263      499      299      73       152      635      542      
19       356      575      380      496      223      361      177      329      360      134      362      197      165      243      359      338      446      512      437      0        641      542      171      407      591      459      12       471      96       358      276      396      281      461      493      241      306      418      293      201      118      
20       947      444      651      320      708      373      465      589      503      615      410      677      707      474      701      713      227      164      366      641      0        313      812      311      49       624      629      565      696      536      501      849      617      304      626      547      643      309      465      830      760      
21       755      132      730      46       700      180      402      341      249      453      188      484      670      303      758      757      361      176      111      542      313      0        688      434      289      332      533      267      554      627      294      603      388      85       326      577      404      131      263      742      650      
22       226      699      474      642      280      509      348      413      473      236      501      240      218      384      432      404      617      678      578      171      812      688      0        574      762      532      184      563      134      487      399      360      355      612      568      375      366      572      426      101      58       
23       756      549      340      406      410      344      249      519      466      441      383      522      421      360      390      402      88       281      399      407      311      434      574      0        269      612      394      577      488      225      411      729      516      364      631      245      549      328      387      565      516      
24       899      422      610      291      661      330      415      547      463      566      369      630      658      427      659      669      183      126      330      591      49       289      762      269      0        589      579      531      647      495      456      805      572      269      593      501      600      269      420      780      710      
25       503      246      791      308      677      276      429      129      146      325      234      292      623      271      792      778      577      462      258      459      624      332      532      612      589      0        458      66       411      721      216      302      181      320      35       625      165      323      230      620      521      
26       368      569      373      487      222      353      164      328      356      135      355      202      165      237      354      334      433      501      429      12       629      533      184      394      579      458      0        468      106      348      271      404      281      452      492      231      307      408      287      210      130      
27       556      181      781      246      682      233      416      150      122      342      193      324      632      257      787      776      533      405      202      471      565      267      563      577      531      66       468      0        435      703      205      364      208      262      61       614      203      271      209      645      546      
28       268      565      473      508      304      376      243      286      339      101      366      123      240      251      447      425      517      554      444      96       696      554      134      488      647      411      106      435      0        454      265      304      230      479      446      337      247      441      291      210      111      
29       704      723      115      591      240      492      291      603      581      455      522      536      281      449      169      187      313      496      564      358      536      627      487      225      495      721      348      703      454      0        505      747      577      546      748      117      610      503      494      440      430      
30       464      301      577      250      479      132      213      107      85       163      107      191      431      55       581      570      392      339      183      276      501      294      399      411      456      216      271      205      265      505      0        348      116      229      243      410      146      201      36       466      369      
31       226      544      776      567      606      476      486      264      356      296      441      213      541      384      752      728      729      686      503      396      849      603      360      729      805      302      404      364      304      747      348      0        232      561      330      631      206      543      384      461      383      
32       369      360      634      347      503      245      290      59       139      146      213      116      446      157      627      610      505      454      280      281      617      388      355      516      572      181      281      208      230      577      116      232      0        335      216      471      33       313      152      439      341      
33       694      185      648      44       615      103      317      296      205      381      123      421      586      228      674      673      299      143      61       461      304      85       612      364      269      320      452      262      479      546      229      561      335      0        323      493      356      46       195      662      571      
34       535      229      821      307      710      291      457      163      168      359      249      328      657      298      823      809      592      467      263      493      626      326      568      631      593      35       492      61       446      748      243      330      216      323      0        654      201      332      254      655      557      
35       589      658      166      536      164      421      198      502      492      342      446      422      184      357      182      181      321      472      499      241      547      577      375      245      501      625      231      614      337      117      410      631      471      493      654      0        503      447      405      340      318      
36       359      365      664      365      529      270      323      63       154      171      236      127      471      190      655      638      536      480      299      306      643      404      366      549      600      165      307      203      247      610      146      206      33       356      201      503      0        337      180      455      357      
37       664      222      603      89       569      69       271      281      194      344      101      390      540      191      629      627      270      144      73       418      309      131      572      328      269      323      408      271      441      503      201      543      313      46       332      447      337      0        165      619      530      
38       499      282      572      218      486      96       207      135      87       190      75       225      442      51       581      571      362      303      152      293      465      263      426      387      420      230      287      209      291      494      36       384      152      195      254      405      180      165      0        488      392      
39       313      768      406      696      210      561      368      496      545      306      560      328      159      441      356      326      621      709      635      201      830      742      101      565      780      620      210      645      210      440      466      461      439      662      655      340      455      619      488      0        99       
40       277      670      423      604      233      470      295      397      447      207      465      231      168      347      384      358      561      629      542      118      760      650      58       516      710      521      130      546      111      430      369      383      341      571      557      318      357      530      392      99       0        
;



Table delta(i,j)                 Distance
         0        1        2        3        4        5        6        7        8        9        10       11       12       13       14       15       16       17       18       19       20       21       22       23       24       25       26       27       28       29       30       31       32       33       34       35       36       37       38       39       40       
0        0        13500    3440     1760     11860    3640     10260    3120     4580     7000     7920     8060     9580     5840     9580     3420     6280     2280     4660     5120     14820    4620     7000     1240     11720    3480     8820     15280    11620    10080    10560    3720     8040     6580     10440    8440     11860    920      9420     15640    9560     
1        13500    0        513      626      478      856      597      572      598      645      429      367      674      625      338      522      733      689      674      712      84       537      616      694      688      835      242      127      471      384      591      497      619      593      161      730      167      629      690      182      247      
2        3440     513      0        113      445      354      399      76       257      280      240      306      395      326      378      119      302      179      216      256      574      111      266      181      488      321      291      595      432      419      410      16       311      340      368      374      421      128      395      611      305      
3        1760     626      113      0        507      253      425      71       277      267      312      398      395      345      473      172      246      72       160      191      685      144      264      70       500      209      403      705      495      507      440      129      316      374      481      345      528      66       389      718      412      
4        11860    478      445      507      0        750      163      437      688      318      206      599      260      751      635      549      427      524      428      446      469      362      297      566      225      673      458      453      13       693      148      441      260      750      463      354      311      558      282      420      287      
5        3640     856      354      253      750      0        646      323      340      466      564      562      590      381      635      340      392      226      339      342      923      393      475      186      702      107      619      947      739      650      662      368      526      427      701      511      775      228      578      965      660      
6        10260    597      399      425      163      646      0        364      657      182      206      629      97       725      680      516      283      422      307      314      605      293      170      472      100      556      515      596      160      736      18       401      120      734      544      194      432      487      119      570      367      
7        3120     572      76       71       437      323      364      0        308      221      241      382      344      378      455      180      228      117      141      180      627      74       212      138      444      271      360      644      424      495      377      91       261      399      434      309      465      124      341      655      348      
8        4580     598      257      277      688      340      657      308      0        530      483      246      650      69       312      140      523      335      436      468      677      367      519      290      745      386      359      711      675      315      667      256      566      99       436      617      574      215      649      746      477      
9        7000     645      280      267      318      466      182      221      530      0        217      566      128      599      631      398      109      248      127      132      675      171      28       302      237      373      493      677      310      680      200      289      62       619      547      97       495      333      121      667      397      
10       7920     429      240      312      206      564      206      241      483      217      0        424      256      547      473      343      314      344      276      307      457      170      189      378      306      499      309      461      193      529      210      235      191      549      346      301      278      358      269      455      182      
11       8060     367      306      398      599      562      629      382      246      566      424      0        659      260      76       233      607      470      522      562      450      399      545      448      728      578      158      489      587      114      634      292      578      226      214      664      389      365      666      533      326      
12       9580     674      395      395      260      590      97       344      650      128      256      659      0        720      718      514      207      376      253      249      689      284      131      430      111      493      563      683      257      770      113      401      84       736      603      101      512      460      21       661      434      
13       5840     625      326      345      751      381      725      378      69       599      547      260      720      0        314      208      592      402      505      536      707      436      589      354      814      439      394      743      737      304      735      324      636      49       466      687      618      282      718      782      527      
14       9580     338      378      473      635      635      680      455      312      631      473      76       718      314      0        309      677      545      594      634      423      467      609      524      780      653      177      465      623      58       683      364      638      273      204      729      392      441      726      514      352      
15       3420     522      119      172      549      340      516      180      140      398      343      233      514      208      309      0        407      242      319      355      594      230      385      215      606      345      281      623      536      337      527      115      430      221      363      489      467      132      514      649      359      
16       6280     733      302      246      427      392      283      228      523      109      314      607      207      592      677      407      0        200      88       57       770      212      134      255      317      290      558      775      419      720      301      315      167      619      621      119      592      311      191      769      486      
17       2280     689      179      72       524      226      422      117      335      248      344      470      376      402      545      242      200      0        123      142      745      174      253      55       485      156      471      762      513      579      438      196      305      434      547      311      582      121      366      771      465      
18       4660     674      216      160      428      339      307      141      436      127      276      522      253      505      594      319      88       123      0        40       719      139      137      179      364      248      485      729      418      636      324      230      187      531      552      188      544      226      242      728      433      
19       5120     712      256      191      446      342      314      180      468      132      307      562      249      536      634      355      57       142      40       0        755      179      149      198      360      244      525      764      436      675      332      270      194      564      591      171      579      254      236      762      469      
20       14820    84       574      685      469      923      605      627      677      675      457      450      689      707      423      594      770      745      719      755      0        584      646      755      689      895      318      45       464      468      597      558      642      676      240      754      179      694      707      105      285      
21       4620     537      111      144      362      393      293      74       367      171      170      399      284      436      467      230      212      174      139      179      584      0        155      207      378      330      346      598      350      513      306      118      199      452      412      267      414      198      284      602      300      
22       7000     616      266      264      297      475      170      212      519      28       189      545      131      589      609      385      134      253      137      149      646      155      0        305      235      386      468      649      288      659      187      273      52       606      520      121      467      329      129      639      369      
23       1240     694      181      70       566      186      472      138      290      302      378      448      430      354      524      215      255      55       179      198      755      207      305      0        539      140      467      775      554      552      488      197      357      390      546      366      598      83       421      788      482      
24       11720    688      488      500      225      702      100      444      745      237      306      728      111      814      780      606      317      485      364      360      689      378      235      539      0        604      614      676      227      835      99       491      184      827      642      204      521      564      126      645      464      
25       3480     835      321      209      673      107      556      271      386      373      499      578      493      439      653      345      290      156      248      244      895      330      386      140      604      0        607      914      662      677      573      337      435      482      687      409      736      215      479      925      619      
26       8820     242      291      403      458      619      515      360      359      493      309      158      563      394      177      281      558      471      485      525      318      346      468      467      614      607      0        351      447      235      516      274      489      369      82       589      231      395      573      388      174      
27       15280    127      595      705      453      947      596      644      711      677      461      489      683      743      465      623      775      762      729      764      45       598      649      775      676      914      351      0        449      511      586      580      641      714      277      753      184      718      701      61       297      
28       11620    471      432      495      13       739      160      424      675      310      193      587      257      737      623      536      419      513      418      436      464      350      288      554      227      662      447      449      0        681      146      428      252      737      453      349      304      546      278      418      276      
29       10080    384      419      507      693      650      736      495      315      680      529      114      770      304      58       337      720      579      636      675      468      513      659      552      835      677      235      511      681      0        739      405      690      259      260      777      449      469      778      563      410      
30       10560    591      410      440      148      662      18       377      667      200      210      634      113      735      683      527      301      438      324      332      597      306      187      488      99       573      516      586      146      739      0        411      138      744      542      211      425      501      135      559      365      
31       3720     497      16       129      441      368      401      91       256      289      235      292      401      324      364      115      315      196      230      270      558      118      273      197      491      337      274      580      428      405      411      0        316      336      351      383      407      140      402      596      292      
32       8040     619      311      316      260      526      120      261      566      62       191      578      84       636      638      430      167      305      187      194      642      199      52       357      184      435      489      641      252      690      138      316      0        651      535      111      463      380      87       627      373      
33       6580     593      340      374      750      427      734      399      99       619      549      226      736      49       273      221      619      434      531      564      676      452      606      390      827      482      369      714      737      259      744      336      651      0        437      709      597      313      736      755      513      
34       10440    161      368      481      463      701      544      434      436      547      346      214      603      466      204      363      621      547      552      591      240      412      520      546      642      687      82       277      453      260      542      351      535      437      0        640      189      476      616      319      179      
35       8440     730      374      345      354      511      194      309      617      97       301      664      101      687      729      489      119      311      188      171      754      267      121      366      204      409      589      753      349      777      211      383      111      709      640      0        575      412      80       737      483      
36       11860    167      421      528      311      775      432      465      574      495      278      389      512      618      392      467      592      582      544      579      179      414      467      598      521      736      231      184      304      449      425      407      463      597      189      575      0        547      529      190      116      
37       920      629      128      66       558      228      487      124      215      333      358      365      460      282      441      132      311      121      226      254      694      198      329      83       564      215      395      718      546      469      501      140      380      313      476      412      547      0        455      736      433      
38       9420     690      395      389      282      578      119      341      649      121      269      666      21       718      726      514      191      366      242      236      707      284      129      421      126      479      573      701      278      778      135      402      87       736      616      80       529      455      0        680      448      
39       15640    182      611      718      420      965      570      655      746      667      455      533      661      782      514      649      769      771      728      762      105      602      639      788      645      925      388      61       418      563      559      596      627      755      319      737      190      736      680      0        306      
40       9560     247      305      412      287      660      367      348      477      397      182      326      434      527      352      359      486      465      433      469      285      300      369      482      464      619      174      297      276      410      365      292      373      513      179      483      116      433      448      306      0        
;

