

sets
i        orders          /0*20/
k        routes          /1*20/
p        positions       /0*20/
;

alias(i,j)
alias(i,h)
alias(i,hh)
alias(i,jj)
alias(k,kk)
                            Parameters

rho(i)	Processing time
/
0	0
1	20
2	13
3	71
4	44
5	39
6	12
7	3
8	54
9	83
10	12
11	82
12	91
13	84
14	55
15	2
16	6
17	64
18	95
19	72
20	44
/

gamma(i)	Duedate
/
0	0
1	46
2	30
3	44
4	69
5	38
6	33
7	16
8	1
9	40
10	60
11	37
12	48
13	60
14	55
15	19
16	9
17	70
18	41
19	45
20	19
/

sigma(i)	Size
/
0	0
1	2
2	6
3	9
4	7
5	5
6	1
7	5
8	7
9	8
10	5
11	9
12	9
13	1
14	6
15	7
16	7
17	8
18	1
19	8
20	6
/

epsilon(i)	Priority
/
0	0
1	9
2	6
3	9
4	4
5	4
6	7
7	5
8	2
9	9
10	8
11	5
12	8
13	5
14	2
15	6
16	9
17	9
18	4
19	1
20	2
/

psi	Vehicle Capacity
/ 20 /
;

Table kappa(i,j)                 Setup
         0        1        2        3        4        5        6        7        8        9        10       11       12       13       14       15       16       17       18       19       20       
0        0        165      350      483      241      485      180      307      414      200      217      563      657      74       496      477      517      512      176      154      577      
1        165      0        356      503      385      419      249      461      508      365      156      727      756      127      473      414      438      664      109      290      742      
2        350      356      0        827      556      775      181      405      759      438      506      679      994      289      820      770      251      546      456      283      735      
3        483      503      827      0        396      252      663      686      230      529      351      811      374      537      128      242      940      854      393      612      768      
4        241      385      556      396      0        523      375      295      225      146      342      434      439      314      471      512      753      458      334      280      412      
5        485      419      775      252      523      0        647      765      445      616      275      957      626      509      130      11       821      960      324      639      933      
6        180      249      181      663      375      647      0        273      579      264      371      558      813      138      672      640      395      456      323      112      598      
7        307      461      405      686      295      765      273      0        517      156      517      285      698      336      743      756      651      204      482      176      331      
8        414      508      759      230      225      445      579      517      0        372      396      593      248      485      345      433      927      658      416      497      542      
9        200      365      438      529      146      616      264      156      372      0        384      367      576      256      587      606      659      344      356      155      377      
10       217      156      506      351      342      275      371      517      396      384      0        748      639      233      317      268      591      720      50       372      745      
11       563      727      679      811      434      957      558      285      593      367      748      0        679      608      901      946      929      166      724      457      90       
12       657      756      994      374      439      626      813      698      248      576      639      679      0        730      502      615      1173     791      663      720      604      
13       74       127      289      537      314      509      138      336      485      256      233      608      730      0        537      502      444      538      185      163      630      
14       496      473      820      128      471      130      672      743      345      587      317      901      502      537      0        122      900      926      366      641      866      
15       477      414      770      242      512      11       640      756      433      606      268      946      615      502      122      0        820      950      318      630      922      
16       517      438      251      940      753      821      395      651      927      659      591      929      1173     444      900      820      0        797      547      508      982      
17       512      664      546      854      458      960      456      204      658      344      720      166      791      538      926      950      797      0        686      375      253      
18       176      109      456      393      334      324      323      482      416      356      50       724      663      185      366      318      547      686      0        329      725      
19       154      290      283      612      280      639      112      176      497      155      372      457      720      163      641      630      508      375      329      0        491      
20       577      742      735      768      412      933      598      331      542      377      745      90       604      630      866      922      982      253      725      491      0        
;



Table delta(i,j)                 Distance
         0        1        2        3        4        5        6        7        8        9        10       11       12       13       14       15       16       17       18       19       20       
0        0        4590     7800     3720     13170    12180    540      12540    8730     16080    11820    13680    11160    15000    12990    3690     3720     2340     5130     14280    2130     
1        4590     0        122      169      302      335      147      293      215      389      252      398      235      392      288      276      276      227      197      373      102      
2        7800     122      0        291      289      400      248      302      291      277      234      311      234      275      173      379      383      323      220      259      222      
3        3720     169      291      0        376      295      138      343      191      546      342      548      313      560      450      195      183      183      284      540      83       
4        13170    302      289      376      0        225      439      55       210      310      54       578      67       477      279      554      548      517      489      476      369      
5        12180    335      400      295      225      0        415      170      121      525      240      711      211      651      470      490      476      476      527      643      339      
6        540      147      248      138      439      415      0        420      299      526      393      438      372      484      422      131      134      79       153      460      77       
7        12540    293      302      343      55       170      420      0        164      361      82       604      68       514      320      528      520      496      487      511      347      
8        8730     215      291      191      210      121      299      164      0        463      196      600      162      556      390      386      375      365      406      544      222      
9        16080    389      277      546      310      525      526      361      463      0        284      387      314      229      104      657      660      600      478      244      491      
10       11820    252      234      342      54       240      393      82       196      284      0        526      33       432      238      512      507      472      436      429      326      
11       13680    398      311      548      578      711      438      604      600      387      526      0        535      169      326      533      547      474      296      145      465      
12       11160    235      234      313      67       211      372      68       162      314      33       535      0        451      261      488      482      450      425      446      302      
13       15000    392      275      560      477      651      484      514      556      229      432      169      451      0        199      602      611      541      374      28       484      
14       12990    288      173      450      279      470      422      320      390      104      238      326      261      199      0        553      556      496      375      202      390      
15       3690     276      379      195      554      490      131      528      386      657      512      533      488      602      553      0        19       61       237      576      186      
16       3720     276      383      183      548      476      134      520      375      660      507      547      482      611      556      19       0        73       251      586      182      
17       2340     227      323      183      517      476      79       496      365      600      472      474      450      541      496      61       73       0        178      515      149      
18       5130     197      220      284      489      527      153      487      406      478      436      296      425      374      375      237      251      178      0        348      205      
19       14280    373      259      540      476      643      460      511      544      244      429      145      446      28       202      576      586      515      348      0        463      
20       2130     102      222      83       369      339      77       347      222      491      326      465      302      484      390      186      182      149      205      463      0        
;

