

sets
i        orders          /0*20/
k        routes          /1*20/
p        positions       /0*20/
;

alias(i,j)
alias(i,h)
alias(i,hh)
alias(i,jj)
alias(k,kk)
                            Parameters

rho(i)	Processing time
/
0	0
1	44
2	48
3	14
4	3
5	79
6	39
7	22
8	83
9	91
10	93
11	9
12	71
13	63
14	92
15	41
16	85
17	87
18	16
19	51
20	69
/

gamma(i)	Duedate
/
0	0
1	2
2	36
3	79
4	69
5	51
6	70
7	91
8	91
9	46
10	71
11	71
12	53
13	95
14	73
15	52
16	74
17	77
18	71
19	52
20	71
/

sigma(i)	Size
/
0	0
1	6
2	9
3	2
4	9
5	3
6	8
7	2
8	4
9	4
10	7
11	7
12	8
13	4
14	6
15	2
16	6
17	5
18	5
19	8
20	3
/

epsilon(i)	Priority
/
0	0
1	2
2	4
3	6
4	6
5	5
6	4
7	8
8	6
9	5
10	4
11	4
12	6
13	3
14	4
15	3
16	8
17	5
18	8
19	3
20	5
/

psi	Vehicle Capacity
/ 42 /
;

Table kappa(i,j)                 Setup
         0        1        2        3        4        5        6        7        8        9        10       11       12       13       14       15       16       17       18       19       20       
0        0        666      399      1194     928      1087     1014     503      759      814      516      354      721      878      406      118      1092     767      823      297      283      
1        666      0        284      528      426      440      727      244      644      481      398      496      94       296      294      550      426      276      592      425      383      
2        399      284      0        804      549      687      723      246      536      484      383      365      324      481      181      293      701      475      544      142      139      
3        1194     528      804      0        511      191      861      736      948      711      845      990      481      411      811      1079     103      557      839      938      912      
4        928      426      549      511      0        321      364      655      447      208      818      882      333      153      669      836      436      671      331      631      688      
5        1087     440      687      191      321      0        671      677      762      524      812      933      367      238      734      976      136      563      651      811      810      
6        1014     727      723      861      364      671      0        912      279      250      1075     1088     647      510      890      955      796      998      190      737      851      
7        503      244      246      736      655      677      912      0        765      662      165      256      335      537      99       385      641      265      749      363      243      
8        759      644      536      948      447      762      279      765      0        239      917      892      590      541      717      717      861      918      125      508      643      
9        814      481      484      711      208      524      250      662      239      0        826      847      406      311      644      740      627      755      131      522      618      
10       516      398      383      845      818      812      1075     165      917      826      0        177      492      694      203      411      757      306      909      469      324      
11       354      496      365      990      882      933      1088     256      892      847      177      0        582      779      213      265      896      475      908      395      249      
12       721      94       324      481      333      367      647      335      590      406      492      582      0        202      374      610      378      351      525      456      443      
13       878      296      481      411      153      238      510      537      541      311      694      779      202      0        568      775      320      522      442      590      615      
14       406      294      181      811      669      734      890      99       717      644      203      213      374      568      0        287      712      365      717      275      144      
15       118      550      293      1079     836      976      955      385      717      740      411      265      610      775      287      0        977      650      765      219      167      
16       1092     426      701      103      436      136      796      641      861      627      757      896      378      320      712      977      0        480      757      834      810      
17       767      276      475      557      671      563      998      265      918      755      306      475      351      522      365      650      480      0        869      610      506      
18       823      592      544      839      331      651      190      749      125      131      909      908      525      442      717      765      757      869      0        548      666      
19       297      425      142      938      631      811      737      363      508      522      469      395      456      590      275      219      834      610      548      0        149      
20       283      383      139      912      688      810      851      243      643      618      324      249      443      615      144      167      810      506      666      149      0        
;



Table delta(i,j)                 Distance
         0        1        2        3        4        5        6        7        8        9        10       11       12       13       14       15       16       17       18       19       20       
0        0        4950     6780     9810     5820     2250     12780    10680    2490     13560    8610     12240    11190    3570     7650     8670     15210    12360    13110    4590     14610    
1        4950     0        306      167      46       235      339      273      136      293      239      244      254      225      213      152      379      319      349      316      345      
2        6780     306      0        462      352      255      343      563      179      585      504      481      558      338      188      458      476      342      643      280      487      
3        9810     167      462      0        133      391      376      223      302      126      245      136      155      355      323      82       346      353      272      471      290      
4        5820     46       352      133      0        258      369      230      179      258      203      232      208      231      255      106      392      348      304      339      352      
5        2250     235      255      391      258      0        496      384      153      513      306      480      415      92       322      342      582      484      463      80       563      
6        12780    339      343      376      369      496      0        583      344      449      571      292      530      535      177      433      150      23       645      561      191      
7        10680    273      563      223      230      384      583      0        383      257      84       356      85       305      485      150      569      561      81       447      513      
8        2490     136      179      302      179      153      344      383      0        429      327      358      381      199      172      284      432      331      463      223      418      
9        13560    293      585      126      258      513      449      257      429      0        313      158      172      469      434      176      376      426      270      592      311      
10       8610     239      504      245      203      306      571      84       327      313      0        381      151      223      451      163      579      550      158      366      529      
11       12240    244      481      136      232      480      292      356      358      158      381      0        280      464      307      217      223      269      395      560      161      
12       11190    254      558      155      208      415      530      85       381      172      151      280      0        348      454      104      499      507      116      487      441      
13       3570     225      338      355      231      92       535      305      199      469      223      464      348      0        369      293      599      519      381      143      570      
14       7650     213      188      323      255      322      177      485      172      434      451      307      454      369      0        349      292      168      558      383      298      
15       8670     152      458      82       106      342      433      150      284      176      163      217      104      293      349      0        421      411      213      420      368      
16       15210    379      476      346      392      582      150      569      432      376      579      223      499      599      292      421      0        140      616      655      65       
17       12360    319      342      353      348      484      23       561      331      426      550      269      507      519      168      411      140      0        622      550      174      
18       13110    349      643      272      304      463      645      81       463      270      158      395      116      381      558      213      616      622      0        524      556      
19       4590     316      280      471      339      80       561      447      223      592      366      560      487      143      383      420      655      550      524      0        639      
20       14610    345      487      290      352      563      191      513      418      311      529      161      441      570      298      368      65       174      556      639      0        
;

