

sets
i        orders          /0*20/
k        routes          /1*20/
p        positions       /0*20/
;

alias(i,j)
alias(i,h)
alias(i,hh)
alias(i,jj)
alias(k,kk)
                            Parameters

rho(i)	Processing time
/
0	0
1	23
2	56
3	26
4	7
5	87
6	50
7	55
8	70
9	54
10	1
11	66
12	5
13	91
14	15
15	48
16	1
17	71
18	50
19	82
20	66
/

gamma(i)	Duedate
/
0	0
1	13
2	56
3	46
4	63
5	43
6	46
7	99
8	31
9	32
10	32
11	83
12	43
13	17
14	31
15	20
16	38
17	18
18	57
19	52
20	33
/

sigma(i)	Size
/
0	0
1	8
2	3
3	6
4	7
5	4
6	4
7	4
8	2
9	3
10	8
11	9
12	4
13	6
14	6
15	3
16	1
17	1
18	7
19	2
20	5
/

epsilon(i)	Priority
/
0	0
1	5
2	8
3	8
4	3
5	4
6	7
7	8
8	5
9	5
10	7
11	5
12	2
13	1
14	1
15	6
16	4
17	9
18	4
19	8
20	3
/

psi	Vehicle Capacity
/ 11 /
;

Table kappa(i,j)                 Setup
         0        1        2        3        4        5        6        7        8        9        10       11       12       13       14       15       16       17       18       19       20       
0        0        55       45       89       107      77       89       151      133      79       63       53       51       79       87       172      21       123      26       94       125      
1        55       0        98       68       88       110      127      191      188      45       101      93       75       129      87       215      35       152      59       136      180      
2        45       98       0        109      121      52       97       109      98       109      35       29       50       70       92       129      66       93       42       54       95       
3        89       68       109      0        20       86       179      162      207      26       89       86       59       168      32       187      83       112      70       118      204      
4        107      88       121      20       0        90       197      161      218      45       97       96       70       183      33       186      103      109      86       122      216      
5        77       110      52       86       90       0        149      81       134      99       17       25       34       121      57       106      91       46       54       32       135      
6        89       127      97       179      197      149      0        197      107      165      132      125      136      38       176      211      97       191      113      149      91       
7        151      191      109      162      161      81       197      0        131      179      90       98       116      161      130      25       169      53       133      56       142      
8        133      188      98       207      218      134      107      131      0        207      122      122      147      73       186      133      153      154      139      111      16       
9        79       45       109      26       45       99       165      179      207      0        98       93       67       159      55       204      68       132      67       131      202      
10       63       101      35       89       97       17       132      90       122      98       0        9        31       105      65       113      79       61       43       34       122      
11       53       93       29       86       96       25       125      98       122      93       9        0        26       99       65       121      70       70       34       42       121      
12       51       75       50       59       70       34       136      116      147      67       31       26       0        116      41       141      61       77       25       64       145      
13       79       129      70       168      183      121      38       161      73       159      105      99       116      0        158      174      94       160      97       116      59       
14       87       87       92       32       33       57       176      130      186      55       65       65       41       158      0        155      89       79       62       89       186      
15       172      215      129      187      186      106      211      25       133      204      113      121      141      174      155      0        191      77       156      78       146      
16       21       35       66       83       103      91       97       169      153      68       79       70       61       94       89       191      0        137      37       112      144      
17       123      152      93       112      109      46       191      53       154      132      61       70       77       160      79       77       137      0        100      45       160      
18       26       59       42       70       86       54       113      133      139      67       43       34       25       97       62       156      37       100      0        77       134      
19       94       136      54       118      122      32       149      56       111      131      34       42       64       116      89       78       112      45       77       0        115      
20       125      180      95       204      216      135      91       142      16       202      122      121      145      59       186      146      144      160      134      115      0        
;



Table delta(i,j)                 Distance
         0        1        2        3        4        5        6        7        8        9        10       11       12       13       14       15       16       17       18       19       20       
0        0        86       69       23       91       59       54       37       58       48       79       15       45       78       76       65       55       55       89       38       45       
1        86       0        25       100      29       40       102      110      76       53       58       83       42       11       34       23       92       32       18       66       93       
2        69       25       0        78       50       14       98       87       77       51       69       69       24       26       13       8        90       26       40       42       87       
3        23       100      78       0        109      65       75       14       81       70       101      37       57       93       82       77       77       71       106      39       67       
4        91       29       50       109      0        62       90       122      60       45       34       83       56       24       62       43       79       39       11       83       83       
5        59       40       14       65       62       0        95       73       78       53       76       62       18       39       17       19       89       30       54       27       85       
6        54       102      98       75       90       95       0        89       30       49       60       40       77       91       110      90       11       73       95       86       10       
7        37       110      87       14       122      73       89       0        96       84       115      52       67       104      89       87       91       83       118      45       81       
8        58       76       77       81       60       78       30       96       0        25       30       44       60       64       90       68       19       50       66       78       25       
9        48       53       51       70       45       53       49       84       25       0        31       38       36       42       64       43       39       25       48       57       40       
10       79       58       69       101      34       76       60       115      30       31       0        67       63       48       83       61       49       46       44       87       55       
11       15       83       69       37       83       62       40       52       44       38       67       0        45       73       79       64       40       51       83       47       30       
12       45       42       24       57       56       18       77       67       60       36       63       45       0        37       33       20       70       18       50       26       66       
13       78       11       26       93       24       39       91       104      64       42       48       73       37       0        38       20       81       22       14       62       82       
14       76       34       13       82       62       17       110      89       90       64       83       79       33       38       0        22       102      39       51       43       99       
15       65       23       8        77       43       19       90       87       68       43       61       64       20       20       22       0        82       17       34       43       80       
16       55       92       90       77       79       89       11       91       19       39       49       40       70       81       102      82       0        64       84       83       10       
17       55       32       26       71       39       30       73       83       50       25       46       51       18       22       39       17       64       0        34       44       63       
18       89       18       40       106      11       54       95       118      66       48       44       83       50       14       51       34       84       34       0        76       87       
19       38       66       42       39       83       27       86       45       78       57       87       47       26       62       43       43       83       44       76       0        76       
20       45       93       87       67       83       85       10       81       25       40       55       30       66       82       99       80       10       63       87       76       0        
;

