

sets
i        orders          /0*10/
k        routes          /1*10/
p        positions       /0*10/
;

alias(i,j)
alias(i,h)
alias(i,hh)
alias(i,jj)
alias(k,kk)
                            Parameters

rho(i)	Processing time
/
0	0
1	33
2	48
3	67
4	59
5	20
6	28
7	93
8	52
9	15
10	5
/

gamma(i)	Duedate
/
0	0
1	83
2	79
3	21
4	69
5	48
6	91
7	70
8	2
9	11
10	64
/

sigma(i)	Size
/
0	0
1	8
2	2
3	6
4	9
5	3
6	3
7	4
8	1
9	5
10	9
/

epsilon(i)	Priority
/
0	0
1	3
2	2
3	1
4	1
5	6
6	5
7	2
8	6
9	1
10	1
/

psi	Vehicle Capacity
/ 41 /
;

Table kappa(i,j)                 Setup
         0        1        2        3        4        5        6        7        8        9        10       
0        0        337      435      95       263      213      257      173      87       347      204      
1        337      0        156      277      349      482      81       421      288      176      512      
2        435      156      0        352      501      612      199      553      364      117      631      
3        95       277      352      0        315      307      196      262      11       256      299      
4        263      349      501      315      0        208      309      162      315      470      277      
5        213      482      612      307      208      0        415      60       299      543      75       
6        257      81       199      196      309      415      0        356      207      165      439      
7        173      421      553      262      162      60       356      0        256      488      115      
8        87       288      364      11       315      299      207      256      0        267      290      
9        347      176      117      256      470      543      165      488      267      0        550      
10       204      512      631      299      277      75       439      115      290      550      0        
;



Table delta(i,j)                 Distance
         0        1        2        3        4        5        6        7        8        9        10       
0        0        5400     7440     6810     9450     7260     3930     6450     7890     3570     4650     
1        5400     0        162      216      250      299      83       277      180      68       36       
2        7440     162      0        93       88       201      126      189      18       154      189      
3        6810     216      93       0        99       107      146      98       91       178      232      
4        9450     250      88       99       0        187      206      187      70       237      277      
5        7260     299      201      107      187      0        218      26       198      245      305      
6        3930     83       126      146      206      218      0        194      143      32       87       
7        6450     277      189      98       187      26       194      0        189      220      281      
8        7890     180      18       91       70       198      143      189      0        172      207      
9        3570     68       154      178      237      245      32       220      172      0        60       
10       4650     36       189      232      277      305      87       281      207      60       0        
;

