
sets
i        orders          /0*20/
k        routes          /1*20/
p        positions       /0*20/
;

alias(i,j)
alias(i,h)
alias(i,hh)
alias(i,jj)
alias(k,kk)
                
                    Parameters

rho(i)	Processing time
/
0	0
1	70
2	66
3	48
4	89
5	49
6	68
7	46
8	78
9	71
10	29
11	85
12	78
13	81
14	33
15	16
16	9
17	70
18	64
19	70
20	62
/

gamma(i)	Duedate
/
0	0
1	79
2	35
3	11
4	20
5	15
6	4
7	58
8	79
9	32
10	47
11	90
12	90
13	77
14	68
15	44
16	7
17	6
18	70
19	8
20	6
/

sigma(i)	Size
/
0	0
1	9
2	8
3	2
4	2
5	7
6	3
7	9
8	3
9	6
10	1
11	2
12	2
13	2
14	3
15	3
16	5
17	3
18	7
19	3
20	5
/

epsilon(i)	Priority
/
0	0
1	9
2	3
3	4
4	8
5	2
6	2
7	4
8	3
9	7
10	3
11	4
12	9
13	7
14	8
15	7
16	9
17	5
18	7
19	2
20	1
/

psi	Vehicle Capacity
/ 26 /
;

Table kappa(i,j)                 Setup
         0        1        2        3        4        5        6        7        8        9        10       11       12       13       14       15       16       17       18       19       20       
0        0        35       82       165      86       303      228      114      26       70       223      148      132      144      230      227      245      167      88       91       61       
1        35       0        103      196      122      325      249      102      43       91       244      126      162      108      265      225      268      190      101      123      93       
2        82       103      0        102      84       347      277      97       60       135      273      144      164      190      211      306      289      216      27       128      106      
3        165      196      102      0        100      337      280      194      154      186      278      241      169      292      140      359      284      228      124      151      151      
4        86       122      84       100      0        265      198      171      91       86       194      215      83       229      144      258      207      139      110      53       50       
5        303      325      347      337      265      0        75       417      326      234      81       450      183      413      233      212      58       135      371      220      247      
6        228      249      277      280      198      75       0        342      252      159      6        375      115      338      201      163      24       61       299      149      174      
7        114      102      97       194      171      417      342      0        90       184      337      47       240      123      308      326      358      281      70       199      170      
8        26       43       60       154      91       326      252      90       0        95       247      128      150      142      235      254      268      190      63       110      80       
9        70       91       135      186      86       234      159      184      95       0        153      216      77       191      203      175      177      98       151      48       35       
10       223      244      273      278      194      81       6        337      247      153      0        370      111      332      201      159      30       56       295      145      169      
11       148      126      144      241      215      450      375      47       128      216      370      0        279      102      354      340      393      315      118      238      208      
12       132      162      164      169      83       183      115      240      150      77       111      279      0        267      135      205      124      59       188      40       71       
13       144      108      190      292      229      413      338      123      142      191      332      102      267      0        374      263      359      284      174      230      200      
14       230      265      211      140      144      233      201      308      235      203      201      354      135      374      0        335      193      176      239      154      178      
15       227      225      306      359      258      212      163      326      254      175      159      340      205      263      335      0        186      160      316      208      210      
16       245      268      289      284      207      58       24       358      268      177      30       393      124      359      193      186      0        78       312      161      188      
17       167      190      216      228      139      135      61       281      190      98       56       315      59       284      176      160      78       0        238      88       112      
18       88       101      27       124      110      371      299      70       63       151      295      118      188      174      239      316      312      238      0        150      126      
19       91       123      128      151      53       220      149      199      110      48       145      238      40       230      154      208      161      88       150      0        30       
20       61       93       106      151      50       247      174      170      80       35       169      208      71       200      178      210      188      112      126      30       0        
;



Table delta(i,j)                 Distance
         0        1        2        3        4        5        6        7        8        9        10       11       12       13       14       15       16       17       18       19       20       
0        0        6440     2640     2940     3600     4080     4060     3740     1720     5980     300      2540     5920     5020     2380     4560     4220     1100     3040     3300     4160     
1        6440     0        358      255      185      350      372      172      294      79       307      333      197      127      320      97       390      360      443      210      491      
2        2640     358      0        106      175      337      74       188      73       364      131      25       252      248      251      263      79       93       99       270      136      
3        2940     255      106      0        69       320      122      82       65       270      135      80       157      142      240      163      139      147      201      213      242      
4        3600     185      175      69       0        313      188      13       119      206      165      149      120      76       243      97       205      198      266      184      310      
5        4080     350      337      320      313      0        405      311      279      285      205      328      429      354      85       292      415      254      341      145      394      
6        4060     372      74       122      188      405      0        201      128      392      200      76       227      250      320      284      17       167      150      324      166      
7        3740     172      188      82       13       311      201      0        130      194      172      162      119      65       245      84       218      208      278      179      323      
8        1720     294      73       65       119      279      128      130      0        292      78       54       221      195      195      197      141      82       149      198      198      
9        5980     79       364      270      206      285      392      194      292      0        285      340      256      173      269      110      409      345      436      157      489      
10       300      307      131      135      165      205      200      172      78       285      0        123      282      236      120      212      209      64       161      155      217      
11       2540     333      25       80       149      328      76       162      54       340      123      0        228      223      243      239      87       97       122      253      161      
12       5920     197      252      157      120      429      227      119      221      256      282      228      0        86       364      159      244      304      351      292      384      
13       5020     127      248      142      76       354      250      65       195      173      236      223      86       0        296      73       268      274      342      212      385      
14       2380     320      251      240      243      85       320      245      195      269      120      243      364      296      0        244      330      170      261      112      315      
15       4560     97       263      163      97       292      284      84       197      110      212      239      159      73       244      0        302      263      346      147      395      
16       4220     390      79       139      205      415      17       218      141      409      209      87       244      268      330      302      0        172      145      338      154      
17       1100     360      93       147      198      254      167      208      82       345      64       97       304      274      170      263      172      0        97       219      153      
18       3040     443      99       201      266      341      150      278      149      436      161      122      351      342      261      346      145      97       0        317      55       
19       3300     210      270      213      184      145      324      179      198      157      155      253      292      212      112      147      338      219      317      0        372      
20       4160     491      136      242      310      394      166      323      198      489      217      161      384      385      315      395      154      153      55       372      0        
;

