
sets
i        orders          /0*20/
k        routes          /1*20/
p        positions       /0*20/
;

alias(i,j)
alias(i,h)
alias(i,hh)
alias(i,jj)
alias(k,kk)
                
                    Parameters

rho(i)	Processing time
/
0	0
1	66
2	9
3	64
4	97
5	79
6	24
7	17
8	80
9	10
10	38
11	98
12	77
13	29
14	53
15	4
16	56
17	43
18	19
19	18
20	20
/

gamma(i)	Duedate
/
0	0
1	9
2	80
3	78
4	57
5	83
6	41
7	59
8	91
9	44
10	79
11	30
12	87
13	47
14	61
15	59
16	76
17	2
18	23
19	59
20	95
/

sigma(i)	Size
/
0	0
1	1
2	6
3	3
4	3
5	3
6	6
7	8
8	4
9	2
10	4
11	5
12	6
13	1
14	7
15	1
16	1
17	2
18	5
19	7
20	6
/

epsilon(i)	Priority
/
0	0
1	2
2	1
3	2
4	5
5	4
6	6
7	3
8	6
9	7
10	3
11	6
12	9
13	6
14	5
15	1
16	9
17	4
18	9
19	8
20	1
/

psi	Vehicle Capacity
/ 23 /
;

Table kappa(i,j)                 Setup
         0        1        2        3        4        5        6        7        8        9        10       11       12       13       14       15       16       17       18       19       20       
0        0        315      45       264      179      360      207      198      169      187      150      198      330      360      322      142      135      226      122      280      253      
1        315      0        320      67       385      228      354      245      293      145      329      329      18       168      179      373      181      154      315      224      94       
2        45       320      0        276      224      391      162      236      212      206      195      155      333      384      350      186      139      211      167      314      269      
3        264      67       276      0        318      186      339      177      225      81       262      316      85       140      133      307      138      156      250      164      27       
4        179      385      224      318      0        312      386      153      96       241      56       377      403      345      298      38       250      362      76       230      295      
5        360      228      391      186      312      0        501      172      225      201      270      479      241      68       53       324      281      339      278      85       166      
6        207      354      162      339      386      501      0        372      363      300      354      24       360      474      451      349      219      202      326      436      346      
7        198      245      236      177      153      172      372      0        57       116      102      355      263      194      148      155      169      269      106      87       151      
8        169      293      212      225      96       225      363      57       0        152      45       348      311      251      205      99       183      292      55       140      200      
9        187      145      206      81       241      201      300      116      152      0        185      278      162      180      152      227      81       157      170      143      66       
10       150      329      195      262      56       270      354      102      45       185      0        342      346      297      251      53       198      309      28       186      238      
11       198      329      155      316      377      479      24       355      348      278      342      0        336      451      429      340      198      177      314      416      323      
12       330      18       333      85       403      241      360      263      311      162      346      336      0        179      193      390      195      158      333      241      112      
13       360      168      384      140      345      68       474      194      251      180      297      451      179      0        46       350      259      296      298      118      127      
14       322      179      350      133      298      53       451      148      205      152      251      429      193      46       0        304      232      286      253      72       113      
15       142      373      186      307      38       324      349      155      99       227      53       340      390      350      304      0        225      335      57       239      286      
16       135      181      139      138      250      281      219      169      183      81       198      198      195      259      232      225      0        111      174      219      135      
17       226      154      211      156      362      339      202      269      292      157      309      177      158      296      286      335      111      0        286      297      173      
18       122      315      167      250      76       278      326      106      55       170      28       314      333      298      253      57       174      286      0        193      228      
19       280      224      314      164      230      85       436      87       140      143      186      416      241      118      72       239      219      297      193      0        137      
20       253      94       269      27       295      166      346      151      200      66       238      323      112      127      113      286      135      173      228      137      0        
;



Table delta(i,j)                 Distance
         0        1        2        3        4        5        6        7        8        9        10       11       12       13       14       15       16       17       18       19       20       
0        0        6940     2080     4740     6780     7260     7500     8920     3780     5160     5860     6020     5240     1300     8740     2160     7220     8460     7200     5740     7780     
1        6940     0        432      147      326      170      339      106      245      200      116      316      230      310      108      419      35       106      340      158      43       
2        2080     432      0        302      342      414      378      523      226      302      392      304      295      169      511      28       440      495      361      341      471      
3        4740     147      302      0        207      133      231      222      97       68       181      186      98       223      209      285      144      192      226      60       178      
4        6780     326      342      207      0        177      36       349      162      138      387      39       110      364      326      315      304      304      21       169      337      
5        7260     170      414      133      177      0        181      172      187      111      265      183      125      356      149      391      140      127      186      76       168      
6        7500     339      378      231      36       181      0        352      196      163      410      75       137      398      329      350      315      307      17       187      346      
7        8920     106      523      222      349      172      352      0        315      252      216      351      277      413      24       507      84       45       358      204      63       
8        3780     245      226      97       162      187      196      315      0        76       262      128      73       203      299      204      240      280      184      118      275      
9        5160     200      302      68       138      111      163      252      76       0        249      119      30       261      233      280      186      213      157      47       221      
10       5860     116      392      181      387      265      410      216      262      249      0        367      279      241      223      386      150      222      406      223      154      
11       6020     316      304      186      39       183      75       351      128      119      367      0        88       327      330      276      298      308      60       158      332      
12       5240     230      295      98       110      125      137      277      73       30       279      88       0        272      258      271      215      237      130      74       250      
13       1300     310      169      223      364      356      398      413      203      261      241      327      272      0        408      173      329      397      386      280      353      
14       8740     108      511      209      326      149      329      24       299      233      223      330      258      408      0        494      80       22       335      186      69       
15       2160     419      28       285      315      391      350      507      204      280      386      276      271      173      494      0        425      477      334      321      456      
16       7220     35       440      144      304      140      315      84       240      186      150      298      215      329      80       425      0        74       317      141      34       
17       8460     106      495      192      304      127      307      45       280      213      222      308      237      397      22       477      74       0        313      165      73       
18       7200     340      361      226      21       186      17       358      184      157      406      60       130      386      335      334      317      313      0        185      349      
19       5740     158      341      60       169      76       187      204      118      47       223      158      74       280      186      321      141      165      185      0        175      
20       7780     43       471      178      337      168      346      63       275      221      154      332      250      353      69       456      34       73       349      175      0        
;

