

sets
i        orders          /0*40/
k        routes          /1*40/
p        positions       /0*40/
;

alias(i,j)
alias(i,h)
alias(i,hh)
alias(i,jj)
alias(k,kk)
                            Parameters

rho(i)	Processing time
/
0	0
1	61
2	5
3	11
4	64
5	11
6	69
7	42
8	5
9	89
10	35
11	61
12	70
13	96
14	52
15	13
16	67
17	70
18	35
19	24
20	64
21	18
22	17
23	78
24	63
25	32
26	19
27	17
28	70
29	50
30	87
31	40
32	63
33	12
34	82
35	74
36	73
37	16
38	20
39	31
40	60
/

gamma(i)	Duedate
/
0	0
1	98
2	62
3	77
4	4
5	52
6	99
7	59
8	67
9	48
10	95
11	11
12	42
13	15
14	78
15	66
16	8
17	94
18	98
19	18
20	49
21	48
22	4
23	18
24	95
25	62
26	2
27	11
28	69
29	43
30	1
31	87
32	13
33	95
34	17
35	76
36	74
37	83
38	64
39	8
40	83
/

sigma(i)	Size
/
0	0
1	5
2	2
3	4
4	8
5	8
6	3
7	5
8	8
9	4
10	6
11	2
12	6
13	4
14	1
15	1
16	8
17	1
18	4
19	9
20	9
21	6
22	1
23	4
24	8
25	6
26	8
27	5
28	8
29	4
30	7
31	6
32	4
33	6
34	1
35	4
36	9
37	3
38	7
39	5
40	1
/

epsilon(i)	Priority
/
0	0
1	1
2	1
3	3
4	6
5	7
6	4
7	8
8	3
9	7
10	3
11	8
12	7
13	4
14	4
15	7
16	6
17	6
18	1
19	4
20	6
21	8
22	3
23	3
24	8
25	2
26	4
27	3
28	3
29	4
30	3
31	2
32	5
33	1
34	6
35	4
36	1
37	7
38	6
39	5
40	2
/

psi	Vehicle Capacity
/ 64 /
;

Table kappa(i,j)                 Setup
         0        1        2        3        4        5        6        7        8        9        10       11       12       13       14       15       16       17       18       19       20       21       22       23       24       25       26       27       28       29       30       31       32       33       34       35       36       37       38       39       40       
0        0        228      255      47       52       214      278      11       87       64       317      77       246      334      265      275      296      307      247      154      291      226      262      323      275      238      191      75       197      160      133      278      288      297      72       191      212      186      326      228      95       
1        228      0        139      272      271      59       50       236      145      183      110      163      219      112      176      132      215      82       34       374      160      161      96       101      47       10       134      292      47       198      111      263      254      149      291      243      79       44       106      67       200      
2        255      139      0        302      276      83       144      266      173      243      234      178      96       148      313      271      76       145      113      363      299      292      235      141      147      139      64       289      107      304      203      134      120      45       291      155      212      128      216      205      278      
3        47       272      302      0        52       261      322      37       135      95       355      125      288      380      288      306      341      352      293      127      319      249      297      369      319      283      238      66       243      172      171      317      329      345      61       227      248      232      367      266      110      
4        52       271      276      52       0        249      319      52       126      117      365      110      249      372      317      327      306      347      287      104      343      278      312      361      317      281      211      22       235      210      184      273      287      321      20       181      262      228      372      278      145      
5        214      59       83       261      249      0        84       224      126      185      166      139      160      124      230      190      158      103      46       348      217      209      155      113      85       63       76       267      25       227      128      203      194      105      268      189      129      47       155      122      212      
6        278      50       144      322      319      84       0        286      193      233      90       210      236      65       199      145      217      33       38       422      171      192      109      55       5        39       160      340      86       242      161      277      264      139      339      273      113      91       73       95       249      
7        11       236      266      37       52       224      286      0        97       66       323      88       257      343      266      279      308      316      256      150      293      227      267      332      283      246      202      74       206      158      138      288      299      308      71       201      217      195      333      234      93       
8        87       145      173      135      126      126      193      97       0        72       243      20       188      246      227      219      226      221      161      229      241      191      197      236      191      155      113      147      110      158      78       227      231      214      146      159      149      101      247      160      112      
9        64       183      243      95       117      185      233      66       72       0        260      79       260      294      200      212      299      265      209      217      227      161      202      284      230      194      186      139      163      100      76       298      303      281      136      222      153      147      273      171      42       
10       317      110      234      355      365      166      90       323      243      260      0        263      324      125      145      85       308      102      123      470      104      156      66       122      86       103      242      387      157      231      184      366      354      228      386      353      108      150      31       89       261      
11       77       163      178      125      110      139      210      88       20       79       263      0        181      262      247      240      225      237      177      211      261      210      218      251      208      173      115      129      125      172      98       218      224      220      129      145      169      119      267      181      120      
12       246      219      96       288      249      160      236      257      188      260      324      181      0        244      380      348      65       241      201      314      375      353      314      237      239      223      90       255      177      343      246      44       43       129      258      80       281      194      309      279      300      
13       334      112      148      380      372      124      65       343      246      294      125      262      244      0        257      199      209      32       86       472      223      254      166      10       70       102      187      391      136      307      224      280      263      123      391      297      178      148      96       159      313      
14       265      176      313      288      317      230      199      266      227      200      145      247      380      257      0        60       388      226      209      415      46       38       90       250      193      179      289      340      207      121      149      424      420      326      337      379      100      187      175      109      178      
15       275      132      271      306      327      190      145      279      219      212      85       240      348      199      60       0        348      170      161      429      27       75       36       192      139      132      258      350      171      158      145      392      384      279      347      358      72       154      115      69       201      
16       296      215      76       341      306      158      217      308      226      299      308      225      65       209      388      348      0        214      189      377      375      366      312      205      221      216      114      315      182      371      270      79       58       86       318      144      287      202      288      281      337      
17       307      82       145      352      347      103      33       316      221      265      102      237      241      32       226      170      214      0        60       449      195      223      136      23       38       72       174      367      112      275      193      279      265      130      367      287      145      120      76       127      282      
18       247      34       113      293      287      46       38       256      161      209      123      177      201      86       209      161      189      60       0        388      189      195      125      75       39       29       122      306      51       232      141      243      232      117      306      235      113      61       109      100      229      
19       154      374      363      127      104      348      422      150      229      217      470      211      314      472      415      429      377      449      388      0        444      376      416      461      420      384      299      82       337      300      287      328      346      408      83       236      366      331      477      382      237      
20       291      160      299      319      343      217      171      293      241      227      104      261      375      223      46       27       375      195      189      444      0        75       64       217      166      160      285      366      198      161      164      419      412      306      363      384      96       181      135      96       211      
21       226      161      292      249      278      209      192      227      191      161      156      210      353      254      38       75       366      223      195      376      75       0        93       246      187      166      262      301      184      86       114      396      393      310      298      346      82       164      184      97       140      
22       262      96       235      297      312      155      109      267      197      202      66       218      314      166      90       36       312      136      125      416      64       93       0        159      103      96       225      335      137      165      128      358      350      242      333      329      49       122      91       38       198      
23       323      101      141      369      361      113      55       332      236      284      122      251      237      10       250      192      205      23       75       461      217      246      159      0        60       92       178      380      126      297      213      274      258      119      380      289      168      137      93       150      302      
24       275      47       147      319      317      85       5        283      191      230      86       208      239      70       193      139      221      38       39       420      166      187      103      60       0        36       162      338      85       237      157      280      268      144      337      275      108      89       70       90       245      
25       238      10       139      283      281      63       39       246      155      194      103      173      223      102      179      132      216      72       29       384      160      166      96       92       36       0        139      302      54       206      121      266      256      147      301      250      84       53       97       70       210      
26       191      134      64       238      211      76       160      202      113      186      242      115      90       187      289      258      114      174      122      299      285      262      225      178      162      139      0        225      88       258      159      134      131      109      227      113      190      104      232      189      223      
27       75       292      289      66       22       267      340      74       147      139      387      129      255      391      340      350      315      367      306      82       366      301      335      380      338      302      225      0        255      231      206      277      292      335      5        184      285      248      394      300      166      
28       197      47       107      243      235      25       86       206      110      163      157      125      177      136      207      171      182      112      51       337      198      184      137      126      85       54       88       255      0        202      103      221      214      131      255      196      106      21       151      102      188      
29       160      198      304      172      210      227      242      158      158      100      231      172      343      307      121      158      371      275      232      300      161      86       165      297      237      206      258      231      202      0        101      384      386      332      228      317      131      180      254      151      65       
30       133      111      203      171      184      128      161      138      78       76       184      98       246      224      149      145      270      193      141      287      164      114      128      213      157      121      159      206      103      101      0        289      289      233      204      233      79       83       196      95       88       
31       278      263      134      317      273      203      277      288      227      298      366      218      44       280      424      392      79       279      243      328      419      396      358      274      280      266      134      277      221      384      289      0        22       160      281      93       325      238      350      323      339      
32       288      254      120      329      287      194      264      299      231      303      354      224      43       263      420      384      58       265      232      346      412      393      350      258      268      256      131      292      214      386      289      22       0        141      296      110      319      232      336      316      344      
33       297      149      45       345      321      105      139      308      214      281      228      220      129      123      326      279      86       130      117      408      306      310      242      119      144      147      109      335      131      332      233      160      141      0        336      197      228      152      205      217      313      
34       72       291      291      61       20       268      339      71       146      136      386      129      258      391      337      347      318      367      306      83       363      298      333      380      337      301      227      5        255      228      204      281      296      336      0        187      283      248      393      299      163      
35       191      243      155      227      181      189      273      201      159      222      353      145      80       297      379      358      144      287      235      236      384      346      329      289      275      250      113      184      196      317      233      93       110      197      187      0        287      207      345      291      264      
36       212      79       212      248      262      129      113      217      149      153      108      169      281      178      100      72       287      145      113      366      96       82       49       168      108      84       190      285      106      131      79       325      319      228      283      287      0        87       125      20       153      
37       186      44       128      232      228      47       91       195      101      147      150      119      194      148      187      154      202      120      61       331      181      164      122      137      89       53       104      248      21       180      83       238      232      152      248      207      87       0        149      85       170      
38       326      106      216      367      372      155      73       333      247      273      31       267      309      96       175      115      288      76       109      477      135      184      91       93       70       97       232      394      151      254      196      350      336      205      393      345      125      149      0        105      278      
39       228      67       205      266      278      122      95       234      160      171      89       181      279      159      109      69       281      127      100      382      96       97       38       150      90       70       189      300      102      151      95       323      316      217      299      291      20       85       105      0        173      
40       95       200      278      110      145      212      249      93       112      42       261      120      300      313      178      201      337      282      229      237      211      140      198      302      245      210      223      166      188      65       88       339      344      313      163      264      153      170      278      173      0        
;



Table delta(i,j)                 Distance
         0        1        2        3        4        5        6        7        8        9        10       11       12       13       14       15       16       17       18       19       20       21       22       23       24       25       26       27       28       29       30       31       32       33       34       35       36       37       38       39       40       
0        0        860      590      770      1100     1730     2050     840      1250     1220     1380     1320     1950     410      1410     1180     260      60       470      710      860      1070     1710     410      1080     250      280      350      1240     1200     1640     1300     1570     1790     1640     920      1500     1600     1890     1390     1200     
1        860      0        77       49       114      139      164      116      74       138      171      159      109      59       58       43       63       86       107      112      38       21       85       47       29       71       66       81       42       116      119      137      93       93       83       31       126      92       127      152      125      
2        590      77       0        103      52       114      147      38       76       69       96       85       181      27       135      87       62       54       40       34       52       91       153      42       83       35       34       24       119      61       108      73       110      163      160      101      91       115      139      86       63       
3        770      49       103      0        150      187      213      141      123      171      198      188      131      76       76       92       52       81       117      132      83       65       114      60       78       78       75       93       63       156      168      173      143      118      95       26       171      142      176      187      162      
4        1100     114      52       150      0        74       107      37       71       26       64       49       200      78       164      103      114      104      75       50       77       119      171      92       106      87       86       74       150      12       80       23       99       183      188      143      49       107      119      37       12       
5        1730     139      114      187      74       0        33       112      66       87       120      106      185      133      168      106      169      168      147      124      104      133      157      142      117      147      145      139      161      62       27       73       66       170      188      170      25       74       63       81       71       
6        2050     164      147      213      107      33       0        145      90       118      149      135      192      165      185      126      200      200      181      157      132      155      167      173      139      180      177      172      180      95       45       104      79       179      202      194      58       85       59       110      104      
7        840      116      38       141      37       112      145      0        97       38       57       49       216      64       172      119      96       78       41       14       86       128      187      80       118      66       67       51       157      50       115      49       129      198      197      140      86       136      153      56       43       
8        1250     74       76       123      71       66       90       97       0        97       135      121      132      84       105      40       114      122      116      103      42       67       102      87       51       101      97       98       95       66       45       89       33       114      126      104      57       39       63       103      79       
9        1220     138      69       171      26       87       118      38       97       0        38       23       226      96       189      129      131      115      80       52       102      145      197      111      132      101      102      87       176      31       99       14       123      209      214      166      64       131      140      18       18       
10       1380     171      96       198      64       120      149      57       135      38       0        15       264      121      225      166      153      132      91       67       137      180      234      137      168      122      124      107      210      70       135      49       162      246      250      197      99       170      177      39       56       
11       1320     159      85       188      49       106      135      49       121      23       15       0        250      112      212      152      145      126      86       61       124      167      220      128      155      115      116      100      198      55       120      34       147      232      237      186      84       155      162      25       41       
12       1950     109      181      131      200      185      192      216      132      226      264      250      0        168      55       97       169      195      216      216      130      91       29       157      98       181      176      189      70       197      158      220      118      17       38       107      186      110      133      235      210      
13       410      59       27       76       78       133      165      64       84       96       121      112      168      0        118      82       37       37       48       56       47       77       141      16       73       16       12       21       101      86       123      100      116      151      143      78       112      119      148      113      89       
14       1410     58       135      76       164      168      185      172      105      189      225      212      55       118      0        64       115      142      166      170      87       44       39       105      57       129      124      139      16       164      143      186      106      41       25       52       162      100      133      201      175      
15       1180     43       87       92       103      106      126      119      40       129      166      152      97       82       64       0        99       116      125      120      35       28       68       77       14       98       93       101      55       101      81       124      51       79       87       69       98       49       84       139      113      
16       260      63       62       52       114      169      200      96       114      131      153      145      169      37       115      99       0        29       66       85       72       84       147      26       88       30       29       45       99       123      156      136      143      154      138      65       148      145      176      148      126      
17       60       86       54       81       104      168      200      78       122      115      132      126      195      37       142      116      29       0        41       65       84       106      171      40       107      21       25       30       125      115      160      124      153      179      165      94       145      157      186      133      115      
18       470      107      40       117      75       147      181      41       116      80       91       86       216      48       166      125      66       41       0        27       89       124      189      61       119      39       43       26       149      87       145      90       150      198      191      124      122      155      178      97       83       
19       710      112      34       132      50       124      157      14       103      52       67       61       216      56       170      120      85       65       27       0        85       126      187      72       117      55       57       40       154      62       125      63       136      198      195      134      99       142      161      70       57       
20       860      38       52       83       77       104      132      86       42       102      137      124      130      47       87       35       72       84       89       85       0        43       101      46       32       64       59       66       73       79       86       100      70       112      112      69       88       73       104      115      88       
21       1070     21       91       65       119      133      155      128      67       145      180      167      91       77       44       28       84       106      124      126      43       0        65       67       16       90       85       98       30       120      110      142      79       74       70       41       123      77       112      157      131      
22       1710     85       153      114      171      157      167      187      102      197      234      220      29       141      39       68       147      171      189      187      101      65       0        132      69       155      150      163      51       168      130      190      91       12       39       88       157      83       110      205      180      
23       410      47       42       60       92       142      173      80       87       111      137      128      157      16       105      77       26       40       61       72       46       67       132      0        67       24       19       35       89       99       129      115      117      140      130      63       122      119      150      128      104      
24       1080     29       83       78       106      117      139      118      51       132      168      155      98       73       57       14       88       107      119      117      32       16       69       67       0        89       84       94       45       106      94       128      65       80       82       55       107      63       98       143      117      
25       250      71       35       78       87       147      180      66       101      101      122      115      181      16       129      98       30       21       39       55       64       90       155      24       89       0        5        15       113      97       139      108      132      164      154      85       125      136      165      119      98       
26       280      66       34       75       86       145      177      67       97       102      124      116      176      12       124      93       29       25       43       57       59       85       150      19       84       5        0        17       108      96       135      108      128      159      149      81       123      132      160      119      97       
27       350      81       24       93       74       139      172      51       98       87       107      100      189      21       139      101      45       30       26       40       66       98       163      35       94       15       17       0        123      85       132      94       131      172      164      98       116      135      161      105      85       
28       1240     42       119      63       150      161      180      157      95       176      210      198      70       101      16       55       99       125      149      154      73       30       51       89       45       113      108      123      0        151      136      173      101      56       41       37       153      97       131      188      161      
29       1200     116      61       156      12       62       95       50       66       31       70       55       197      86       164      101      123      115      87       62       79       120      168      99       106      97       96       85       151      0        69       22       92       180      188      146      37       100      109      37       13       
30       1640     119      108      168      80       27       45       115      45       99       135      120      158      123      143      81       156      160      145      125      86       110      130      129      94       139      135      132      136      69       0        86       39       142      161      149      37       47       41       97       81       
31       1300     137      73       173      23       73       104      49       89       14       49       34       220      100      186      124      136      124      90       63       100      142      190      115      128      108      108      94       173      22       86       0        113      202      210      166      50       121      127      15       11       
32       1570     93       110      143      99       66       79       129      33       123      162      147      118      116      106      51       143      153      150      136      70       79       91       117      65       132      128      131      101      92       39       113      0        103      123      120      70       8        33       127      105      
33       1790     93       163      118      183      170      179      198      114      209      246      232      17       151      41       79       154      179      198      198      112      74       12       140      80       164      159      172      56       180      142      202      103      0        33       93       170      95       121      218      192      
34       1640     83       160      95       188      188      202      197      126      214      250      237      38       143      25       87       138      165      191      195      112      70       39       130      82       154      149      164      41       188      161      210      123      33       0        73       184      117      146      225      199      
35       920      31       101      26       143      170      194      140      104      166      197      186      107      78       52       69       65       94       124      134      69       41       88       63       55       85       81       98       37       146      149      166      120      93       73       0        157      118      153      180      155      
36       1500     126      91       171      49       25       58       86       57       64       99       84       186      112      162      98       148      145      122      99       88       123      157      122      107      125      123      116      153      37       37       50       70       170      184      157      0        79       78       60       47       
37       1600     92       115      142      107      74       85       136      39       131      170      155      110      119      100      49       145      157      155      142      73       77       83       119      63       136      132      135      97       100      47       121      8        95       117      118      79       0        34       135      113      
38       1890     127      139      176      119      63       59       153      63       140      177      162      133      148      133      84       176      186      178      161      104      112      110      150      98       165      160      161      131      109      41       127      33       121      146      153      78       34       0        139      122      
39       1390     152      86       187      37       81       110      56       103      18       39       25       235      113      201      139      148      133      97       70       115      157      205      128      143      119      119      105      188      37       97       15       127      218      225      180      60       135      139      0        26       
40       1200     125      63       162      12       71       104      43       79       18       56       41       210      89       175      113      126      115      83       57       88       131      180      104      117      98       97       85       161      13       81       11       105      192      199      155      47       113      122      26       0        
;

