

sets
i        orders          /0*40/
k        routes          /1*40/
p        positions       /0*40/
;

alias(i,j)
alias(i,h)
alias(i,hh)
alias(i,jj)
alias(k,kk)
                            Parameters

rho(i)	Processing time
/
0	0
1	31
2	3
3	77
4	81
5	59
6	60
7	94
8	10
9	44
10	42
11	96
12	89
13	34
14	51
15	67
16	35
17	50
18	49
19	33
20	56
21	76
22	86
23	35
24	71
25	79
26	83
27	99
28	55
29	22
30	82
31	62
32	1
33	61
34	22
35	33
36	24
37	48
38	49
39	85
40	15
/

gamma(i)	Duedate
/
0	0
1	69
2	17
3	23
4	43
5	27
6	6
7	51
8	29
9	46
10	33
11	27
12	2
13	1
14	10
15	74
16	14
17	75
18	15
19	11
20	71
21	43
22	4
23	45
24	41
25	50
26	54
27	67
28	92
29	42
30	15
31	67
32	92
33	52
34	81
35	99
36	97
37	59
38	71
39	86
40	9
/

sigma(i)	Size
/
0	0
1	4
2	1
3	2
4	6
5	8
6	2
7	9
8	8
9	4
10	4
11	5
12	8
13	6
14	8
15	8
16	3
17	9
18	9
19	2
20	5
21	9
22	5
23	4
24	3
25	4
26	8
27	8
28	7
29	2
30	3
31	1
32	8
33	8
34	9
35	3
36	2
37	2
38	1
39	5
40	3
/

epsilon(i)	Priority
/
0	0
1	1
2	7
3	6
4	4
5	6
6	7
7	8
8	2
9	9
10	1
11	9
12	3
13	6
14	9
15	5
16	3
17	9
18	7
19	9
20	1
21	9
22	8
23	7
24	4
25	8
26	1
27	1
28	1
29	8
30	3
31	1
32	6
33	8
34	7
35	9
36	3
37	8
38	4
39	6
40	2
/

psi	Vehicle Capacity
/ 11 /
;

Table kappa(i,j)                 Setup
         0        1        2        3        4        5        6        7        8        9        10       11       12       13       14       15       16       17       18       19       20       21       22       23       24       25       26       27       28       29       30       31       32       33       34       35       36       37       38       39       40       
0        0        169      410      300      297      239      386      243      203      111      267      136      353      299      247      157      35       193      378      182      189      411      275      153      203      369      289      128      438      26       332      241      290      260      191      243      342      115      342      307      175      
1        169      0        316      146      197      78       299      178      229      60       266      86       273      184      235      84       183      291      422      238      100      307      180      25       254      315      291      259      354      148      362      283      182      263      92       190      294      119      343      315      11       
2        410      316      0        207      120      258      27       167      254      332      205      281      61       133      195      263      395      358      316      294      231      26       140      340      286      95       205      398      42       384      265      272      134      212      234      169      112      295      208      216      305      
3        300      146      207      0        116      68       201      152      260      191      261      171      187      88       231      151      302      357      423      289      127      190      116      171      296      246      281      354      250      274      359      309      98       263      120      169      237      205      320      304      136      
4        297      197      120      116      0        147      102      65       178      211      158      163      78       28       132      144      286      285      313      215      111      115      21       220      215      132      173      306      157      270      251      217      18       162      114      77       121      182      207      195      185      
5        239      78       258      68       147      0        246      154      241      128      260      122      225      126      227      106      247      325      422      262      95       244      136      103      273      277      282      310      299      215      360      294      129      260      85       170      261      159      329      307      68       
6        386      299      27       201      102      246      0        143      226      311      177      259      33       120      168      241      370      331      294      266      210      46       120      323      258      72       178      371      54       360      240      245      118      185      214      143      87       271      184      190      288      
7        243      178      167      152      65       154      143      0        115      174      109      118      110      84       78       104      227      221      271      150      78       170      47       197      152      139      130      241      196      216      208      158      70       111      85       17       117      127      175      154      167      
8        203      229      254      260      178      241      226      115      0        193      65       143      193      199      58       145      174      107      194      40       146      265      162      237      37       183      86       147      268      184      137      54       185      57       155      101      156      119      138      104      223      
9        111      60       332      191      211      128      311      174      193      0        241      57       281      206      212      70       123      239      387      194      100      327      191      51       212      312      266      201      365      88       330      245      200      237      97       181      289      73       320      289      64       
10       267      266      205      261      158      260      177      109      65       241      0        186      147      184      32       182      239      156      162      100      170      220      149      279      86       124      25       208      212      246      99       67       171      8        180      92       97       172      79       48       258      
11       136      86       281      171      163      122      259      118      143      57       186      0        228      163      156      21       132      207      337      151      53       279      142      94       167      256      211      187      313      109      278      197      155      182      55       125      232      36       265      234      82       
12       353      273      61       187      78       225      33       110      193      281      147      228      0        101      135      211      336      298      275      233      180      73       93       296      226      62       151      337      85       327      218      214      96       154      185      110      65       238      164      165      262      
13       299      184      133      88       28       126      120      84       199      206      184      163      101      0        157      142      291      304      341      234      109      123      37       208      236      158      200      320      173      272      278      241      14       188      109      98       149      186      235      222      172      
14       247      235      195      231      132      227      168      78       58       212      32       156      135      157      0        151      223      163      195      98       138      208      120      249      90       126      56       205      209      225      132      85       143      33       148      61       99       146      108      80       226      
15       157      84       263      151      144      106      241      104      145      70       182      21       211      142      151      0        153      219      337      159      33       260      123      98       173      243      207      205      296      130      277      200      134      179      34       113      220      54       259      230      77       
16       35       183      395      302      286      247      370      227      174      123      239      132      336      291      223      153      0        158      344      150      184      398      264      170      171      347      260      94       420      37       300      209      281      232      187      226      319      104      312      277      187      
17       193      291      358      357      285      325      331      221      107      239      156      207      298      304      163      219      158      0        195      70       233      371      268      291      72       280      165      77       368      187      166      92       290      147      241      208      253      172      200      169      289      
18       378      422      316      423      313      422      294      271      194      387      162      337      275      341      195      337      344      195      0        198      331      340      307      431      178      221      142      272      303      364      63       142      328      162      341      254      209      313      110      118      415      
19       182      238      294      289      215      262      266      150      40       194      100      151      233      234      98       159      150      70       198      0        167      305      197      242      21       222      117      108      308      166      150      59       220      92       177      138      195      121      164      130      234      
20       189      100      231      127      111      95       210      78       146      100      170      53       180      109      138      33       184      233      331      167      0        227      90       119      178      217      194      227      265      162      269      199      101      169      9        90       195      81       245      219      90       
21       411      307      26       190      115      244      46       170      265      327      220      279      73       123      208      260      398      371      340      305      227      0        137      332      298      118      223      407      65       384      286      288      127      228      229      175      133      296      230      236      295      
22       275      180      140      116      21       136      120      47       162      191      149      142      93       37       120      123      264      268      307      197      90       137      0        203      199      140      166      286      175      248      244      203      23       152      94       61       126      160      204      188      168      
23       153      25       340      171      220      103      323      197      237      51       279      94       296      208      249      98       170      291      431      242      119      332      203      0        260      336      304      253      378      134      373      291      206      276      112      208      314      121      357      328      37       
24       203      254      286      296      215      273      258      152      37       212      86       167      226      236      90       173      171      72       178      21       178      298      199      260      0        210      100      123      297      187      129      38       222      77       187      138      183      138      145      111      249      
25       369      315      95       246      132      277      72       139      183      312      124      256      62       158      126      243      347      280      221      222      217      118      140      336      210      0        117      330      90       344      170      189      150      132      224      131      27       258      113      123      304      
26       289      291      205      281      173      282      178      130      86       266      25       211      151      200      56       207      260      165      142      117      194      223      166      304      100      117      0        224      207      269      78       72       187      30       204      113      93       196      54       24       283      
27       128      259      398      354      306      310      371      241      147      201      208      187      337      320      205      205      94       77       272      108      227      407      286      253      123      330      224      0        414      129      239      156      307      200      234      233      303      151      267      234      260      
28       438      354      42       250      157      299      54       196      268      365      212      313      85       173      209      296      420      368      303      308      265      65       175      378      297      90       207      414      0        412      256      278      172      220      269      194      115      323      199      213      342      
29       26       148      384      274      270      215      360      216      184      88       246      109      327      272      225      130      37       187      364      166      162      384      248      134      187      344      269      129      412      0        316      225      263      239      164      218      318      89       322      288      152      
30       332      362      265      359      251      360      240      208      137      330      99       278      218      278      132      277      300      166      63       150      269      286      244      373      129      170      78       239      256      316      0        91       265      100      279      191      153      257      57       56       354      
31       241      283      272      309      217      294      245      158      54       245      67       197      214      241      85       200      209      92       142      59       199      288      203      291      38       189      72       156      278      225      91       0        226      59       209      142      163      171      110      77       277      
32       290      182      134      98       18       129      118      70       185      200      171      155      96       14       143      134      281      290      328      220      101      127      23       206      222      150      187      307      172      263      265      226      0        174      103      84       139      176      223      209      170      
33       260      263      212      263      162      260      185      111      57       237      8        182      154      188      33       179      232      147      162      92       169      228      152      276      77       132      30       200      220      239      100      59       174      0        179      94       105      166      84       52       256      
34       191      92       234      120      114      85       214      85       155      97       180      55       185      109      148      34       187      241      341      177      9        229      94       112      187      224      204      234      269      164      279      209      103      179      0        98       202      85       254      228      82       
35       243      190      169      169      77       170      143      17       101      181      92       125      110      98       61       113      226      208      254      138      90       175      61       208      138      131      113      233      194      218      191      142      84       94       98       0        107      129      159      137      180      
36       342      294      112      237      121      261      87       117      156      289      97       232      65       149      99       220      319      253      209      195      195      133      126      314      183      27       93       303      115      318      153      163      139      105      202      107      0        232      99       103      284      
37       115      119      295      205      182      159      271      127      119      73       172      36       238      186      146      54       104      172      313      121      81       296      160      121      138      258      196      151      323      89       257      171      176      166      85       129      232      0        251      218      116      
38       342      343      208      320      207      329      184      175      138      320      79       265      164      235      108      259      312      200      110      164      245      230      204      357      145      113      54       267      199      322      57       110      223      84       254      159      99       251      0        34       334      
39       307      315      216      304      195      307      190      154      104      289      48       234      165      222      80       230      277      169      118      130      219      236      188      328      111      123      24       234      213      288      56       77       209      52       228      137      103      218      34       0        307      
40       175      11       305      136      185      68       288      167      223      64       258      82       262      172      226      77       187      289      415      234      90       295      168      37       249      304      283      260      342      152      354      277      170      256      82       180      284      116      334      307      0        
;



Table delta(i,j)                 Distance
         0        1        2        3        4        5        6        7        8        9        10       11       12       13       14       15       16       17       18       19       20       21       22       23       24       25       26       27       28       29       30       31       32       33       34       35       36       37       38       39       40       
0        0        2810     3050     2010     3150     3980     410      1620     2870     1400     2900     1740     2390     2050     2590     3500     2620     3980     1300     2490     4100     550      930      3500     4800     2180     4180     2310     4720     2910     2240     4220     1910     4230     4500     3210     940      100      3090     2260     3850     
1        2810     0        102      216      297      346      307      257      197      149      30       160      266      123      272      229      227      338      154      229      146      255      256      76       209      137      170      98       212      113      63       141      196      223      182      307      188      277      120      100      105      
2        3050     102      0        301      395      448      341      331      297      204      131      139      355      209      365      332      323      440      178      323      217      298      312      150      261      228      250      192      278      216      101      169      280      318      242      405      213      305      222      192      153      
3        2010     216      301      0        121      201      196      60       94       119      203      246      56       93       71       154      61       199      177      48       281      146      114      249      351      80       273      118      330      144      201      330      21       246      320      129      172      191      159      115      290      
4        3150     297      395      121      0        83       302      154      102      238      274      363      76       191      56       113      73       84       296      78       307      260      222      301      366      169      283      203      335      191      302      377      139      220      338      10       294      305      196      204      340      
5        3980     346      448      201      83       0        385      237      152      313      320      434      159      257      139      123      145      12       370      154      321      342      305      334      369      235      290      262      333      233      364      400      216      210      346      78       372      387      231      264      368      
6        410      307      341      196      302      385      0        148      287      161      314      214      226      219      246      350      256      386      163      242      429      56       82       373      500      228      434      247      490      304      254      449      191      431      470      307      127      37       322      242      410      
7        1620     257      331      60       154      237      148      0        153      130      249      251      78       135      98       211      114      238      179      98       338      107      69       300      408      129      331      164      389      201      230      382      68       306      378      159      163      152      216      160      341      
8        2870     197      297      94       102      152      287      153      0        173      173      287      103      109      97       63       47       145      228      61       211      234      206      200      276      86       194      110      250      89       211      276      96       153      247      112      237      278      94       112      239      
9        1400     149      204      119      238      313      161      130      173      0        153      126      176      71       191      233      168      309      57       160      270      107      109      212      340      90       278      93       332      153      105      288      100      289      310      247      65       134      172      87       249      
10       2900     30       131      203      274      320      314      249      173      153      0        184      249      113      254      201      206      311      168      211      124      260      256      59       191      123      144      85       190      86       85       136      185      193      162      285      200      286      91       88       96       
11       1740     160      139      246      363      434      214      251      287      126      184      0        302      178      318      340      291      429      71       285      307      182      208      236      367      200      329      182      373      236      99       289      226      370      342      372      94       177      251      178      259      
12       2390     266      355      56       76       159      226      78       103      176      249      302      0        146      20       149      55       160      232      43       312      184      146      290      379      129      297      167      353      179      257      370      77       253      349      81       225      229      190      166      331      
13       2050     123      209      93       191      257      219      135      109      71       113      178      146      0        156      165      118      252      121      115      213      163      150      166      284      22       215      30       271      85       112      247      73       219      253      201      136      198      103      25       207      
14       2590     272      365      71       56       139      246      98       97       191      254      318      20       156      0        137      51       140      248      43       309      204      166      291      374      137      292      174      347      180      268      371      91       243      345      61       243      249      189      173      332      
15       3500     229      332      154      113      123      350      211      63       233      201      340      149      165      137      0        98       113      286      113      200      297      268      210      255      144      173      159      222      115      257      277      159      107      229      120      298      341      110      162      244      
16       2620     227      323      61       73       145      256      114      47       168      206      291      55       118      51       98       0        141      225      15       258      207      174      241      324      96       241      131      298      129      229      320      72       198      294      83       227      252      138      131      281      
17       3980     338      440      199      84       12       386      238      145      309      311      429      160      252      140      113      141      0        366      152      310      342      306      324      357      229      278      256      321      225      357      389      214      198      334      81       369      387      222      258      357      
18       1300     154      178      177      296      370      163      179      228      57       168      71       232      121      248      286      225      366      0        218      293      121      140      227      360      142      307      134      358      195      94       295      157      332      331      305      36       129      212      129      259      
19       2490     229      323      48       78       154      242      98       61       160      211      285      43       115      43       113      15       152      218      0        269      194      160      248      335      95       253      132      310      137      227      328      62       213      305      87       217      239      147      131      289      
20       4100     146      217      281      307      321      429      338      211      270      124      307      312      213      309      200      258      310      293      269      0        374      363      71       71       210      39       183      66       137      208      84       270      126      40       316      323      404      123      188      68       
21       550      255      298      146      260      342      56       107      234      107      260      182      184      163      204      297      207      342      121      194      374      0        39       319      445      172      378      191      434      247      206      395      138      375      414      266      88       45       266      186      357      
22       930      256      312      114      222      305      82       69       206      109      256      208      146      150      166      268      174      306      140      160      363      39       0        313      434      154      363      180      420      231      214      393      110      352      403      228      113      82       248      175      353      
23       3500     76       150      249      301      334      373      300      200      212      59       236      290      166      291      210      241      324      227      248      71       319      313      0        133      170      100      136      137      111      139      82       233      171      106      311      260      345      106      140      41       
24       4800     209      261      351      366      369      500      408      276      340      191      367      379      284      374      255      324      357      360      335      71       445      434      133      0        282      83       254      38       207      272      95       340      160      31       374      392      475      192      260      110      
25       2180     137      228      80       169      235      228      129      86       90       123      200      129      22       137      144      96       229      142      95       210      172      154      170      282      0        208      38       266      76       132      252      62       204      251      180      155      211      94       36       212      
26       4180     170      250      273      283      290      434      331      194      278      144      329      297      215      292      173      241      278      307      253      39       378      363      100      83       208      0        187      57       132      229      122      263      89       56       291      336      412      115      192      106      
27       2310     98       192      118      203      262      247      164      110      93       85       182      167      30       174      159      131      256      134      132      183      191      180      136      254      38       187      0        242      61       101      217      100      198      223      213      155      225      79       5        177      
28       4720     212      278      330      335      333      490      389      250      332      190      373      353      271      347      222      298      321      358      310      66       434      420      137      38       266      57       242      0        189      274      121      321      124      36       343      388      466      173      248      125      
29       2910     113      216      144      191      233      304      201      89       153      86       236      179      85       180      115      129      225      195      137      137      247      231      111      207      76       132      61       189      0        145      191      132      137      176      201      216      284      18       67       152      
30       2240     63       101      201      302      364      254      230      211      105      85       99       257      112      268      257      229      357      94       227      208      206      214      139      272      132      229      101      274      145      0        201      180      272      245      312      130      221      157      99       167      
31       4220     141      169      330      377      400      449      382      276      288      136      289      370      247      371      277      320      389      295      328      84       395      393      82       95       252      122      217      121      191      201      0        315      210      85       386      329      419      182      221      40       
32       1910     196      280      21       139      216      191      68       96       100      185      226      77       73       91       159      72       214      157      62       270      138      110      233      340      62       263      100      321      132      180      315      0        243      309      147      155      182      148      97       274      
33       4230     223      318      246      220      210      431      306      153      289      193      370      253      219      243      107      198      198      332      213      126      375      352      171      160      204      89       198      124      137      272      210      243      0        140      227      353      415      120      204      189      
34       4500     182      242      320      338      346      470      378      247      310      162      342      349      253      345      229      294      334      331      305      40       414      403      106      31       251      56       223      36       176      245      85       309      140      0        347      363      445      161      229      89       
35       3210     307      405      129      10       78       307      159      112      247      285      372      81       201      61       120      83       81       305      87       316      266      228      311      374      180      291      213      343      201      312      386      147      227      347      0        302      311      205      214      350      
36       940      188      213      172      294      372      127      163      237      65       200      94       225      136      243      298      227      369      36       217      323      88       113      260      392      155      336      155      388      216      130      329      155      353      363      302      0        92       234      149      293      
37       100      277      305      191      305      387      37       152      278      134      286      177      229      198      249      341      252      387      129      239      404      45       82       345      475      211      412      225      466      284      221      419      182      415      445      311      92       0        302      219      381      
38       3090     120      222      159      196      231      322      216      94       172      91       251      190      103      189      110      138      222      212      147      123      266      248      106      192      94       115      79       173      18       157      182      148      120      161      205      234      302      0        85       144      
39       2260     100      192      115      204      264      242      160      112      87       88       178      166      25       173      162      131      258      129      131      188      186      175      140      260      36       192      5        248      67       99       221      97       204      229      214      149      219      85       0        181      
40       3850     105      153      290      340      368      410      341      239      249      96       259      331      207      332      244      281      357      259      289      68       357      353      41       110      212      106      177      125      152      167      40       274      189      89       350      293      381      144      181      0        
;

