

sets
i        orders          /0*40/
k        routes          /1*40/
p        positions       /0*40/
;

alias(i,j)
alias(i,h)
alias(i,hh)
alias(i,jj)
alias(k,kk)
                            Parameters

rho(i)	Processing time
/
0	0
1	92
2	92
3	61
4	63
5	75
6	89
7	74
8	61
9	85
10	72
11	26
12	95
13	58
14	15
15	48
16	44
17	34
18	30
19	14
20	88
21	95
22	66
23	49
24	81
25	62
26	47
27	54
28	70
29	57
30	60
31	24
32	18
33	37
34	51
35	48
36	90
37	4
38	60
39	39
40	83
/

gamma(i)	Duedate
/
0	0
1	21
2	68
3	26
4	23
5	4
6	4
7	59
8	42
9	11
10	25
11	57
12	73
13	63
14	54
15	62
16	24
17	29
18	57
19	28
20	16
21	65
22	89
23	36
24	59
25	21
26	69
27	75
28	37
29	59
30	58
31	82
32	66
33	76
34	92
35	91
36	74
37	8
38	85
39	98
40	60
/

sigma(i)	Size
/
0	0
1	2
2	5
3	1
4	6
5	7
6	6
7	3
8	8
9	3
10	7
11	3
12	6
13	1
14	7
15	9
16	6
17	1
18	2
19	2
20	9
21	3
22	1
23	7
24	8
25	8
26	7
27	5
28	2
29	7
30	8
31	3
32	2
33	1
34	2
35	1
36	8
37	1
38	5
39	9
40	6
/

epsilon(i)	Priority
/
0	0
1	6
2	4
3	2
4	4
5	8
6	4
7	5
8	9
9	6
10	2
11	5
12	7
13	3
14	7
15	3
16	2
17	7
18	6
19	6
20	7
21	5
22	7
23	8
24	9
25	5
26	2
27	8
28	8
29	2
30	2
31	5
32	9
33	4
34	2
35	6
36	6
37	4
38	2
39	1
40	5
/

psi	Vehicle Capacity
/ 70 /
;

Table kappa(i,j)                 Setup
         0        1        2        3        4        5        6        7        8        9        10       11       12       13       14       15       16       17       18       19       20       21       22       23       24       25       26       27       28       29       30       31       32       33       34       35       36       37       38       39       40       
0        0        25       70       60       264      120      245      194      51       107      357      244      169      153      235      230      121      232      47       215      15       139      117      85       239      257      271      209      43       167      103      161      167      128      199      99       219      58       88       258      220      
1        25       0        95       81       241      145      220      170      66       108      338      220      146      145      211      227      101      207      68       190      36       164      140      63       218      269      247      190      55       144      112      182      159      149      196      109      233      34       109      252      197      
2        70       95       0        45       329      50       315      262      65       133      412      314      235      191      302      254      184      302      45       285      61       72       65       151      302      234      340      266      73       233      110      108      204      81       223      105      192      127      53       285      285      
3        60       81       45       0        323      78       296      251      24       88       418      289      227      147      273      281      182      281      70       264      63       91       59       144      266      277      327      227      37       201      65       101      223      67       249      136      235      106      27       310      251      
4        264      241      329      323      0        379      99       74       305      316      130      140      95       309      176      226      144      108      287      114      268      401      382      179      234      376      50       255      292      196      338      424      182      391      220      268      363      221      350      220      206      
5        120      145      50       78       379      0        365      312      102      161      459      363      285      221      349      289      234      352      93       334      112      23       48       201      344      241      390      305      114      278      131      76       247      64       259      141      198      176      64       321      329      
6        245      220      315      296      99       365      0        77       274      263      228      41       105      240      78       294      153      15       282      33       255      384      355      171      138      422      57       166      260      119      291      393      231      360      278      286      401      190      322      295      113      
7        194      170      262      251      74       312      77       0        233      241      196      106      30       236      130      218      83       73       223      68       200      333      311      111      182      346      78       193      219      128      263      352      154      319      201      215      326      148      279      222      152      
8        51       66       65       24       305      102      274      233      0        69       405      266      210      125      249      281      167      259      77       241      60       115      81       129      241      291      307      203      13       177      55       120      218      86       249      142      250      85       47       308      227      
9        107      108      133      88       316      161      263      241      69       0        430      245      226      60       219      335      195      247      145      230      121      167      123      159      197      359      306      153      67       149      34       147      267      119      304      206      319      104      96       360      190      
10       357      338      412      418      130      459      228      196      405      430      0        269      204      432      306      220      238      238      366      245      356      482      472      276      364      382      173      385      393      324      446      516      218      484      232      326      384      328      445      197      337      
11       244      220      314      289      140      363      41       106      266      245      269      0        130      214      39       323      169      34       285      39       256      380      347      179      98       443      97       131      252      96       276      383      257      350      305      298      418      187      313      328      76       
12       169      146      235      227      95       285      105      30       210      226      204      130      0        228      149      194      53       99       194      90       173      307      286      84       194      317      108      199      197      132      245      329      127      295      175      185      296      127      255      201      164      
13       153      145      191      147      309      221      240      236      125      60       432      214      228      0        182      368      210      224      196      208      168      227      183      179      148      410      290      101      120      120      92       203      296      177      337      252      371      127      156      390      148      
14       235      211      302      273      176      349      78       130      249      219      306      39       149      182      0        343      179      68       278      64       247      364      329      181      59       451      136      93       236      72       252      362      273      330      322      300      423      176      296      350      37       
15       230      227      254      281      226      289      294      218      281      335      220      323      194      368      343      0        171      291      212      284      221      312      320      191      383      162      271      377      274      311      334      361      74       336      31       149      165      240      302      32       354      
16       121      101      184      182      144      234      153      83       167      195      238      169      53       210      179      171      0        144      142      131      123      256      239      38       214      273      161      206      155      140      208      282      97       249      145      133      249      91       209      186      185      
17       232      207      302      281      108      352      15       73       259      247      238      34       99       224      68       291      144      0        269      17       242      370      340      159      126      416      70       152      246      104      276      378      227      345      274      276      393      176      307      295      100      
18       47       68       45       70       287      93       282      223      77       145      366      285      194      196      278      212      142      269      0        253      31       116      110      112      286      214      301      256      77       212      132      153      159      125      180      66       175      102      90       242      265      
19       215      190      285      264      114      334      33       68       241      230      245      39       90       208      64       284      131      17       253      0        225      353      323      144      120      404      82       141      228      88       258      361      217      327      265      261      380      159      289      289      91       
20       15       36       61       63       268      112      255      200      60       121      356      256      173      168      247      221      123      242      31       225      0        133      116      89       254      242      278      224      55       180      114      160      160      128      189      85       203      71       89       249      234      
21       139      164      72       91       401      23       384      333      115      167      482      380      307      227      364      312      256      370      116      353      133      0        45       222      356      257      411      316      128      293      135      59       270      57       282      164      214      194      72       344      343      
22       117      140      65       59       382      48       355      311      81       123      472      347      286      183      329      320      239      340      110      323      116      45       0        202      316      287      386      275      94       257      90       43       269      17       289      170      243      165      33       351      304      
23       85       63       151      144      179      201      171      111      129      159      276      179      84       179      181      191      38       159      112      144      89       222      202      0        205      272      189      190      117      128      170      245      118      212      163      119      242      55       172      211      178      
24       239      218      302      266      234      344      138      182      241      197      364      98       194      148      59       383      214      126      286      120      254      356      316      205      0        477      195      46       230      77       231      344      311      315      359      319      445      184      284      395      30       
25       257      269      234      277      376      241      422      346      291      359      382      443      317      410      451      162      273      416      214      404      242      257      287      272      477      0        414      456      292      400      343      316      195      303      157      160      43       298      286      186      451      
26       271      247      340      327      50       390      57       78       307      306      173      97       108      290      136      271      161      70       301      82       278      411      386      189      195      414      0        223      293      171      332      427      218      393      261      292      397      221      354      267      170      
27       209      190      266      227      255      305      166      193      203      153      385      131      199      101      93       377      206      152      256      141      224      316      275      190      46       456      223      0        193      67       187      301      303      272      351      296      422      158      244      392      55       
28       43       55       73       37       292      114      260      219      13       67       393      252      197      120      236      274      155      246      77       228      55       128      94       117      230      292      293      193      0        164      60       133      210      100      242      139      252      72       61       301      215      
29       167      144      233      201      196      278      119      128      177      149      324      96       132      120      72       311      140      104      212      88       180      293      257      128      77       400      171      67       164      0        180      290      238      258      286      242      368      110      224      325      53       
30       103      112      110      65       338      131      291      263      55       34       446      276      245      92       252      334      208      276      132      258      114      135      90       170      231      343      332      187      60       180      0        113      270      85       303      197      301      118      66       361      223      
31       161      182      108      101      424      76       393      352      120      147      516      383      329      203      362      361      282      378      153      361      160      59       43       245      344      316      427      301      133      290      113      0        313      33       330      212      273      205      73       392      336      
32       167      159      204      223      182      247      231      154      218      267      218      257      127      296      273      74       97       227      159      217      160      270      269      118      311      195      218      303      210      238      270      313      0        284      48       108      181      169      247      94       282      
33       128      149      81       67       391      64       360      319      86       119      484      350      295      177      330      336      249      345      125      327      128      57       17       212      315      303      393      272      100      258      85       33       284      0        305      187      260      172      40       366      305      
34       199      196      223      249      220      259      278      201      249      304      232      305      175      337      322      31       145      274      180      265      189      282      289      163      359      157      261      351      242      286      303      330      48       305      0        118      152      210      271      61       330      
35       99       109      105      136      268      141      286      215      142      206      326      298      185      252      300      149      133      276      66       261      85       164      170      119      319      160      292      296      139      242      197      212      108      187      118      0        125      138      155      180      295      
36       219      233      192      235      363      198      401      326      250      319      384      418      296      371      423      165      249      393      175      380      203      214      243      242      445      43       397      422      252      368      301      273      181      260      152      125      0        263      244      194      420      
37       58       34       127      106      221      176      190      148      85       104      328      187      127      127      176      240      91       176      102      159      71       194      165      55       184      298      221      158      72       110      118      205      169      172      210      138      263      0        132      263      163      
38       88       109      53       27       350      64       322      279      47       96       445      313      255      156      296      302      209      307      90       289      89       72       33       172      284      286      354      244      61       224      66       73       247      40       271      155      244      132      0        332      272      
39       258      252      285      310      220      321      295      222      308      360      197      328      201      390      350      32       186      295      242      289      249      344      351      211      395      186      267      392      301      325      361      392      94       366      61       180      194      263      332      0        365      
40       220      197      285      251      206      329      113      152      227      190      337      76       164      148      37       354      185      100      265      91       234      343      304      178      30       451      170      55       215      53       223      336      282      305      330      295      420      163      272      365      0        
;



Table delta(i,j)                 Distance
         0        1        2        3        4        5        6        7        8        9        10       11       12       13       14       15       16       17       18       19       20       21       22       23       24       25       26       27       28       29       30       31       32       33       34       35       36       37       38       39       40       
0        0        390      2070     2610     1850     2360     2900     2620     1030     370      790      2600     2760     2070     2680     2000     2530     480      1120     3260     740      2130     2940     2650     150      930      990      2290     760      2580     2000     2710     670      1660     3110     800      1960     2860     990      1030     2520     
1        390      0        194      257      204      275      303      301      140      73       119      281      242      211      243      230      243      26       92       294      62       246      286      304      36       123      65       247      75       223      234      279      28       167      324      119      221      264      81       136      292      
2        2070     194      0        77       163      342      181      363      231      204      255      209      166      86       96       232      49       168      276      186      255      262      95       380      192      190      231      175      132      165      257      144      198      69       199      237      199      96       268      302      381      
3        2610     257      77       0        152      342      119      360      256      248      291      168      230      68       146      221      44       230      344      237      319      251      39       380      246      217      302      142      185      233      250      83       265      95       134      271      185      129      335      345      387      
4        1850     204      163      152      0        190      114      208      127      154      174      76       320      86       259      71       178      184      294      348      259      101      191      228      175      100      268      44       137      313      99       108      227      96       133      151      36       257      283      232      235      
5        2360     275      342      342      190      0        276      25       136      202      162      207      478      275      435      122      365      272      333      517      296      94       381      38       240      168      334      210      253      465      92       288      304      273      287      156      158      438      321      192      50       
6        2900     303      181      119      114      276      0        288      241      264      288      70       345      103      265      158      163      278      395      356      362      182      145      312      279      213      361      73       229      346      188      37       321      147      21       265      127      249      384      346      326      
7        2620     301      363      360      208      25       288      0        161      228      187      218      502      294      457      138      385      297      358      540      320      109      399      25       265      192      359      224      278      489      109      302      329      294      297      181      174      459      346      214      49       
8        1030     140      231      256      127      136      241      161      0        67       50       191      348      190      316      110      267      135      209      391      171      115      295      168      104      41       202      169      120      333      101      234      169      168      259      30       120      325      197      107      161      
9        370      73       204      248      154      202      264      228      67       0        55       228      295      188      276      164      247      71       148      341      110      176      283      232      37       57       136      198      74       278      163      247      102      153      284      48       162      290      135      99       222      
10       790      119      255      291      174      162      288      187      50       55       0        240      350      227      331      160      295      124      171      397      133      162      329      188      87       76       173      217      128      333      148      278      146      198      307      22       170      344      159      58       173      
11       2600     281      209      168      76       207      70       218      191      228      240      0        374      122      302      92       206      260      371      394      335      114      202      242      251      172      344      37       213      370      121      92       304      154      80       218      70       293      359      298      257      
12       2760     242      166      230      320      478      345      502      348      295      350      374      0        252      88       384      186      228      279      55       281      411      224      514      264      311      233      339      227      23       404      308      225      224      363      341      355      115      278      378      509      
13       2070     211      86       68       86       275      103      294      190      188      227      122      252      0        181      157      92       184      302      272      272      187      107      313      193      151      264      89       136      249      185      71       225      45       124      206      121      174      292      283      319      
14       2680     243      96       146      259      435      265      457      316      276      331      302      88       181      0        328      102      221      305      92       296      357      136      472      254      275      257      270      202      98       352      227      236      164      281      317      295      30       301      370      472      
15       2000     230      232      221      71       122      158      138      110      164      160      92       384      157      328      0        249      216      312      416      274      30       260      159      196      107      296      88       179      375      30       166      257      164      171      140      36       327      300      214      170      
16       2530     243      49       44       178      365      163      385      267      247      295      206      186      92       102      249      0        216      325      193      304      279      47       403      238      225      280      177      177      191      276      126      247      98       178      276      213      87       317      346      408      
17       480      26       168      230      184      272      278      297      135      71       124      260      228      184      221      216      216      0        117      277      89       234      260      303      36       111      84       225      49       210      222      253      43       140      300      119      204      240      107      151      293      
18       1120     92       276      344      294      333      395      358      209      148      171      371      279      302      305      312      325      117      0        334      38       323      371      355      119      205      48       338      166      256      310      371      78       257      416      181      308      330      12       153      338      
19       3260     294      186      237      348      517      356      540      391      341      397      394      55       272      92       416      193      277      334      0        335      444      222      553      313      352      287      361      271      78       438      319      278      252      372      387      384      109      333      429      551      
20       740      62       255      319      259      296      362      320      171      110      133      335      281      272      296      274      304      89       38       335      0        284      348      319      83       167      52       302      136      259      271      339      60       229      383      143      271      318      26       121      302      
21       2130     246      262      251      101      94       182      109      115      176      162      114      411      187      357      30       279      234      323      444      284      0        290      131      210      123      311      115      200      402      13       193      274      193      194      144      66       357      311      213      143      
22       2940     286      95       39       191      381      145      399      295      283      329      202      224      107      136      260      47       260      371      222      348      290      0        419      279      255      327      179      218      231      290      112      292      131      156      309      224      113      363      382      426      
23       2650     304      380      380      228      38       312      25       168      232      188      242      514      313      472      159      403      303      355      553      319      131      419      0        269      203      361      246      287      500      129      325      332      310      321      185      195      476      344      208      27       
24       150      36       192      246      175      240      279      265      104      37       87       251      264      193      254      196      238      36       119      313      83       210      279      269      0        88       100      219      61       246      198      258      64       152      300      84       189      271      107      116      258      
25       930      123      190      217      100      168      213      192      41       57       76       172      311      151      275      107      225      111      205      352      167      123      255      203      88       0        188      144      85       297      111      201      151      126      232      55       104      284      193      134      198      
26       990      65       231      302      268      334      361      359      202      136      173      344      233      264      257      296      280      84       48       287      52       311      327      361      100      188      0        309      133      211      298      335      40       219      383      178      286      282      45       171      346      
27       2290     247      175      142      44       210      73       224      169      198      217      37       339      89       270      88       177      225      338      361      302      115      179      246      219      144      309      0        177      334      118      78       269      117      90       194      55       262      326      275      258      
28       760      75       132      185      137      253      229      278      120      74       128      213      227      136      202      179      177      49       166      271      136      200      218      287      61       85       133      177      0        213      190      204      92       92       250      115      161      215      156      171      282      
29       2580     223      165      233      313      465      346      489      333      278      333      370      23       249      98       375      191      210      256      78       259      402      231      500      246      297      211      334      213      0        394      309      204      218      364      325      347      128      256      359      495      
30       2000     234      257      250      99       92       188      109      101      163      148      121      404      185      352      30       276      222      310      438      271      13       290      129      198      111      298      118      190      394      0        196      262      188      200      131      66       353      298      199      139      
31       2710     279      144      83       108      288      37       302      234      247      278      92       308      71       227      166      126      253      371      319      339      193      112      325      258      201      335      78       204      309      196      0        295      117      55       255      131      212      360      336      336      
32       670      28       198      265      227      304      321      329      169      102      146      304      225      225      236      257      247      43       78       278      60       274      292      332      64       151      40       269      92       204      262      295      0        180      343      148      247      258      70       158      320      
33       1660     167      69       95       96       273      147      294      168      153      198      154      224      45       164      164      98       140      257      252      229      193      131      310      152      126      219      117      92       218      188      117      180      0        168      178      132      165      247      250      313      
34       3110     324      199      134      133      287      21       297      259      284      307      80       363      124      281      171      178      300      416      372      383      194      156      321      300      232      383      90       250      364      200      55       343      168      0        284      143      264      405      365      337      
35       800      119      237      271      151      156      265      181      30       48       22       218      341      206      317      140      276      119      181      387      143      144      309      185      84       55       178      194      115      325      131      255      148      178      284      0        148      328      169      80       173      
36       1960     221      199      185      36       158      127      174      120      162      170      70       355      121      295      36       213      204      308      384      271      66       224      195      189      104      286      55       161      347      66       131      247      132      143      148      0        293      296      228      205      
37       2860     264      96       129      257      438      249      459      325      290      344      293      115      174      30       327      87       240      330      109      318      357      113      476      271      284      282      262      215      128      353      212      258      165      264      328      293      0        325      387      477      
38       990      81       268      335      283      321      384      346      197      135      159      359      278      292      301      300      317      107      12       333      26       311      363      344      107      193      45       326      156      256      298      360      70       247      405      169      296      325      0        143      327      
39       1030     136      302      345      232      192      346      214      107      99       58       298      378      283      370      214      346      151      153      429      121      213      382      208      116      134      171      275      171      359      199      336      158      250      365      80       228      387      143      0        187      
40       2520     292      381      387      235      50       326      49       161      222      173      257      509      319      472      170      408      293      338      551      302      143      426      27       258      198      346      258      282      495      139      336      320      313      337      173      205      477      327      187      0        
;

