
sets
i        orders          /0*20/
k        routes          /1*20/
p        positions       /0*20/
;

alias(i,j)
alias(i,h)
alias(i,hh)
alias(i,jj)
alias(k,kk)
                
                    Parameters

rho(i)	Processing time
/
0	0
1	8
2	65
3	53
4	27
5	19
6	7
7	16
8	19
9	30
10	8
11	88
12	61
13	4
14	36
15	67
16	53
17	59
18	82
19	90
20	24
/

gamma(i)	Duedate
/
0	0
1	96
2	86
3	65
4	11
5	56
6	63
7	44
8	8
9	14
10	21
11	14
12	69
13	34
14	95
15	53
16	53
17	51
18	69
19	21
20	94
/

sigma(i)	Size
/
0	0
1	5
2	4
3	9
4	2
5	4
6	6
7	8
8	1
9	1
10	1
11	3
12	3
13	4
14	1
15	1
16	3
17	9
18	1
19	8
20	5
/

epsilon(i)	Priority
/
0	0
1	2
2	2
3	5
4	5
5	3
6	4
7	5
8	9
9	6
10	6
11	3
12	9
13	4
14	1
15	7
16	8
17	2
18	8
19	4
20	4
/

psi	Vehicle Capacity
/ 26 /
;

Table kappa(i,j)                 Setup
         0        1        2        3        4        5        6        7        8        9        10       11       12       13       14       15       16       17       18       19       20       
0        0        64       325      354      218      194      478      219      89       225      252      181      224      296      190      376      66       426      363      237      397      
1        64       0        368      372      176      132      535      282      154      234      199      141      245      302      254      406      128      478      413      271      386      
2        325      368      0        160      376      491      216      208      274      520      567      505      499      212      267      105      311      128      65       480      330      
3        354      372      160      0        304      467      365      332      343      576      554      512      566      92       379      77       370      269      219      562      176      
4        218      176      376      304      0        192      583      387      288      407      280      272      421      212      385      365      280      504      437      447      242      
5        194      132      491      467      192      0        666      413      283      265      89       98       296      384      381      514      252      606      540      339      434      
6        478      535      216      365      583      666      0        275      399      619      731      656      585      428      334      291      438      96       151      548      541      
7        219      282      208      332      387      413      275      0        131      345      466      387      314      333      64       306      167      252      207      285      462      
8        89       154      274      343      288      283      399      131      0        246      335      257      227      307      102      346      39       358      300      219      425      
9        225      234      520      576      407      265      619      345      246      0        242      170      45       522      284      590      211      595      542      100      618      
10       252      199      567      554      280      89       731      466      335      242      0        85       282      472      425      597      299      677      612      333      523      
11       181      141      505      512      272      98       656      387      257      170      85       0        205      438      343      547      219      608      545      253      507      
12       224      245      499      566      421      296      585      314      227      45       282      205      0        518      251      574      196      566      516      55       621      
13       296      302      212      92       212      384      428      333      307      522      472      438      518      0        366      162      327      336      277      522      129      
14       190      254      267      379      385      381      334      64       102      284      425      343      251      366      0        361      129      316      271      221      493      
15       376      406      105      77       365      514      291      306      346      590      597      547      574      162      361      0        379      195      153      562      253      
16       66       128      311      370      280      252      438      167      39       211      299      219      196      327      129      379      0        397      339      195      439      
17       426      478      128      269      504      606      96       252      358      595      677      608      566      336      316      195      397      0        66       537      445      
18       363      413      65       219      437      540      151      207      300      542      612      545      516      277      271      153      339      66       0        491      393      
19       237      271      480      562      447      339      548      285      219      100      333      253      55       522      221      562      195      537      491      0        633      
20       397      386      330      176      242      434      541      462      425      618      523      507      621      129      493      253      439      445      393      633      0        
;



Table delta(i,j)                 Distance
         0        1        2        3        4        5        6        7        8        9        10       11       12       13       14       15       16       17       18       19       20       
0        0        90       440      587      76       138      492      276      582      73       500      331      152      310      174      478      441      492      454      436      268      
1        90       0        441      611      93       109      508      280      615      163      507      256      70       238      230      413      369      499      449      396      343      
2        440      441      0        206      508      549      96       163      239      459      68       373      493      356      306      351      385      61       39       204      359      
3        587      611      206      0        661      714      112      337      55       584      146      579      671      561      421      550      589      150      230      403      411      
4        76       93       508      661      0        69       565      345      658      119      571      349      120      332      250      507      462      563      521      485      338      
5        138      109      549      714      69       0        613      387      714      188      614      339      89       326      312      503      451      606      558      501      405      
6        492      508      96       112      565      613      0        229      143      498      53       467      566      449      337      446      481      51       125      299      356      
7        276      280      163      337      345      387      229      0        349      302      227      277      336      254      166      330      335      219      178      217      261      
8        582      615      239      55       658      714      143      349      0        573      187      605      678      586      412      589      624      189      268      441      386      
9        73       163      459      584      119      188      498      302      573      0        514      399      221      378      163      540      507      506      479      484      224      
10       500      507      68       146      571      614      53       227      187      514      0        439      560      422      356      403      443      8        84       256      391      
11       331      256      373      579      349      339      467      277      605      399      439      0        250      24       369      165      113      433      357      216      495      
12       152      70       493      671      120      89       566      336      678      221      560      250      0        238      300      414      362      552      496      422      412      
13       310      238      356      561      332      326      449      254      586      378      422      24       238      0        344      177      131      416      342      210      470      
14       174      230      306      421      250      312      337      166      412      163      356      369      300      344      0        470      457      348      331      378      127      
15       478      413      351      550      507      503      446      330      589      540      403      165      414      177      470      0        66       400      321      147      586      
16       441      369      385      589      462      451      481      335      624      507      443      113      362      131      457      66       0        439      359      188      579      
17       492      499      61       150      563      606      51       219      189      506      8        433      552      416      348      400      439      0        80       253      384      
18       454      449      39       230      521      558      125      178      268      479      84       357      496      342      331      321      359      80       0        173      393      
19       436      396      204      403      485      501      299      217      441      484      256      216      422      210      378      147      188      253      173      0        479      
20       268      343      359      411      338      405      356      261      386      224      391      495      412      470      127      586      579      384      393      479      0        
;

