
sets
i        orders          /0*20/
k        routes          /1*20/
p        positions       /0*20/
;

alias(i,j)
alias(i,h)
alias(i,hh)
alias(i,jj)
alias(k,kk)
                
                    Parameters

rho(i)	Processing time
/
0	0
1	99
2	49
3	80
4	76
5	83
6	51
7	8
8	49
9	79
10	91
11	64
12	36
13	20
14	21
15	58
16	67
17	91
18	62
19	8
20	52
/

gamma(i)	Duedate
/
0	0
1	71
2	11
3	15
4	37
5	63
6	20
7	88
8	86
9	7
10	21
11	65
12	68
13	96
14	98
15	84
16	23
17	70
18	14
19	29
20	89
/

sigma(i)	Size
/
0	0
1	3
2	4
3	3
4	7
5	2
6	8
7	1
8	7
9	3
10	1
11	7
12	7
13	1
14	1
15	3
16	7
17	5
18	3
19	4
20	6
/

epsilon(i)	Priority
/
0	0
1	5
2	2
3	7
4	9
5	8
6	7
7	2
8	6
9	9
10	7
11	2
12	1
13	3
14	1
15	3
16	8
17	2
18	3
19	1
20	3
/

psi	Vehicle Capacity
/ 18 /
;

Table kappa(i,j)                 Setup
         0        1        2        3        4        5        6        7        8        9        10       11       12       13       14       15       16       17       18       19       20       
0        0        486      121      472      219      16       285      422      277      495      139      153      289      394      471      408      444      341      581      477      551      
1        486      0        370      140      300      503      288      579      272      40       450      504      266      111      581      609      44       624      440      511      213      
2        121      370      0        374      145      137      221      446      205      377      170      214      173      287      485      446      327      401      536      469      461      
3        472      140      374      0        256      488      211      463      205      181      396      446      333      100      457      498      148      530      299      381      95       
4        219      300      145      256      0        234      75       346      60       321      150      204      230      193      373      359      264      345      390      340      332      
5        16       503      137      488      234      0        300      425      292      512      147      154      304      411      476      410      460      339      593      485      567      
6        285      288      221      211      75       300      0        306      25       317      187      235      287      177      323      328      261      336      315      278      274      
7        422      579      446      463      346      425      306      0        330      613      287      272      576      473      58       48       559      141      310      128      472      
8        277      272      205      205      60       292      25       330      0        299      191      241      262      161      348      351      242      354      334      303      275      
9        495      40       377      181      321      512      317      613      299      0        470      524      255      141      617      642      57       653      480      549      253      
10       139      450      170      396      150      147      187      287      191      470      0        54       331      343      333      279      413      230      451      338      461      
11       153      504      214      446      204      154      235      272      241      524      54       0        381      396      323      255      467      191      474      342      506      
12       289      266      173      333      230      304      287      576      262      255      331      381      0        233      603      586      223      557      580      566      429      
13       394      111      287      100      193      411      177      473      161      141      343      396      233      0        479      500      86       513      373      415      195      
14       471      581      485      457      373      476      323      58       348      617      333      323      603      479      0        102      565      199      268      88       454      
15       408      609      446      498      359      410      328      48       351      642      279      255      586      500      102      0        587      98       359      176      514      
16       444      44       327      148      264      460      261      559      242      57       413      467      223      86       565      587      0        596      445      500      234      
17       341      624      401      530      345      339      336      141      354      653      230      191      557      513      199      98       596      0        439      262      561      
18       581      440      536      299      390      593      315      310      334      480      451      474      580      373      268      359      445      439      0        183      246      
19       477      511      469      381      340      485      278      128      303      549      338      342      566      415      88       176      500      262      183      0        370      
20       551      213      461      95       332      567      274      472      275      253      461      506      429      195      454      514      234      561      246      370      0        
;



Table delta(i,j)                 Distance
         0        1        2        3        4        5        6        7        8        9        10       11       12       13       14       15       16       17       18       19       20       
0        0        5640     2640     3600     3660     1800     3000     3090     2010     3570     1950     1050     840      2100     4290     5490     510      1050     1290     5460     5730     
1        5640     0        157      83       171      180      151      108      160      190      156      184      171      197      117      132      171      157      159      42       50       
2        2640     157      0        73       36       135      153      48       129      43       24       57       100      45       174      214      75       60       47       132      136      
3        3600     83       73       0        92       136      129      25       120      109      74       107      112      115      126      161      102      85       83       63       71       
4        3660     171      36       92       0        171      188      69       165      21       60       88       136      64       205      245      111      96       83       139      141      
5        1800     180      135      136      171      0        47       130      20       172      111      93       36       129      100      135      62       75       88       188      199      
6        3000     151      153      129      188      47       0        133      32       195      132      126      71       160      53       88       94       99       113      168      180      
7        3090     108      48       25       69       130      133      0        118      85       50       85       102      90       140      177      87       68       63       86       93       
8        2010     160      129      120      165      20       32       118      0        169      106      95       38       131      81       119      63       71       85       169      181      
9        3570     190      43       109      21       172      195      85       169      0        63       84       136      53       217      257      110      97       84       159      162      
10       1950     156      24       74       60       111      132      50       106      63       0        37       76       41       157      197      51       36       23       137      143      
11       1050     184      57       107      88       93       126      85       95       84       37       0        57       36       162      203      31       31       25       170      178      
12       840      171      100      112      136      36       71       102      38       136      76       57       0        93       115      155      26       40       53       171      181      
13       2100     197      45       115      64       129      160      90       131      53       41       36       93       0        193      234      67       61       49       176      181      
14       4290     117      174      126      205      100      53       140      81       217      157      162      115      193      0        41       133      132      143      145      156      
15       5490     132      214      161      245      135      88       177      119      257      197      203      155      234      41       0        174      173      184      168      179      
16       510      171      75       102      111      62       94       87       63       110      51       31       26       67       133      174      0        18       28       164      173      
17       1050     157      60       85       96       75       99       68       71       97       36       31       40       61       132      173      18       0        13       148      156      
18       1290     159      47       83       83       88       113      63       85       84       23       25       53       49       143      184      28       13       0        146      154      
19       5460     42       132      63       139      188      168      86       169      159      137      170      171      176      145      168      164      148      146      0        11       
20       5730     50       136      71       141      199      180      93       181      162      143      178      181      181      156      179      173      156      154      11       0        
;

