
sets
i        orders          /0*20/
k        routes          /1*20/
p        positions       /0*20/
;

alias(i,j)
alias(i,h)
alias(i,hh)
alias(i,jj)
alias(k,kk)
                
                    Parameters

rho(i)	Processing time
/
0	0
1	73
2	9
3	23
4	9
5	4
6	81
7	63
8	75
9	33
10	3
11	5
12	66
13	68
14	82
15	6
16	41
17	78
18	52
19	18
20	10
/

gamma(i)	Duedate
/
0	0
1	91
2	59
3	41
4	41
5	15
6	34
7	15
8	66
9	99
10	32
11	48
12	77
13	82
14	19
15	26
16	97
17	31
18	58
19	32
20	18
/

sigma(i)	Size
/
0	0
1	7
2	2
3	3
4	8
5	5
6	4
7	1
8	9
9	2
10	7
11	7
12	9
13	3
14	1
15	1
16	8
17	7
18	6
19	1
20	2
/

epsilon(i)	Priority
/
0	0
1	5
2	2
3	2
4	6
5	4
6	6
7	3
8	4
9	7
10	7
11	5
12	1
13	7
14	1
15	9
16	6
17	5
18	4
19	2
20	7
/

psi	Vehicle Capacity
/ 43 /
;

Table kappa(i,j)                 Setup
         0        1        2        3        4        5        6        7        8        9        10       11       12       13       14       15       16       17       18       19       20       
0        0        215      141      319      228      277      218      337      107      92       169      307      298      274      94       325      193      363      389      356      296      
1        215      0        82       105      18       150      214      235      261      148      134      94       91       159      162      113      39       167      174      141      109      
2        141      82       0        187      91       153      218      283      179      65       76       169      173      155      79       186      79       222      256      219      156      
3        319      105      187      0        97       191      264      225      365      253      226      43       31       204      266      50       128      126      69       51       113      
4        228      18       91       97       0        136      231      247      268      156      133      79       88       146      169      98       57       149      164      128      92       
5        277      150      153      191      136      0        358      383      262      184      110      149      203      13       185      152      184      125      233      184      80       
6        218      214      218      264      231      358      0        138      322      242      294      284      233      364      258      303      176      373      321      315      323      
7        337      235      283      225      247      383      138      0        431      330      357      261      197      393      347      274      210      350      255      271      322      
8        107      261      179      365      268      262      322      431      0        113      156      342      352      255      99       357      253      374      432      392      309      
9        92       148      65       253      156      184      242      330      113      0        77       233      239      182      17       249      140      277      321      283      210      
10       169      134      76       226      133      110      294      357      156      77       0        195      221      106      75       208      148      217      287      243      153      
11       307      94       169      43       79       149      284      261      342      233      195      0        64       162      244      19       126      91       92       49       70       
12       298      91       173      31       88       203      233      197      352      239      221      64       0        215      253      77       105      154      95       83       130      
13       274      159      155      204      146      13       364      393      255      182      106      162      215      0        182      165      192      138      246      197      93       
14       94       162      79       266      169      185      258      347      99       17       75       244      253      182      0        260      156      283      333      294      217      
15       325      113      186      50       98       152      303      274      357      249      208      19       77       165      260      0        146      76       82       35       71       
16       193      39       79       128      57       184      176      210      253      140      148      126      105      192      156      146      0        205      197      171      149      
17       363      167      222      126      149      125      373      350      374      277      217      91       154      138      283      76       205      0        130      88       67       
18       389      174      256      69       164      233      321      255      432      321      287      92       95       246      333      82       197      130      0        48       152      
19       356      141      219      51       128      184      315      271      392      283      243      49       83       197      294      35       171      88       48       0        104      
20       296      109      156      113      92       80       323      322      309      210      153      70       130      93       217      71       149      67       152      104      0        
;



Table delta(i,j)                 Distance
         0        1        2        3        4        5        6        7        8        9        10       11       12       13       14       15       16       17       18       19       20       
0        0        860      1520     530      860      1370     630      660      1300     1500     1790     510      500      1500     970      790      230      1410     530      480      470      
1        860      0        116      121      101      105      117      45       72       85       123      35       107      65       111      12       94       87       86       81       123      
2        1520     116      0        205      79       15       210      92       50       191      43       128      127      106      76       128      174      36       186      180      154      
3        530      121      205      0        139      190      19       115      178      158      229      88       97       186      150      110      31       190      41       43       82       
4        860      101      79       139      0        65       149      56       86       186      118      88       49       135      12       105      110      87       133      126      76       
5        1370     105      15       190      65       0        196      77       45       183      54       115      112      104      63       116      159      34       172      165      139      
6        630      117      210      19       149      196      0        119      180      145      232      87       111      182      161      105      39       193      31       36       99       
7        660      45       92       115      56       77       119      0        64       130      114      37       68       92       67       50       84       75       94       88       89       
8        1300     72       50       178      86       45       180      64       0        141      52       93       123      59       89       84       148      15       152      146      148      
9        1500     85       191      158      186      183      145      130      141      0        182      105      186      94       196      81       145      156      117      116      195      
10       1790     123      43       229      118      54       232      114      52       182      0        145      163      89       117      136      198      38       204      198      190      
11       510      35       128      88       88       115      87       37       93       105      145      0        80       100      100      28       59       106      59       53       92       
12       500      107      127      97       49       112      111      68       123      186      163      80       0        160      57       106      72       128      103      97       26       
13       1500     65       106      186      135      104      182      92       59       94       89       100      160      0        142      76       159      70       150      146      181      
14       970      111      76       150      12       63       161      67       89       196      117      100      57       142      0        117      121      88       145      138      83       
15       790      12       128      110      105      116      105      50       84       81       136      28       106      76       117      0        85       99       74       69       120      
16       230      94       174      31       110      159      39       84       148      145      198      59       72       159      121      85       0        159      34       31       64       
17       1410     87       36       190      87       34       193      75       15       156      38       106      128      70       88       99       159      0        166      159      154      
18       530      86       186      41       133      172      31       94       152      117      204      59       103      150      145      74       34       166      0        6        98       
19       480      81       180      43       126      165      36       88       146      116      198      53       97       146      138      69       31       159      6        0        94       
20       470      123      154      82       76       139      99       89       148      195      190      92       26       181      83       120      64       154      98       94       0        
;

