

sets
i        orders          /0*40/
k        routes          /1*40/
p        positions       /0*40/
;

alias(i,j)
alias(i,h)
alias(i,hh)
alias(i,jj)
alias(k,kk)
                            Parameters

rho(i)	Processing time
/
0	0
1	27
2	20
3	65
4	22
5	95
6	46
7	3
8	10
9	12
10	66
11	8
12	42
13	17
14	49
15	4
16	95
17	44
18	98
19	76
20	66
21	36
22	91
23	32
24	38
25	2
26	80
27	30
28	63
29	68
30	55
31	23
32	37
33	5
34	69
35	97
36	73
37	50
38	8
39	50
40	17
/

gamma(i)	Duedate
/
0	0
1	99
2	54
3	91
4	55
5	86
6	29
7	93
8	28
9	82
10	2
11	4
12	96
13	54
14	39
15	41
16	81
17	89
18	48
19	17
20	59
21	49
22	28
23	36
24	41
25	61
26	9
27	31
28	39
29	96
30	81
31	38
32	66
33	35
34	69
35	91
36	42
37	35
38	53
39	65
40	41
/

sigma(i)	Size
/
0	0
1	2
2	2
3	7
4	5
5	1
6	6
7	8
8	9
9	4
10	1
11	5
12	3
13	6
14	7
15	8
16	7
17	7
18	6
19	7
20	9
21	9
22	2
23	2
24	9
25	4
26	4
27	2
28	2
29	7
30	1
31	1
32	8
33	4
34	2
35	4
36	4
37	9
38	8
39	8
40	1
/

epsilon(i)	Priority
/
0	0
1	9
2	7
3	5
4	7
5	8
6	7
7	3
8	6
9	7
10	4
11	1
12	8
13	8
14	3
15	5
16	4
17	8
18	8
19	5
20	1
21	6
22	5
23	7
24	7
25	7
26	6
27	1
28	2
29	3
30	5
31	1
32	8
33	8
34	4
35	8
36	1
37	4
38	2
39	4
40	8
/

psi	Vehicle Capacity
/ 74 /
;

Table kappa(i,j)                 Setup
         0        1        2        3        4        5        6        7        8        9        10       11       12       13       14       15       16       17       18       19       20       21       22       23       24       25       26       27       28       29       30       31       32       33       34       35       36       37       38       39       40       
0        0        134      33       159      277      89       101      121      266      103      84       131      232      322      23       104      321      261      119      211      230      249      276      177      150      161      323      150      212      317      340      397      301      72       266      133      287      245      255      248      166      
1        134      0        121      285      293      79       104      237      232      216      173      265      110      334      157      227      343      153      250      86       352      262      226      42       271      122      364      59       185      350      313      383      281      207      328      130      159      300      365      279      226      
2        33       121      0        188      304      61       116      154      284      98       116      147      226      349      48       106      349      261      130      204      259      275      291      163      180      174      354      150      230      347      361      420      322      91       298      151      279      276      286      277      196      
3        159      285      188      0        267      248      205      56       314      169      123      93       364      304      140      147      290      376      116      347      71       250      337      326      22       254      269      280      271      274      364      395      325      107      195      215      420      192      109      229      151      
4        277      293      304      267      0        328      200      224      105      368      200      337      282      44       282      358      50       253      347      283      280      31       135      309      246      173      83       240      117      63       106      129      76       302      107      166      321      86       244      37       123      
5        89       79       61       248      328      0        128      210      288      143      161      206      189      372      108      158      376      232      186      165      319      298      289      116      239      173      388      127      236      378      368      434      332      152      339      164      237      315      343      306      235      
6        101      104      116      205      200      128      0        150      168      204      82       217      158      243      118      204      248      173      212      144      265      169      175      135      187      60       263      76       113      252      245      308      207      161      224      36       215      196      269      180      121      
7        121      237      154      56       224      210      150      0        261      165      68       113      309      265      107      148      254      320      128      294      115      204      283      276      36       197      241      226      216      242      315      353      276      94       170      159      366      160      133      187      102      
8        266      232      284      314      105      288      168      261      0        368      210      361      191      126      279      364      146      154      364      198      346      89       31       235      292      115      188      173      54       167      80       152      51       314      202      132      222      175      323      123      164      
9        103      216      98       169      368      143      204      165      368      0        168      86       324      412      88       23       407      359      59       301      235      341      379      257      173      265      401      247      314      399      440      492      400      70       334      236      376      320      278      335      247      
10       84       173      116      123      200      161      82       68       210      168      0        151      241      244      84       159      240      253      154      226      183      173      228      211      104      132      239      158      160      235      276      325      235      105      181      94       297      160      192      168      82       
11       131      265      147      93       337      206      217      113      361      86       151      0        362      378      108      62       368      387      26       342      153      315      379      307      105      276      353      279      311      356      424      466      383      58       281      240      418      273      200      301      214      
12       232      110      226      364      282      189      158      309      191      324      241      362      0        314      255      332      330      53       352      23       423      255      171      78       346      126      363      84       165      345      263      337      242      304      350      159      56       320      424      282      262      
13       322      334      349      304      44       372      243      265      126      412      244      378      314      0        327      401      25       280      390      318      310      74       154      347      283      212      73       279      153      52       95       92       82       346      127      209      349      114      269      77       165      
14       23       157      48       140      282      108      118      107      279      88       84       108      255      327      0        86       324      282      97       234      211      255      291      200      132      178      323      172      225      319      351      405      311      49       262      148      310      243      239      252      166      
15       104      227      106      147      358      158      204      148      364      23       159      62       332      401      86       0        395      365      36       310      213      332      377      269      153      265      387      254      311      386      434      484      394      55       318      234      386      306      257      324      236      
16       321      343      349      290      50       376      248      254      146      407      240      368      330      25       324      395      0        299      381      333      292      80       175      359      270      223      48       290      166      26       120      112      106      339      106      215      368      98       249      72       159      
17       261      153      261      376      253      232      173      320      154      359      253      387      53       280      282      365      299      0        380      73       430      229      129      129      357      124      337      111      142      317      219      293      203      330      334      161      68       304      424      260      257      
18       119      250      130      116      347      186      212      128      364      59       154      26       352      390      97       36       381      380      0        330      179      324      380      293      126      272      369      270      312      370      430      475      389      51       298      239      406      288      225      312      224      
19       211      86       204      347      283      165      144      294      198      301      226      342      23       318      234      310      333      73       330      0        409      255      181      55       330      119      363      67       166      346      273      347      249      283      345      149      75       315      412      280      253      
20       230      352      259      71       280      319      265      115      346      235      183      153      423      310      211      213      292      430      179      409      0        271      373      392      81       306      260      341      311      271      384      403      348      177      186      268      479      195      55       243      183      
21       249      262      275      250      31       298      169      204      89       341      173      315      255      74       255      332      80       229      324      255      271      0        120      279      229      143      108      210      90       91       113      151      77       277      113      135      297      86       240      33       101      
22       276      226      291      337      135      289      175      283      31       379      228      379      171      154      291      377      175      129      380      181      373      120      0        224      315      117      218      167      67       197      91       166      73       329      233      143      197      205      351      154      190      
23       177      42       163      326      309      116      135      276      235      257      211      307      78       347      200      269      359      129      293      55       392      279      224      0        311      136      384      69       194      369      314      387      286      249      355      154      121      326      403      299      255      
24       150      271      180      22       246      239      187      36       292      173      104      105      346      283      132      153      270      357      126      330      81       229      315      311      0        234      250      262      249      255      342      374      303      107      177      195      402      173      108      208      129      
25       161      122      174      254      173      173      60       197      115      265      132      276      126      212      178      265      223      124      272      119      306      143      117      136      234      0        248      67       63       233      195      263      160      221      226      38       178      196      301      164      136      
26       323      364      354      269      83       388      263      241      188      401      239      353      363      73       323      387      48       337      369      363      260      108      218      384      250      248      0        315      198      22       169      154      152      331      74       234      405      81       212      85       157      
27       150      59       150      280      240      127      76       226      173      247      158      279      84       279      172      254      290      111      270      67       341      210      167      69       262      67       315      0        128      300      254      325      222      221      288      86       140      258      345      230      190      
28       212      185      230      271      117      236      113      216      54       314      160      311      165      153      225      311      166      142      312      166      311      90       67       194      249      63       198      128      0        180      132      199      96       261      192      78       207      162      294      118      128      
29       317      350      347      274      63       378      252      242      167      399      235      356      345      52       319      386      26       317      370      346      271      91       197      369      255      233      22       300      180      0        147      137      130      330      84       221      385      82       226      72       152      
30       340      313      361      364      106      368      245      315      80       440      276      424      263      95       351      434      120      219      430      273      384      113      91       314      342      195      169      254      132      147      0        74       40       381      212      209      286      192      350      141      213      
31       397      383      420      395      129      434      308      353      152      492      325      466      337      92       405      484      112      293      475      347      403      151      166      387      374      263      154      325      199      137      74       0        102      429      218      271      360      207      361      166      252      
32       301      281      322      325      76       332      207      276      51       400      235      383      242      82       311      394      106      203      389      249      348      77       73       286      303      160      152      222      96       130      40       102      0        341      183      171      271      160      316      107      174      
33       72       207      91       107      302      152      161      94       314      70       105      58       304      346      49       55       339      330      51       283      177      277      329      249      107      221      331      221      261      330      381      429      341      0        264      187      359      250      214      268      180      
34       266      328      298      195      107      339      224      170      202      334      181      281      350      127      262      318      106      334      298      345      186      113      233      355      177      226      74       288      192      84       212      218      183      264      0        201      398      30       143      79       105      
35       133      130      151      215      166      164      36       159      132      236      94       240      159      209      148      234      215      161      239      149      268      135      143      154      195      38       234      86       78       221      209      271      171      187      201      0        213      172      265      149      104      
36       287      159      279      420      321      237      215      366      222      376      297      418      56       349      310      386      368      68       406      75       479      297      197      121      402      178      405      140      207      385      286      360      271      359      398      213      0        368      478      326      314      
37       245      300      276      192      86       315      196      160      175      320      160      273      320      114      243      306      98       304      288      315      195      86       205      326      173      196      81       258      162      82       192      207      160      250      30       172      368      0        158      53       80       
38       255      365      286      109      244      343      269      133      323      278      192      200      424      269      239      257      249      424      225      412      55       240      351      403      108      301      212      345      294      226      350      361      316      214      143      265      478      158      0        209      167      
39       248      279      277      229      37       306      180      187      123      335      168      301      282      77       252      324      72       260      312      280      243      33       154      299      208      164      85       230      118      72       141      166      107      268      79       149      326      53       209      0        88       
40       166      226      196      151      123      235      121      102      164      247      82       214      262      165      166      236      159      257      224      253      183      101      190      255      129      136      157      190      128      152      213      252      174      180      105      104      314      80       167      88       0        
;



Table delta(i,j)                 Distance
         0        1        2        3        4        5        6        7        8        9        10       11       12       13       14       15       16       17       18       19       20       21       22       23       24       25       26       27       28       29       30       31       32       33       34       35       36       37       38       39       40       
0        0        4230     5430     4560     7680     8460     2970     5460     8640     5400     7650     8760     4200     5580     5730     2100     5190     8190     5640     1020     7710     8640     4710     4470     7080     8010     750      8160     9960     3960     3570     4380     3240     1500     6300     7020     9000     4350     8160     5190     1770     
1        4230     0        46       217      118      263      44       66       258      161      114      205      116      63       195      201      255      143      80       116      119      156      208      54       229      148      151      135      219      28       182      181      231      142      172      160      219      143      133      187      182      
2        5430     46       0        232      96       246      90       34       238      155      82       169      118      76       192      245      271      130      49       152      75       110      219      49       220      103      194      90       175      71       228      190      262      174      157      131      184      146      91       229      216      
3        4560     217      232      0        327      164      199      209      177      107      313      239      117      280      84       199      41       358      202      136      290      303      19       182      118      264      176      302      304      229      271      45       98       104      137      188      239      91       311      324      105      
4        7680     118      96       327      0        332      156      125      320      249      30       228      214      75       287      309      367      40       137      233      77       114      315      145      311      143      261      84       202      124      263      286      349      261      247      209      245      243      68       238      300      
5        8460     263      246      164      332      0        274      212      20       108      306      134      156      320      91       345      188      371      197      253      264      253      147      209      47       207      308      268      207      288      394      141      261      234      90       123      123      140      283      430      256      
6        2970     44       90       199      156      274      0        103      272      166      157      237      118      89       195      157      233      175      114      79       164      200      194      78       235      189      106      179      259      34       142      170      196      110      185      185      249      140      177      159      146      
7        5460     66       34       209      125      212      103      0        204      124      105      139      92       110      162      250      250      162      15       150      83       106      195      33       187      86       199      96       155      95       246      165      250      166      124      97       153      120      102      254      208      
8        8640     258      238      177      320      20       272      204      0        109      294      116      156      313      99       352      204      360      188      256      251      237      159      204      59       192      313      254      188      283      397      150      273      240      86       111      104      143      270      429      265      
9        5400     161      155      107      249      108      166      124      109      0        228      133      48       222      38       246      147      285      112      148      196      201      89       110      68       159      204      205      196      183      287      63       187      135      33       80       135      34       217      321      165      
10       7650     114      82       313      30       306      157      105      294      228      0        198      197      88       266      313      353      70       116      230      47       84       300      131      287      113      264      53       172      127      276      270      343      254      223      183      215      225      39       257      295      
11       8760     205      169      239      228      134      237      139      116      133      198      0        153      244      157      362      276      268      124      257      152      128      220      158      144      86       314      150      73       234      378      197      319      256      102      58       16       162      167      393      293      
12       4200     116      118      117      214      156      118      92       156      48       197      153      0        179      79       210      158      248      85       106      173      188      102      69       116      152      164      185      204      136      242      73       172      102      71       95       160      28       193      273      140      
13       5580     63       76       280      75       320      89       110      313      222      88       244      179      0        258      235      317      86       125      169      118      159      272      112      290      170      189      131      240      55       188      245      286      199      230      208      259      206      121      170      236      
14       5730     195      192      84       287      91       195      162      99       38       266      157      79       258      0        253      119      323      150      163      234      238      65       146      44       195      217      243      225      216      305      50       176      142      56       110      155      55       255      345      165      
15       2100     201      245      199      309      345      157      250      352      246      313      362      210      235      253      0        207      319      257      104      320      354      208      218      298      336      51       335      401      186      96       205      121      111      278      304      369      212      334      163      93       
16       5190     255      271      41       367      188      233      250      204      147      353      276      158      317      119      207      0        397      243      164      331      344      58       222      146      304      194      343      343      264      289      86       91       130      174      227      275      132      351      346      117      
17       8190     143      130      358      40       371      175      162      360      285      70       268      248      86       323      319      397      0        175      254      117      151      347      179      348      183      275      122      240      141      262      319      372      284      285      249      285      276      106      227      322      
18       5640     80       49       202      137      197      114      15       188      112      116      124      85       125      150      257      243      175      0        155      87       105      187      39       173      79       206      99       146      109      257      158      250      167      110      82       138      112      108      268      209      
19       1020     116      152      136      233      253      79       150      256      148      230      257      106      169      163      104      164      254      155      0        227      256      137      117      207      234      57       242      298      113      143      121      117      34       177      199      265      113      244      188      67       
20       7710     119      75       290      77       264      164      83       251      196      47       152      173      118      234      320      331      117      87       227      0        41       275      115      250      65       269      15       126      141      297      246      333      247      186      141      168      200      20       288      289      
21       8640     156      110      303      114      253      200      106      237      201      84       128      188      159      238      354      344      151      105      256      41       0        286      140      246      45       302      30       88       179      336      257      355      272      184      133      144      211      45       329      314      
22       4710     208      219      19       315      147      194      195      159      89       300      220      102      272      65       208      58       347      187      137      275      286      0        169      100      246      181      286      285      221      276      29       114      107      117      169      219      75       296      325      115      
23       4470     54       49       182      145      209      78       33       204      110      131      158      69       112      146      218      222      179      39       117      115      140      169      0        177      118      167      129      185      80       220      141      217      132      118      108      170      97       134      235      174      
24       7080     229      220      118      311      47       235      187      59       68       287      144      116      290      44       298      146      348      173      207      250      246      100      177      0        201      261      257      217      252      350      93       214      187      64       113      138      96       270      388      208      
25       8010     148      103      264      143      207      189      86       192      159      113      86       152      170      195      336      304      183      79       234      65       45       246      118      201      0        285      64       71       175      330      218      324      244      140      88       103      173      80       332      286      
26       750      151      194      176      261      308      106      199      313      204      264      314      164      189      217      51       194      275      206      57       269      302      181      167      261      285      0        285      351      137      95       171      122      75       234      256      322      170      284      153      77       
27       8160     135      90       302      84       268      179      96       254      205      53       150      185      131      243      335      343      122      99       242      15       30       286      129      257      64       285      0        118      156      312      257      346      261      193      146      167      211      16       301      303      
28       9960     219      175      304      202      207      259      155      188      196      172      73       204      240      225      401      343      240      146      298      126      88       285      185      217      71       351      118      0        247      401      260      376      304      168      116      83       220      134      404      344      
29       3960     28       71       229      124      288      34       95       283      183      127      234      136      55       216      186      264      141      109      113      141      179      221      80       252      175      137      156      247      0        157      196      230      144      197      187      247      162      151      159      180      
30       3570     182      228      271      263      394      142      246      397      287      276      378      242      188      305      96       289      262      257      143      297      336      276      220      350      330      95       312      401      157      0        264      211      169      314      324      389      254      306      67       172      
31       4380     181      190      45       286      141      170      165      150      63       270      197      73       245      50       205      86       319      158      121      246      257      29       141      93       218      171      257      260      196      264      0        126      96       95       144      198      46       266      309      115      
32       3240     231      262      98       349      261      196      250      273      187      343      319      172      286      176      121      91       372      250      117      333      355      114      217      214      324      122      346      376      230      211      126      0        88       220      263      322      157      351      274      50       
33       1500     142      174      104      261      234      110      166      240      135      254      256      102      199      142      111      130      284      167      34       247      272      107      132      187      244      75       261      304      144      169      96       88       0        167      198      262      100      264      219      42       
34       6300     172      157      137      247      90       185      124      86       33       223      102      71       230      56       278      174      285      110      177      186      184      117      118      64       140      234      193      168      197      314      95       220      167      0        54       102      66       206      343      198      
35       7020     160      131      188      209      123      185      97       111      80       183      58       95       208      110      304      227      249      82       199      141      133      169      108      113      88       256      146      116      187      324      144      263      198      54       0        66       105      160      344      235      
36       9000     219      184      239      245      123      249      153      104      135      215      16       160      259      155      369      275      285      138      265      168      144      219      170      138      103      322      167      83       247      389      198      322      262      102      66       0        166      183      406      298      
37       4350     143      146      91       243      140      140      120      143      34       225      162      28       206      55       212      132      276      112      113      200      211      75       97       96       173      170      211      220      162      254      46       157      100      66       105      166      0        220      291      132      
38       8160     133      91       311      68       283      177      102      270      217      39       167      193      121      255      334      351      106      108      244      20       45       296      134      270      80       284      16       134      151      306      266      351      264      206      160      183      220      0        292      306      
39       5190     187      229      324      238      430      159      254      429      321      257      393      273      170      345      163      346      227      268      188      288      329      325      235      388      332      153      301      404      159      67       309      274      219      343      344      406      291      292      0        230      
40       1770     182      216      105      300      256      146      208      265      165      295      293      140      236      165      93       117      322      209      67       289      314      115      174      208      286      77       303      344      180      172      115      50       42       198      235      298      132      306      230      0        
;

