

sets
i        orders          /0*10/
k        routes          /1*10/
p        positions       /0*10/
;

alias(i,j)
alias(i,h)
alias(i,hh)
alias(i,jj)
alias(k,kk)
                            Parameters

rho(i)	Processing time
/
0	0
1	12
2	52
3	50
4	79
5	37
6	9
7	92
8	17
9	66
10	35
/

gamma(i)	Duedate
/
0	0
1	99
2	76
3	89
4	27
5	9
6	18
7	9
8	21
9	38
10	76
/

sigma(i)	Size
/
0	0
1	3
2	8
3	8
4	5
5	3
6	9
7	3
8	7
9	5
10	6
/

epsilon(i)	Priority
/
0	0
1	9
2	6
3	2
4	3
5	6
6	5
7	5
8	6
9	9
10	6
/

psi	Vehicle Capacity
/ 31 /
;

Table kappa(i,j)                 Setup
         0        1        2        3        4        5        6        7        8        9        10       
0        0        51       203      373      287      55       239      270      339      439      438      
1        51       0        238      422      336      90       262      308      385      490      490      
2        203      238      0        361      298      233      383      362      173      333      363      
3        373      422      361      0        86       337      283      185      285      182      126      
4        287      336      298      86       0        250      216      128      263      220      184      
5        55       90       233      337      250      0        183      218      346      423      414      
6        239      262      383      283      216      183      0        98       435      436      399      
7        270      308      362      185      128      218      98       0        375      347      305      
8        339      385      173      285      263      346      435      375      0        182      232      
9        439      490      333      182      220      423      436      347      182      0        68       
10       438      490      363      126      184      414      399      305      232      68       0        
;



Table delta(i,j)                 Distance
         0        1        2        3        4        5        6        7        8        9        10       
0        0        36       47       47       28       11       12       19       20       50       4        
1        36       0        26       43       27       36       23       50       49       14       32       
2        47       26       0        22       20       53       39       51       50       30       43       
3        47       43       22       0        20       57       45       43       41       51       45       
4        28       27       20       20       0        37       24       31       29       38       25       
5        11       36       53       57       37       0        14       30       31       50       12       
6        12       23       39       45       24       14       0        29       30       38       9        
7        19       50       51       43       31       30       29       0        2        64       21       
8        20       49       50       41       29       31       30       2        0        63       21       
9        50       14       30       51       38       50       38       64       63       0        46       
10       4        32       43       45       25       12       9        21       21       46       0        
;

