

sets
i        orders          /0*10/
k        routes          /1*10/
p        positions       /0*10/
;

alias(i,j)
alias(i,h)
alias(i,hh)
alias(i,jj)
alias(k,kk)
                            Parameters

rho(i)	Processing time
/
0	0
1	58
2	50
3	99
4	52
5	59
6	87
7	25
8	27
9	68
10	18
/

gamma(i)	Duedate
/
0	0
1	70
2	48
3	90
4	66
5	84
6	14
7	49
8	47
9	56
10	46
/

sigma(i)	Size
/
0	0
1	4
2	9
3	9
4	8
5	6
6	1
7	1
8	9
9	7
10	8
/

epsilon(i)	Priority
/
0	0
1	3
2	4
3	6
4	6
5	8
6	4
7	5
8	5
9	9
10	3
/

psi	Vehicle Capacity
/ 14 /
;

Table kappa(i,j)                 Setup
         0        1        2        3        4        5        6        7        8        9        10       
0        0        159      435      54       478      196      289      373      462      320      258      
1        159      0        312      109      326      71       254      275      345      189      112      
2        435      312      0        402      148      247      228      87       37       123      202      
3        54       109      402      0        433      156      284      349      432      283      215      
4        478      326      148      433      0        283      349      221      174      173      220      
5        196      71       247      156      283      0        191      204      278      126      64       
6        289      254      228      284      349      191      0        141      235      190      213      
7        373      275      87       349      221      204      141      0        96       110      180      
8        462      345      37       432      174      278      235      96       0        158      237      
9        320      189      123      283      173      126      190      110      158      0        79       
10       258      112      202      215      220      64       213      180      237      79       0        
;



Table delta(i,j)                 Distance
         0        1        2        3        4        5        6        7        8        9        10       
0        0        46       42       7        23       35       12       14       10       37       20       
1        46       0        51       39       29       34       58       56       55       11       49       
2        42       51       0        39       28       17       49       38       41       41       23       
3        7        39       39       0        17       30       19       19       16       30       20       
4        23       29       28       17       0        14       35       29       29       18       19       
5        35       34       17       30       14       0        45       37       38       23       23       
6        12       58       49       19       35       45       0        12       8        50       26       
7        14       56       38       19       29       37       12       0        5        47       15       
8        10       55       41       16       29       38       8        5        0        46       18       
9        37       11       41       30       18       23       50       47       46       0        38       
10       20       49       23       20       19       23       26       15       18       38       0        
;

