

sets
i        orders          /0*40/
k        routes          /1*40/
p        positions       /0*40/
;

alias(i,j)
alias(i,h)
alias(i,hh)
alias(i,jj)
alias(k,kk)
                            Parameters

rho(i)	Processing time
/
0	0
1	42
2	87
3	77
4	33
5	32
6	25
7	22
8	25
9	16
10	10
11	89
12	80
13	76
14	81
15	66
16	97
17	91
18	14
19	57
20	80
21	42
22	40
23	33
24	91
25	26
26	90
27	24
28	1
29	15
30	2
31	68
32	49
33	89
34	8
35	37
36	30
37	59
38	33
39	90
40	8
/

gamma(i)	Duedate
/
0	0
1	43
2	4
3	91
4	38
5	40
6	92
7	51
8	13
9	65
10	98
11	68
12	60
13	68
14	84
15	12
16	13
17	54
18	7
19	92
20	49
21	61
22	85
23	31
24	12
25	80
26	86
27	33
28	3
29	9
30	13
31	41
32	19
33	45
34	27
35	44
36	90
37	3
38	91
39	15
40	34
/

sigma(i)	Size
/
0	0
1	1
2	3
3	4
4	1
5	4
6	9
7	4
8	9
9	8
10	5
11	3
12	5
13	6
14	9
15	2
16	2
17	4
18	3
19	9
20	9
21	1
22	1
23	2
24	6
25	9
26	4
27	4
28	4
29	9
30	7
31	2
32	1
33	9
34	3
35	1
36	1
37	4
38	9
39	9
40	6
/

epsilon(i)	Priority
/
0	0
1	6
2	3
3	5
4	2
5	1
6	4
7	7
8	3
9	3
10	2
11	1
12	8
13	5
14	8
15	8
16	8
17	4
18	5
19	7
20	6
21	7
22	1
23	8
24	6
25	2
26	8
27	9
28	4
29	6
30	6
31	1
32	4
33	2
34	4
35	5
36	7
37	6
38	6
39	7
40	1
/

psi	Vehicle Capacity
/ 30 /
;

Table kappa(i,j)                 Setup
         0        1        2        3        4        5        6        7        8        9        10       11       12       13       14       15       16       17       18       19       20       21       22       23       24       25       26       27       28       29       30       31       32       33       34       35       36       37       38       39       40       
0        0        319      61       228      284      126      381      55       240      135      115      373      231      295      172      26       101      42       289      186      278      149      69       318      306      216      39       177      258      240      105      183      176      211      399      227      387      213      218      68       266      
1        319      0        346      192      212      195      194      369      82       253      226      56       120      107      267      337      242      311      36       321      206      214      377      64       65       122      294      294      226      110      292      180      247      146      117      185      170      329      152      250      164      
2        61       346      0        282      270      166      377      40       273      194      122      398      243      338      145      76       106      102      313      143      333      148      37       355      343      232      55       142      315      253      76       233      235      257      412      280      387      170      266      106      317      
3        228      192      282      0        323      130      360      284      127      102      212      243      209      101      294      233      219      197      187      342      51       229      298      146      137      191      229      318      45       208      271      53       71       58       308      7        346      362      45       180      44       
4        284      212      270      323      0        224      113      308      209      315      171      232      116      292      128      310      183      305      181      163      363      136      308      267      262      132      245      143      368      119      193      278      337      265      196      316      134      155      279      234      323      
5        126      195      166      130      224      0        295      180      114      91       82       251      131      172      167      142      89       116      168      212      180      105      191      191      179      112      111      189      171      137      142      76       116      91       287      125      292      234      103      60       156      
6        381      194      377      360      113      295      0        413      233      382      265      183      164      298      239      406      280      395      179      276      389      232      414      258      258      184      344      257      402      160      301      327      394      303      116      353      33       267      315      323      346      
7        55       369      40       284      308      180      413      0        293      188      152      422      273      350      185      55       136      90       338      183      333      181      15       372      360      260      75       182      312      283      115      239      229      266      442      283      422      209      274      120      322      
8        240      82       273      127      209      114      233      293      0        172      161      139      93       86       221      257      175      230      64       275      158      158      302      83       72       81       219      248      169      89       229      102      171      72       188      119      218      288      82       172      116      
9        135      253      194      102      315      91       382      188      172      0        162      310      217      190      247      134      161      98       235      284      147      191      203      227      216      198      146      265      124      222      203      75       41       111      360      102      376      309      111      107      145      
10       115      226      122      212      171      82       265      152      161      162      0        276      121      238      86       140      16       133      192      129      262      35       157      244      233      109      79       106      254      131      67       158      194      167      290      207      271      151      180      64       234      
11       373      56       398      243      232      251      183      422      139      310      276      0        161      150      307      392      292      367      84       360      251      260      430      101      108      168      347      333      274      151      339      236      302      201      79       236      153      365      206      305      211      
12       231      120      243      209      116      131      164      273      93       217      121      161      0        178      147      254      137      237      84       201      247      99       278      161      154      19       198      173      253      10       179      167      232      150      169      201      161      209      164      166      207      
13       295      107      338      101      292      172      298      350      86       190      238      150      178      0        305      306      250      273      119      358      100      241      362      49       42       167      283      332      125      173      305      116      169      84       223      95       276      374      79       232      62       
14       172      267      145      294      128      167      239      185      221      247      86       307      147      305      0        197      86       203      231      54       343      65       182      301      292      146      133      27       338      157      70       241      280      245      298      289      256      69       259      144      312      
15       26       337      76       233      310      142      406      55       257      134      140      392      254      306      197      0        127      35       308      210      280      175      71       332      320      238      65       202      258      263      130      191      174      221      421      232      411      237      228      89       272      
16       101      242      106      219      183      89       280      136      175      161      16       292      137      250      86       127      0        123      208      124      269      47       141      259      247      125      64       104      260      147      55       165      196      177      307      214      286      148      189      57       243      
17       42       311      102      197      305      116      395      90       230      98       133      367      237      273      203      35       123      0        284      223      245      168      105      302      290      220      71       212      223      245      140      158      139      189      401      197      397      250      194      72       238      
18       289      36       313      187      181      168      179      338      64       235      192      84       84       119      231      308      208      284      0        285      211      178      345      86       83       86       263      258      227      74       257      166      235      135      124      180      160      293      144      220      168      
19       186      321      143      342      163      212      276      183      275      284      129      360      201      358      54       210      124      223      285      0        392      117      176      355      346      201      152      27       384      211      83       288      320      295      346      336      296      27       309      177      362      
20       278      206      333      51       363      180      389      333      158      147      262      251      247      100      343      280      269      245      211      392      0        278      347      149      143      231      280      367      30       245      322      104      110      100      323      55       371      412      86       231      42       
21       149      214      148      229      136      105      232      181      158      191      35       260      99       241      65       175      47       168      178      117      278      0        184      240      230      92       111      91       273      109      80       177      221      179      265      224      240      134      193      98       246      
22       69       377      37       298      308      191      414      15       302      203      157      430      278      362      182      71       141      105      345      176      347      184      0        382      370      266      83       178      326      288      114      252      244      279      448      296      424      202      287      130      335      
23       318      64       355      146      267      191      258      372      83       227      244      101      161      49       301      332      259      302      86       355      149      240      382      0        12       156      300      328      174      153      312      151      211      116      176      140      235      368      117      251      111      
24       306      65       343      137      262      179      258      360      72       216      233      108      154      42       292      320      247      290      83       346      143      230      370      12       0        147      289      319      166      146      301      140      201      105      180      131      236      359      105      240      103      
25       216      122      232      191      132      112      184      260      81       198      109      168      19       167      146      238      125      220      86       201      231      92       266      156      147      0        185      173      236      25       171      149      212      133      183      184      180      212      147      149      192      
26       39       294      55       229      245      111      344      75       219      146      79       347      198      283      133      65       64       71       263      152      280      111      83       300      289      185      0        140      263      208      68       179      186      201      368      226      351      179      211      50       262      
27       177      294      142      318      143      189      257      182      248      265      106      333      173      332      27       202      104      212      258      27       367      91       178      328      319      173      140      0        361      184      72       264      300      270      322      312      275      44       284      159      337      
28       258      226      315      45       368      171      402      312      169      124      254      274      253      125      338      258      260      223      227      384      30       273      326      174      166      236      263      361      0        253      311      96       84       103      343      52       386      405      89       216      63       
29       240      110      253      208      119      137      160      283      89       222      131      151      10       173      157      263      147      245      74       211      245      109      288      153      146      25       208      184      253      0        190      169      235      150      159      201      155      219      163      174      204      
30       105      292      76       271      193      142      301      115      229      203      67       339      179      305      70       130      55       140      257      83       322      80       114      312      301      171      68       72       311      190      0        218      241      232      345      267      313      110      244      97       297      
31       183      180      233      53       278      76       327      239      102      75       158      236      167      116      241      191      165      158      166      288      104      177      252      151      140      149      179      264      96       169      218      0        69       35       290      49       316      309      37       129      83       
32       176      247      235      71       337      116      394      229      171      41       194      302      232      169      280      174      196      139      235      320      110      221      244      211      201      212      186      300      84       235      241      69       0        101      359      74       385      344      95       144      116      
33       211      146      257      58       265      91       303      266      72       111      167      201      150      84       245      221      177      189      135      295      100      179      279      116      105      133      201      270      103      150      232      35       101      0        259      51       290      314      14       150      66       
34       399      117      412      308      196      287      116      442      188      360      290      79       169      223      298      421      307      401      124      346      323      265      448      176      180      183      368      322      343      159      345      290      359      259      0        301      83       345      267      332      281      
35       227      185      280      7        316      125      353      283      119      102      207      236      201      95       289      232      214      197      180      336      55       224      296      140      131      184      226      312      52       201      267      49       74       51       301      0        338      357      38       177      42       
36       387      170      387      346      134      292      33       422      218      376      271      153      161      276      256      411      286      397      160      296      371      240      424      235      236      180      351      275      386      155      313      316      385      290      83       338      0        290      301      325      328      
37       213      329      170      362      155      234      267      209      288      309      151      365      209      374      69       237      148      250      293      27       412      134      202      368      359      212      179      44       405      219      110      309      344      314      345      357      290      0        328      202      381      
38       218      152      266      45       279      103      315      274      82       111      180      206      164      79       259      228      189      194      144      309      86       193      287      117      105      147      211      284      89       163      244      37       95       14       267      38       301      328      0        160      53       
39       68       250      106      180      234      60       323      120      172      107      64       305      166      232      144      89       57       72       220      177      231      98       130      251      240      149      50       159      216      174      97       129      144      150      332      177      325      202      160      0        212      
40       266      164      317      44       323      156      346      322      116      145      234      211      207      62       312      272      243      238      168      362      42       246      335      111      103      192      262      337      63       204      297      83       116      66       281      42       328      381      53       212      0        
;



Table delta(i,j)                 Distance
         0        1        2        3        4        5        6        7        8        9        10       11       12       13       14       15       16       17       18       19       20       21       22       23       24       25       26       27       28       29       30       31       32       33       34       35       36       37       38       39       40       
0        0        17400    9540     31290    1920     25020    30930    20940    27600    18540    20610    28170    3300     34470    25740    36750    36630    22620    29340    10260    6150     13200    25920    27210    12990    13830    23880    19440    32520    12180    31590    31110    31770    23040    18840    28650    9420     36210    30510    30900    14220    
1        17400    0        372      539      612      255      562      416      340      187      269      409      558      706      359      674      679      236      586      278      515      669      770      515      329      452      340      95       585      500      935      631      484      736      348      390      286      658      442      919      495      
2        9540     372      0        906      314      614      721      673      681      330      384      650      240      833      562      939      930      599      660      302      160      311      591      839      441      171      684      403      780      163      780      966      800      512      593      689      268      919      803      759      203      
3        31290    539      906      0        1091     367      804      419      394      675      716      619      1056     936      659      683      717      306      916      701      1035     1208     1249     235      629      989      247      548      766      1040     1385     217      471      1239     450      504      730      682      281      1374     1032     
4        1920     612      314      1091     0        867      1035     756      949      631      695      953      77       1147     870      1242     1236     798      973      390      176      390      829      962      491      440      846      673      1092     377      1017     1093     1084     731      685      977      360      1223     1052     994      447      
5        25020    255      614      367      867      0        474      475      100      325      352      284      813      619      300      473      490      184      563      516      765      892      882      457      522      658      292      213      460      721      1017     532      253      877      441      198      532      461      189      1006     699      
6        30930    562      721      804      1035     474      0        931      412      426      346      190      961      147      203      301      270      649      152      818      875      863      602      931      891      642      765      467      83       724      663      996      358      654      881      299      813      281      529      660      663      
7        20940    416      673      419      756      475      931      0        568      603      683      748      742      1078     734      941      962      291      986      387      755      981      1178     219      265      813      209      493      930      834      1349     344      713      1132     79       674      423      932      560      1332     854      
8        27600    340      681      394      949      100      412      568      0        368      372      224      892      551      270      375      393      278      521      610      837      942      882      526      622      704      375      279      384      773      1002     584      153      890      539      115      624      364      145      993      743      
9        18540    187      330      675      631      325      426      603      368      0        89       322      563      560      241      611      604      395      417      396      491      574      590      690      488      336      511      129      470      404      750      798      473      567      534      360      389      591      505      734      375      
10       20610    269      384      716      695      352      346      683      372      89       0        271      623      475      179      558      547      455      328      484      543      589      534      755      577      349      575      193      397      426      683      855      450      525      616      335      475      538      516      669      383      
11       28170    409      650      619      953      284      190      748      224      322      271      0        885      334      94       289      282      463      300      682      810      854      698      740      735      617      576      316      182      695      798      807      211      725      703      118      684      269      352      791      648      
12       3300     558      240      1056     77       813      961      742      892      563      623      885      0        1071     800      1174     1167     757      897      362      99       331      757      942      478      363      815      614      1020     301      945      1073     1022     660      668      914      329      1155     1000     922      371      
13       34470    706      833      936      1147     619      147      1078     551      560      475      334      1071     0        349      347      307      796      182      956      980      936      603      1074     1034     733      910      612      171      813      621      1135     474      676      1028     436      949      332      657      623      747      
14       25740    359      562      659      870      300      203      734      270      241      179      94       800      349      0        378      367      461      262      621      722      760      620      754      688      523      580      264      231      602      733      833      296      639      680      189      619      358      411      723      554      
15       36750    674      939      683      1242     473      301      941      375      611      558      289      1174     347      378      0        41       652      451      952      1100     1131     903      871      985      898      741      587      218      978      955      898      229      953      914      286      958      20       410      954      926      
16       36630    679      930      717      1236     490      270      962      393      604      547      282      1167     307      367      41       0        671      419      956      1090     1113     871      899      995      882      764      590      186      962      918      930      255      924      932      297      961      35       440      918      908      
17       22620    236      599      306      798      184      649      291      278      395      455      463      757      796      461      652      671      0        721      414      731      903      984      301      379      689      121      266      642      736      1138     403      426      961      263      382      440      642      296      1123     732      
18       29340    586      660      916      973      563      152      986      521      417      328      300      897      182      262      451      419      721      0        812      804      754      452      1016     905      552      842      497      234      632      513      1095     496      510      927      418      801      432      652      509      565      
19       10260    278      302      701      390      516      818      387      610      396      484      682      362      956      621      952      956      414      812      0        367      599      868      579      139      462      455      366      852      465      1053     710      758      801      309      668      35       935      689      1033     500      
20       6150     515      160      1035     176      765      875      755      837      491      543      810      99       980      722      1100     1090     731      804      367      0        255      659      942      498      264      801      558      937      201      847      1072     960      563      677      849      332      1080     954      825      271      
21       13200    669      311      1208     390      892      863      981      942      574      589      854      331      936      760      1131     1113     903      754      599      255      0        474      1150     736      240      993      679      938      171      650      1277     1038     367      901      923      564      1111     1077     627      206      
22       25920    770      591      1249     829      882      602      1178     882      590      534      698      757      603      620      903      871      984      452      868      659      474      0        1281     999      419      1102     718      685      458      190      1387     909      108      1102     808      840      883      1027     168      394      
23       27210    515      839      235      962      457      931      219      526      690      755      740      942      1074     754      871      899      301      1016     579      942      1150     1281     0        474      957      180      563      910      992      1438     130      644      1251     279      641      614      865      462      1423     1000     
24       12990    329      441      629      491      522      891      265      622      488      577      735      478      1034     688      985      995      379      905      139      498      736      999      474      0        600      382      424      913      604      1182     604      775      937      195      699      173      971      673      1163     638      
25       13830    452      171      989      440      658      642      813      704      336      349      617      363      733      523      898      882      689      552      462      264      240      419      957      600      0        789      448      713      81       609      1079     798      341      733      683      432      877      841      588      42       
26       23880    340      684      247      846      292      765      209      375      511      575      576      815      910      580      741      764      121      842      455      801      993      1102     180      382      789      0        383      752      830      1258     290      511      1074     214      486      486      733      350      1243     832      
27       19440    95       403      548      673      213      467      493      279      129      193      316      614      612      264      587      590      266      497      366      558      679      718      563      424      448      383      0        490      508      874      669      410      696      430      308      370      570      401      859      489      
28       32520    585      780      766      1092     460      83       930      384      470      397      182      1020     171      231      218      186      642      234      852      937      938      685      910      913      713      752      490      0        794      741      966      303      737      885      269      850      198      486      739      736      
29       12180    500      163      1040     377      721      724      834      773      404      426      695      301      813      602      978      962      736      632      465      201      171      458      992      604      81       830      508      794      0        648      1116     873      367      754      758      431      957      906      626      71       
30       31590    935      780      1385     1017     1017     663      1349     1002     750      683      798      945      621      733      955      918      1138     513      1053     847      650      190      1438     1182     609      1258     874      741      648      0        1537     1004     286      1275     914      1027     937      1144     23       585      
31       31110    631      966      217      1093     532      996      344      584      798      855      807      1073     1135     833      898      930      403      1095     710      1072     1277     1387     130      604      1079     290      669      966      1116     1537     0        681      1363     409      698      744      896      491      1524     1122     
32       31770    484      800      471      1084     253      358      713      153      473      450      211      1022     474      296      229      255      426      496      758      960      1038     909      644      775      798      511      410      303      873      1004     681      0        934      689      115      770      222      190      998      833      
33       23040    736      512      1239     731      877      654      1132     890      567      525      725      660      676      639      953      924      961      510      801      563      367      108      1251     937      341      1074     696      737      367      286      1363     934      0        1054     827      772      932      1035     263      310      
34       18840    348      593      450      685      441      881      79       539      534      616      703      668      1028     680      914      932      263      927      309      677      901      1102     279      195      733      214      430      885      754      1275     409      689      1054     0        638      345      903      551      1258     775      
35       28650    390      689      504      977      198      299      674      115      360      335      118      914      436      189      286      297      382      418      668      849      923      808      641      699      683      486      308      269      758      914      698      115      827      638      0        676      271      234      907      718      
36       9420     286      268      730      360      532      813      423      624      389      475      684      329      949      619      958      961      440      801      35       332      564      840      614      173      432      486      370      850      431      1027     744      770      772      345      676      0        941      708      1006     468      
37       36210    658      919      682      1223     461      281      932      364      591      538      269      1155     332      358      20       35       642      432      935      1080     1111     883      865      971      877      733      570      198      957      937      896      222      932      903      271      941      0        406      936      905      
38       30510    442      803      281      1052     189      529      560      145      505      516      352      1000     657      411      410      440      296      652      689      954      1077     1027     462      673      841      350      401      486      906      1144     491      190      1035     551      234      708      406      0        1135     880      
39       30900    919      759      1374     994      1006     660      1332     993      734      669      791      922      623      723      954      918      1123     509      1033     825      627      168      1423     1163     588      1243     859      739      626      23       1524     998      263      1258     907      1006     936      1135     0        563      
40       14220    495      203      1032     447      699      663      854      743      375      383      648      371      747      554      926      908      732      565      500      271      206      394      1000     638      42       832      489      736      71       585      1122     833      310      775      718      468      905      880      563      0        
;

