

sets
i        orders          /0*10/
k        routes          /1*10/
p        positions       /0*10/
;

alias(i,j)
alias(i,h)
alias(i,hh)
alias(i,jj)
alias(k,kk)
                            Parameters

rho(i)	Processing time
/
0	0
1	15
2	1
3	8
4	92
5	56
6	46
7	69
8	32
9	66
10	3
/

gamma(i)	Duedate
/
0	0
1	41
2	49
3	11
4	43
5	56
6	45
7	26
8	91
9	88
10	21
/

sigma(i)	Size
/
0	0
1	5
2	8
3	6
4	3
5	8
6	6
7	5
8	1
9	1
10	4
/

epsilon(i)	Priority
/
0	0
1	4
2	6
3	4
4	9
5	9
6	7
7	9
8	2
9	5
10	3
/

psi	Vehicle Capacity
/ 26 /
;

Table kappa(i,j)                 Setup
         0        1        2        3        4        5        6        7        8        9        10       
0        0        98       51       79       21       25       47       34       35       66       27       
1        98       0        96       25       90       123      57       108      106      40       126      
2        51       96       0        89       30       67       72       85       85       84       65       
3        79       25       89       0        75       104      33       84       82       15       107      
4        21       90       30       75       0        42       49       54       55       66       42       
5        25       123      67       104      42       0        70       36       39       90       5        
6        47       57       72       33       49       70       0        51       49       19       74       
7        34       108      85       84       54       36       51       0        3        69       41       
8        35       106      85       82       55       39       49       3        0        67       44       
9        66       40       84       15       66       90       19       69       67       0        93       
10       27       126      65       107      42       5        74       41       44       93       0        
;



Table delta(i,j)                 Distance
         0        1        2        3        4        5        6        7        8        9        10       
0        0        500      380      610      320      520      470      170      430      680      430      
1        500      0        28       23       20       71       8        54       87       29       23       
2        380      28       0        25       29       43       20       51       65       31       7        
3        610      23       25       0        40       63       18       71       90       7        18       
4        320      20       29       40       0        67       22       34       73       46       29       
5        520      71       43       63       67       0        63       69       42       67       49       
6        470      8        20       18       22       63       0        54       82       24       15       
7        170      54       51       71       34       69       54       0        55       78       55       
8        430      87       65       90       73       42       82       55       0        96       72       
9        680      29       31       7        46       67       24       78       96       0        25       
10       430      23       7        18       29       49       15       55       72       25       0        
;

