

sets
i        orders          /0*10/
k        routes          /1*10/
p        positions       /0*10/
;

alias(i,j)
alias(i,h)
alias(i,hh)
alias(i,jj)
alias(k,kk)
                            Parameters

rho(i)	Processing time
/
0	0
1	77
2	41
3	64
4	90
5	9
6	38
7	98
8	33
9	57
10	7
/

gamma(i)	Duedate
/
0	0
1	31
2	31
3	4
4	26
5	82
6	62
7	36
8	31
9	41
10	22
/

sigma(i)	Size
/
0	0
1	1
2	8
3	3
4	1
5	6
6	3
7	1
8	3
9	1
10	8
/

epsilon(i)	Priority
/
0	0
1	2
2	3
3	8
4	7
5	5
6	1
7	4
8	1
9	2
10	1
/

psi	Vehicle Capacity
/ 102 /
;

Table kappa(i,j)                 Setup
         0        1        2        3        4        5        6        7        8        9        10       
0        0        108      320      331      401      124      489      117      45       276      264      
1        108      0        412      411      494      216      541      80       151      318      217      
2        320      412      0        64       82       197      264      362      277      206      414      
3        331      411      64       0        112      206      205      351      291      158      380      
4        401      494      82       112      0        279      262      444      357      270      489      
5        124      216      197      206      279      0        377      177      84       184      277      
6        489      541      264      205      262      377      0        465      458      222      424      
7        117      80       362      351      444      177      465      0        143      243      151      
8        45       151      277      291      357      84       458      143      0        252      279      
9        276      318      206      158      270      184      222      243      252      0        229      
10       264      217      414      380      489      277      424      151      279      229      0        
;



Table delta(i,j)                 Distance
         0        1        2        3        4        5        6        7        8        9        10       
0        0        24       34       47       30       41       13       18       52       12       38       
1        24       0        14       22       21       18       30       23       33       28       14       
2        34       14       0        15       14       8        35       24       18       33       18       
3        47       22       15       0        29       6        49       39       20       47       15       
4        30       21       14       29       0        22       25       14       23       24       32       
5        41       18       8        6        22       0        43       33       18       41       14       
6        13       30       35       49       25       43       0        11       49       2        44       
7        18       23       24       39       14       33       11       0        37       10       37       
8        52       33       18       20       23       18       49       37       0        47       33       
9        12       28       33       47       24       41       2        10       47       0        42       
10       38       14       18       15       32       14       44       37       33       42       0        
;

