

sets
i        orders          /0*20/
k        routes          /1*20/
p        positions       /0*20/
;

alias(i,j)
alias(i,h)
alias(i,hh)
alias(i,jj)
alias(k,kk)
                            Parameters

rho(i)	Processing time
/
0	0
1	66
2	81
3	27
4	29
5	81
6	94
7	78
8	41
9	12
10	31
11	86
12	21
13	65
14	98
15	81
16	36
17	97
18	31
19	34
20	34
/

gamma(i)	Duedate
/
0	0
1	2
2	6
3	23
4	94
5	39
6	93
7	54
8	78
9	38
10	41
11	23
12	58
13	9
14	97
15	24
16	16
17	38
18	13
19	39
20	68
/

sigma(i)	Size
/
0	0
1	2
2	1
3	7
4	2
5	6
6	6
7	5
8	5
9	7
10	5
11	5
12	7
13	8
14	8
15	7
16	4
17	1
18	6
19	3
20	5
/

epsilon(i)	Priority
/
0	0
1	1
2	7
3	6
4	7
5	4
6	3
7	1
8	2
9	9
10	4
11	5
12	5
13	8
14	3
15	3
16	4
17	5
18	8
19	4
20	9
/

psi	Vehicle Capacity
/ 39 /
;

Table kappa(i,j)                 Setup
         0        1        2        3        4        5        6        7        8        9        10       11       12       13       14       15       16       17       18       19       20       
0        0        1423     258      1371     318      495      1838     1673     168      1203     1405     532      2109     1081     367      865      1881     1722     1302     1602     1350     
1        1423     0        1234     345      1152     1010     1736     365      1584     251      532      1172     818      1003     1423     627      605      1180     243      896      730      
2        258      1234     0        1143     324      460      1604     1454     420      1035     1300     285      1877     824      251      744      1651     1464     1146     1344     1284     
3        1371     345      1143     0        1155     1053     1392     321      1539     463      852      1006     738      706      1283     743      510      839      535      559      1029     
4        318      1152     324      1155     0        177      1871     1436     450      918      1090     572      1889     1034     565      560      1659     1646     1007     1479     1032     
5        495      1010     460      1053     177      0        1907     1315     624      768      914      658      1775     1043     711      397      1545     1624     848      1432     856      
6        1838     1736     1604     1392     1871     1907     0        1572     1963     1783     2204     1318     1625     877      1497     1857     1540     630      1889     890      2341     
7        1673     365      1454     321      1436     1315     1572     0        1840     602      876      1327     464      999      1603     959      242      962      608      683      1084     
8        168      1584     420      1539     450      624      1963     1840     0        1359     1538     680      2277     1235     467      1010     2049     1878     1454     1765     1466     
9        1203     251      1035     463      918      768      1783     602      1359     0        422      1019     1063     972      1244     378      844      1283     125      1012     572      
10       1405     532      1300     852      1090     914      2204     876      1538     422      0        1356     1287     1388     1537     556      1102     1689     319      1412     215      
11       532      1172     285      1006     572      658      1318     1327     680      1019     1356     0        1715     557      285      818      1498     1200     1142     1108     1384     
12       2109     818      1877     738      1889     1775     1625     464      2277     1063     1287     1715     0        1290     1999     1423     229      999      1055     792      1502     
13       1081     1003     824      706      1034     1043     877      999      1235     972      1388     557      1290     0        822      985      1102     643      1092     577      1497     
14       367      1423     251      1283     565      711      1497     1603     467      1244     1537     285      1999     822      0        982      1780     1459     1361     1387     1531     
15       865      627      744      743      560      397      1857     959      1010     378      556      818      1423     985      982      0        1198     1456     451      1219     566      
16       1881     605      1651     510      1659     1545     1540     242      2049     844      1102     1498     229      1102     1780     1198     0        911      847      662      1313     
17       1722     1180     1464     839      1646     1624     630      962      1878     1283     1689     1200     999      643      1459     1456     911      0        1370     285      1855     
18       1302     243      1146     535      1007     848      1889     608      1454     125      319      1142     1055     1092     1361     451      847      1370     0        1093     497      
19       1602     896      1344     559      1479     1432     890      683      1765     1012     1412     1108     792      577      1387     1219     662      285      1093     0        1584     
20       1350     730      1284     1029     1032     856      2341     1084     1466     572      215      1384     1502     1497     1531     566      1313     1855     497      1584     0        
;



Table delta(i,j)                 Distance
         0        1        2        3        4        5        6        7        8        9        10       11       12       13       14       15       16       17       18       19       20       
0        0        5640     1830     6210     6870     5280     3900     5580     6030     4080     4380     120      6210     6000     4350     5670     5310     1350     1260     7650     7140     
1        5640     0        180      92       212      225      229      4        143      236      42       184      185      263      157      199      29       167      146      165      185      
2        1830     180      0        172      170      115      73       180      152      80       140      62       150      141      89       129      161      21       58       207      184      
3        6210     92       172      0        129      165      191      96       60       197      98       205      105      201      105      128      66       170      167      73       96       
4        6870     212      170      129      0        76       133      215      70       134      199      229      28       97       85       41       183      183      205      89       44       
5        5280     225      115      165      76       0        59       227      110      59       198      177      75       38       67       42       197      133      165      154      112      
6        3900     229      73       191      133      59       0        229      148      7        194      132      124      71       85       93       204      94       130      199      163      
7        5580     4        180      96       215      227      229      0        146      237      40       182      188      265      159      201      31       166      144      169      189      
8        6030     143      152      60       70       110      148      146      0        153      135      200      45       144      66       71       114      157      168      55       45       
9        4080     236      80       197      134      59       7        237      153      0        202      138      127      67       91       95       211      102      138      203      166      
10       4380     42       140      98       199      198      194      40       135      202      0        142      171      236      131      178      37       126      104      169      180      
11       120      184      62       205      229      177      132      182      200      138      142      0        206      202      144      189      173      45       39       254      237      
12       6210     185      150      105      28       75       124      188      45       127      171      206      0        104      61       33       156      161      180      79       38       
13       6000     263      141      201      97       38       71       265      144      67       236      202      104      0        105      73       235      161      195      182      138      
14       4350     157      89       105      85       67       85       159      66       91       131      144      61       105      0        51       130      99       119      120      94       
15       5670     199      129      128      41       42       93       201      71       95       178      189      33       73       51       0        170      143      168      112      71       
16       5310     29       161      66       183      197      204      31       114      211      37       173      156      235      130      170      0        151      134      140      157      
17       1350     167      21       170      183      133      94       166      157      102      126      45       161      161      99       143      151      0        36       212      193      
18       1260     146      58       167      205      165      130      144      168      138      104      39       180      195      119      168      134      36       0        220      208      
19       7650     165      207      73       89       154      199      169      55       203      169      254      79       182      120      112      140      212      220      0        45       
20       7140     185      184      96       44       112      163      189      45       166      180      237      38       138      94       71       157      193      208      45       0        
;

