

sets
i        orders          /0*20/
k        routes          /1*20/
p        positions       /0*20/
;

alias(i,j)
alias(i,h)
alias(i,hh)
alias(i,jj)
alias(k,kk)
                            Parameters

rho(i)	Processing time
/
0	0
1	19
2	81
3	34
4	40
5	93
6	93
7	18
8	17
9	69
10	52
11	37
12	78
13	78
14	73
15	21
16	33
17	8
18	4
19	25
20	41
/

gamma(i)	Duedate
/
0	0
1	61
2	30
3	30
4	94
5	6
6	25
7	76
8	84
9	56
10	14
11	78
12	98
13	39
14	9
15	61
16	60
17	33
18	14
19	7
20	72
/

sigma(i)	Size
/
0	0
1	9
2	3
3	6
4	4
5	2
6	8
7	4
8	2
9	5
10	4
11	5
12	8
13	4
14	7
15	9
16	8
17	8
18	8
19	1
20	7
/

epsilon(i)	Priority
/
0	0
1	1
2	6
3	1
4	3
5	6
6	4
7	5
8	7
9	6
10	9
11	6
12	5
13	8
14	9
15	3
16	1
17	3
18	2
19	6
20	5
/

psi	Vehicle Capacity
/ 45 /
;

Table kappa(i,j)                 Setup
         0        1        2        3        4        5        6        7        8        9        10       11       12       13       14       15       16       17       18       19       20       
0        0        1240     1327     400      435      423      662      975      1002     1625     701      539      1294     765      910      1376     567      1076     150      522      1176     
1        1240     0        163      1048     1669     1659     1729     280      1207     712      698      819      1180     1729     533      601      1191     914      1346     1597     1364     
2        1327     163      0        1173     1747     1738     1768     413      1368     551      840      862      1344     1861     689      749      1330     847      1443     1643     1527     
3        400      1048     1173     0        783      768      1062     768      614      1586     380      630      894      692      598      1034     228      1203     400      923      798      
4        435      1669     1747     783      0        15       433      1408     1314     1994     1127     912      1637     773      1340     1801     871      1361     382      364      1460     
5        423      1659     1738     768      15       0        446      1397     1298     1989     1113     905      1621     760      1327     1787     855      1359     368      373      1444     
6        662      1729     1768     1062     433      446      0        1505     1655     1894     1332     910      1955     1204     1522     1992     1211     1184     704      143      1820     
7        975      280      413      768      1408     1397     1505     0        980      906      427      613      1015     1451     301      585      917      879      1073     1368     1153     
8        1002     1207     1368     614      1314     1298     1655     980      0        1887     606      1171     339      816      681      854      446      1702     955      1520     194      
9        1625     712      551      1586     1994     1989     1894     906      1887     0        1314     1090     1890     2275     1206     1295     1777     737      1765     1795     2056     
10       701      698      840      380      1127     1113     1332     427      606      1314     0        613      750      1034     219      674      492      1103     753      1189     795      
11       539      819      862      630      912      905      910      613      1171     1090     613      0        1362     1253     723      1162     858      576      684      781      1366     
12       1294     1180     1344     894      1637     1621     1955     1015     339      1890     750      1362     0        1149     723      685      766      1838     1267     1817     307      
13       765      1729     1861     692      773      760      1204     1451     816      2275     1034     1253     1149     0        1233     1588     546      1822     620      1111     880      
14       910      533      689      598      1340     1327     1522     301      681      1206     219      723      723      1233     0        470      687      1126     970      1379     851      
15       1376     601      749      1034     1801     1787     1992     585      854      1295     674      1162     685      1588     470      0        1061     1456     1424     1849     948      
16       567      1191     1330     228      871      855      1211     917      446      1777     492      858      766      546      687      1061     0        1429     509      1078     610      
17       1076     914      847      1203     1361     1359     1184     879      1702     737      1103     576      1838     1822     1126     1456     1429     0        1227     1102     1895     
18       150      1346     1443     400      382      368      704      1073     955      1765     753      684      1267     620      970      1424     509      1227     0        576      1116     
19       522      1597     1643     923      364      373      143      1368     1520     1795     1189     781      1817     1111     1379     1849     1078     1102     576      0        1689     
20       1176     1364     1527     798      1460     1444     1820     1153     194      2056     795      1366     307      880      851      948      610      1895     1116     1689     0        
;



Table delta(i,j)                 Distance
         0        1        2        3        4        5        6        7        8        9        10       11       12       13       14       15       16       17       18       19       20       
0        0        2700     2970     2670     2400     2850     1710     3810     2040     1020     3990     3150     2970     2250     2520     1260     1350     3540     2610     3600     3300     
1        2700     0        91       142      160      65       141      149      23       123      182      17       12       160      52       115      106      39       97       67       66       
2        2970     91       0        186      178      147      113      214      91       128      231      89       103      129      132      142      142      130      19       157      154      
3        2670     142      186      0        51       97       122      52       121      75       44       159      143      129      100      48       44       146      176      125      113      
4        2400     160      178      51       0        133      86       104      137      50       77       177      166      88       131      45       56       176      164      163      150      
5        2850     65       147      97       133      0        152      87       56       115      129      79       60       169      15       93       79       52       148      29       17       
6        1710     141      113      122      86       152      0        170      121      47       160      153      151      19       142      76       88       173      94       178      168      
7        3810     149      214      52       104      87       170      0        133      123      52       164      146      180      97       93       83       138      208      107      97       
8        2040     23       91       121      137      56       121      133      0        100      162      39       30       140      41       92       83       52       92       68       63       
9        1020     123      128      75       50       115      47       123      100      0        115      138      131      58       108      29       42       147      114      144      132      
10       3990     182      231      44       77       129      160      52       162      115      0        199      182      164      135      91       88       180      220      154      142      
11       3150     17       89       159      177      79       153      164      39       138      199      0        19       172      67       132      123      43       99       75       77       
12       2970     12       103      143      166      60       151      146      30       131      182      19       0        170      48       121      110      27       109      57       57       
13       2250     160      129      129      88       169      19       180      140      58       164      172      170      0        159      87       101      192      110      195      185      
14       2520     52       132      100      131      15       142      97       41       108      135      67       48       159      0        89       75       46       133      36       26       
15       1260     115      142      48       45       93       76       93       92       29       91       132      121      87       89       0        14       132      130      122      110      
16       1350     106      142      44       56       79       88       83       83       42       88       123      110      101      75       14       0        119      132      108      96       
17       3540     39       130      146      176      52       173      138      52       147      180      43       27       192      46       132      119      0        137      36       41       
18       2610     97       19       176      164      148      94       208      92       114      220      99       109      110      133      130      132      137      0        160      156      
19       3600     67       157      125      163      29       178      107      68       144      154      75       57       195      36       122      108      36       160      0        12       
20       3300     66       154      113      150      17       168      97       63       132      142      77       57       185      26       110      96       41       156      12       0        
;

