
sets
i        orders          /0*20/
k        routes          /1*20/
p        positions       /0*20/
;

alias(i,j)
alias(i,h)
alias(i,hh)
alias(i,jj)
alias(k,kk)
                
                    Parameters

rho(i)	Processing time
/
0	0
1	77
2	26
3	23
4	94
5	43
6	40
7	80
8	23
9	72
10	39
11	67
12	9
13	59
14	88
15	30
16	43
17	82
18	87
19	56
20	77
/

gamma(i)	Duedate
/
0	0
1	39
2	56
3	32
4	40
5	53
6	12
7	39
8	69
9	46
10	47
11	82
12	13
13	49
14	94
15	13
16	16
17	62
18	67
19	71
20	66
/

sigma(i)	Size
/
0	0
1	5
2	9
3	8
4	3
5	4
6	6
7	5
8	8
9	8
10	6
11	3
12	5
13	1
14	1
15	9
16	6
17	7
18	6
19	2
20	7
/

epsilon(i)	Priority
/
0	0
1	2
2	3
3	5
4	4
5	1
6	3
7	4
8	2
9	8
10	9
11	2
12	6
13	8
14	4
15	6
16	7
17	4
18	6
19	2
20	9
/

psi	Vehicle Capacity
/ 43 /
;

Table kappa(i,j)                 Setup
         0        1        2        3        4        5        6        7        8        9        10       11       12       13       14       15       16       17       18       19       20       
0        0        103      104      69       118      87       151      98       109      120      107      70       79       25       90       138      90       89       160      25       122      
1        103      0        205      39       74       83       145      65       58       46       73       143      87       78       16       152      133      86       178      91       123      
2        104      205      0        173      195      184      191      200      193      210      184      82       174      127      190      165      120      185      176      114      169      
3        69       39       173      0        93       53       154      44       78       75       87       123      53       47       33       154      123      56       180      64       128      
4        118      74       195      93       0        146      72       134      15       33       11       116      145      96       65       86       87       149      109      94       56       
5        87       83       184      53       146      0        206      24       131      126      140      155      9        78       83       203      166      2        229      97       179      
6        151      145      191      154      72       206      0        199      86       105      71       111      203      138      133      29       72       209      42       126      28       
7        98       65       200      44       134      24       199      0        118      110      130      162      32       83       69       199      166      25       225      102      173      
8        109      58       193      78       15       131      86       118      0        22       17       117      131      85       49       97       92       134      122      86       67       
9        120      46       210      75       33       126      105      110      22       0        39       137      128      95       43       119      114      129      143      100      89       
10       107      73       184      87       11       140      71       130      17       39       0        105      139      86       62       80       77       143      105      83       50       
11       70       143      82       123      116      155      111      162      117      137      105      0        148      78       127      88       39       158      104      59       88       
12       79       87       174      53       145      9        203      32       131      128      139      148      0        72       85       199      160      11       224      91       176      
13       25       78       127      47       96       78       138      83       85       95       86       78       72       0        64       129      87       81       154      19       109      
14       90       16       190      33       65       83       133      69       49       43       62       127      85       64       0        138      117      86       164      76       110      
15       138      152      165      154      86       203      29       199      97       119      80       88       199      129      138      0        50       206      25       114      30       
16       90       133      120      123      87       166      72       166      92       114      77       39       160      87       117      50       0        168      70       70       49       
17       89       86       185      56       149      2        209      25       134      129      143      158      11       81       86       206      168      0        232      100      182      
18       160      178      176      180      109      229      42       225      122      143      105      104      224      154      164      25       70       232      0        138      55       
19       25       91       114      64       94       97       126      102      86       100      83       59       91       19       76       114      70       100      138      0        97       
20       122      123      169      128      56       179      28       173      67       89       50       88       176      109      110      30       49       182      55       97       0        
;



Table delta(i,j)                 Distance
         0        1        2        3        4        5        6        7        8        9        10       11       12       13       14       15       16       17       18       19       20       
0        0        1320     1620     1560     3870     4470     4260     2460     3840     6540     3420     5190     3030     3540     1260     4020     6030     5430     2280     3060     4710     
1        1320     0        22       8        85       126      150      98       133      187      98       129      88       73       2        91       173      139      78       104      112      
2        1620     22       0        26       85       144      172      118      155      202      119      130      109      73       23       82       188      145      100      126      111      
3        1560     8        26       0        77       118      148      98       131      179      92       121      83       66       10       86       164      131      76       101      105      
4        3870     85       85       77       0        111      188      156      171      140      112      44       111      12       87       39       133      63       127      143      27       
5        4470     126      144      118      111      0        103      110      90       74       40       118      52       114      126      149      54       98       86       78       124      
6        4260     150      172      148      188      103      0        60       17       168      77       212      77       185      149      219      147      198      72       47       210      
7        2460     98       118      98       156      110      60       0        48       183      70       189      60       149      96       179      163      184      29       34       182      
8        3840     133      155      131      171      90       17       48       0        158      61       195      59       167      132      201      137      182      55       30       193      
9        6540     187      202      179      140      74       168      183      158      0        114      121      126      148      188      178      21       91       160      151      138      
10       3420     98       119      92       112      40       77       70       61       114      0        134      12       111      98       146      94       121      45       40       133      
11       5190     129      130      121      44       118      212      189      195      121      134      0        136      57       131      67       122      30       160      170      22       
12       3030     88       109      83       111      52       77       60       59       126      12       136      0        108      88       142      106      127      33       34       133      
13       3540     73       73       66       12       114      185      149      167      148      111      57       108      0        75       35       141      75       121      139      39       
14       1260     2        23       10       87       126      149      96       132      188      98       131      88       75       0        93       173      141      77       103      114      
15       4020     91       82       86       39       149      219      179      201      178      146      67       142      35       93       0        172      94       152      172      45       
16       6030     173      188      164      133      54       147      163      137      21       94       122      106      141      173      172      0        93       140      130      136      
17       5430     139      145      131      63       98       198      184      182      91       121      30       127      75       141      94       93       0        154      160      50       
18       2280     78       100      76       127      86       72       29       55       160      45       160      33       121      77       152      140      154      0        26       153      
19       3060     104      126      101      143      78       47       34       30       151      40       170      34       139      103      172      130      160      26       0        166      
20       4710     112      111      105      27       124      210      182      193      138      133      22       133      39       114      45       136      50       153      166      0        
;

