
sets
i        orders          /0*20/
k        routes          /1*20/
p        positions       /0*20/
;

alias(i,j)
alias(i,h)
alias(i,hh)
alias(i,jj)
alias(k,kk)
                
                    Parameters

rho(i)	Processing time
/
0	0
1	31
2	68
3	28
4	21
5	82
6	65
7	70
8	34
9	51
10	51
11	4
12	88
13	66
14	33
15	61
16	49
17	70
18	28
19	59
20	48
/

gamma(i)	Duedate
/
0	0
1	78
2	40
3	20
4	37
5	23
6	5
7	93
8	98
9	43
10	96
11	84
12	99
13	87
14	70
15	20
16	20
17	90
18	88
19	59
20	55
/

sigma(i)	Size
/
0	0
1	5
2	6
3	8
4	7
5	6
6	6
7	4
8	8
9	8
10	9
11	8
12	8
13	9
14	6
15	7
16	8
17	9
18	5
19	5
20	7
/

epsilon(i)	Priority
/
0	0
1	7
2	3
3	1
4	2
5	5
6	5
7	2
8	9
9	1
10	8
11	8
12	4
13	7
14	3
15	7
16	7
17	3
18	7
19	6
20	7
/

psi	Vehicle Capacity
/ 14 /
;

Table kappa(i,j)                 Setup
         0        1        2        3        4        5        6        7        8        9        10       11       12       13       14       15       16       17       18       19       20       
0        0        150      137      82       23       160      139      29       171      89       115      223      35       142      178      76       142      87       72       94       117      
1        150      0        222      84       147      151      77       179      150      123      70       170      124      67       68       75       98       68       140      129      102      
2        137      222      0        141      160      111      159      126      124      99       153      174      126      169      203      173      144      160      87       93       125      
3        82       84       141      0        90       101      57       106      107      43       32       151      47       60       96       41       65       19       56       51       45       
4        23       147      160      90       0        177      147      46       187      106      122      237      49       149      183      72       153      90       91       111      130      
5        160      151      111      101      177      0        74       170      13       71       86       68       128      84       106      142      52       116      90       66       57       
6        139      77       159      57       147      74       0        160      73       67       25       102      103      10       45       88       21       61       92       71       34       
7        29       179      126      106      46       170      160      0        182      102      137      236      58       165      202      105      160      114      80       105      134      
8        171      150      124      107      187      13       73       182      0        81       89       55       138      82       100      147      52       121      102      77       62       
9        89       123      99       43       106      71       67       102      81       0        55       134      56       76       113      82       60       63       25       7        35       
10       115      70       153      32       122      86       25       137      89       55       0        125      80       27       64       63       38       36       76       60       31       
11       223      170      174      151      237      68       102      236      55       134      125      0        188      107      105      188      87       161      156      131      108      
12       35       124      126      47       49       128      103      58       138      56       80       188      0        107      144      54       106      56       45       62       81       
13       142      67       169      60       149      84       10       165      82       76       27       107      107      0        38       86       31       61       99       80       43       
14       178      68       203      96       183      106      45       202      100      113      64       105      144      38       0        115      59       93       137      116      79       
15       76       75       173      41       72       142      88       105      147      82       63       188      54       86       115      0        101      26       86       89       85       
16       142      98       144      65       153      52       21       160      52       60       38       87       106      31       59       101      0        74       86       62       26       
17       87       68       160      19       90       116      61       114      121      63       36       161      56       61       93       26       74       0        74       70       59       
18       72       140      87       56       91       90       92       80       102      25       76       156      45       99       137      86       86       74       0        25       60       
19       94       129      93       51       111      66       71       105      77       7        60       131      62       80       116      89       62       70       25       0        37       
20       117      102      125      45       130      57       34       134      62       35       31       108      81       43       79       85       26       59       60       37       0        
;



Table delta(i,j)                 Distance
         0        1        2        3        4        5        6        7        8        9        10       11       12       13       14       15       16       17       18       19       20       
0        0        1740     3900     4440     3990     2880     2910     4950     1890     2460     3690     3450     6720     6150     4500     4140     2460     4350     1440     6930     4710     
1        1740     0        116      147      116      113      42       125      31       63       70       73       172      153      135      95       80       87       60       182      150      
2        3900     116      0        39       6        65       143      69       84       53       93       65       146      134      20       67       49       131      83       143      36       
3        4440     147      39       0        44       59       179      104      115      84       133      104      180      170      34       106      68       171      101      174      15       
4        3990     116      6        44       0        71       142      62       85       54       89       61       140      128      19       61       53       127      86       137      39       
5        2880     113      65       59       71       0        153      130      85       64       130      105      207      192      78       118      38       167      55       206      73       
6        2910     42       143      179      142      153      0        131      67       95       68       85       159      140      161      102      118      63       102      172      179      
7        4950     125      69       104      62       130      131      0        103      85       63       51       77       66       70       30       101      90       125      75       93       
8        1890     31       84       115      85       85       67       103      0        31       62       52       162      143      104      75       50       91       39       168      118      
9        2460     63       53       84       54       64       95       85       31       0        66       43       154      136      73       62       26       102      40       157      87       
10       3690     70       93       133      89       130      68       63       62       66       0        28       102      82       107      35       92       38       98       111      128      
11       3450     73       65       104      61       105      85       51       52       43       28       0        111      93       79       22       67       66       81       116      100      
12       6720     172      146      180      140      207      159      77       162      154      102      111      0        19       146      91       174      97       193      18       168      
13       6150     153      134      170      128      192      140      66       143      136      82       93       19       0        136      74       158      78       175      34       158      
14       4500     135      20       34       19       78       161      70       104      73       107      79       146      136      0        76       68       144      102      140      23       
15       4140     95       67       106      61       118      102      30       75       62       35       22       91       74       76       0        83       68       102      94       99       
16       2460     80       49       68       53       38       118      101      50       26       92       67       174      158      68       83       0        128      34       176      75       
17       4350     87       131      171      127      167      63       90       91       102      38       66       97       78       144      68       128      0        130      111      166      
18       1440     60       83       101      86       55       102      125      39       40       98       81       193      175      102      102      34       130      0        197      109      
19       6930     182      143      174      137      206      172      75       168      157      111      116      18       34       140      94       176      111      197      0        161      
20       4710     150      36       15       39       73       179      93       118      87       128      100      168      158      23       99       75       166      109      161      0        
;

