

sets
i        orders          /0*40/
k        routes          /1*40/
p        positions       /0*40/
;

alias(i,j)
alias(i,h)
alias(i,hh)
alias(i,jj)
alias(k,kk)
                            Parameters

rho(i)	Processing time
/
0	0
1	53
2	31
3	50
4	90
5	98
6	55
7	22
8	9
9	90
10	25
11	63
12	48
13	13
14	34
15	13
16	19
17	63
18	56
19	86
20	29
21	52
22	64
23	39
24	16
25	5
26	23
27	2
28	3
29	7
30	46
31	90
32	29
33	95
34	13
35	52
36	23
37	86
38	84
39	50
40	62
/

gamma(i)	Duedate
/
0	0
1	75
2	59
3	67
4	96
5	35
6	75
7	45
8	96
9	76
10	15
11	43
12	86
13	55
14	99
15	12
16	21
17	3
18	36
19	34
20	18
21	75
22	26
23	14
24	25
25	65
26	90
27	97
28	2
29	32
30	10
31	73
32	57
33	13
34	47
35	8
36	9
37	99
38	46
39	61
40	12
/

sigma(i)	Size
/
0	0
1	3
2	9
3	1
4	5
5	6
6	6
7	3
8	1
9	4
10	1
11	8
12	3
13	2
14	2
15	6
16	6
17	9
18	5
19	6
20	5
21	1
22	5
23	9
24	4
25	4
26	8
27	9
28	9
29	7
30	7
31	9
32	8
33	6
34	9
35	2
36	4
37	7
38	1
39	4
40	2
/

epsilon(i)	Priority
/
0	0
1	3
2	7
3	8
4	1
5	1
6	4
7	1
8	4
9	3
10	3
11	9
12	3
13	8
14	7
15	4
16	5
17	1
18	6
19	3
20	5
21	9
22	7
23	3
24	3
25	4
26	1
27	1
28	4
29	4
30	8
31	2
32	4
33	2
34	2
35	1
36	2
37	6
38	8
39	3
40	1
/

psi	Vehicle Capacity
/ 162 /
;

Table kappa(i,j)                 Setup
         0        1        2        3        4        5        6        7        8        9        10       11       12       13       14       15       16       17       18       19       20       21       22       23       24       25       26       27       28       29       30       31       32       33       34       35       36       37       38       39       40       
0        0        630      3168     1775     2570     1249     3835     1850     847      3167     2094     4466     4001     2426     2176     2221     2847     87       2052     4127     552      3299     4552     2318     1598     2639     3852     4218     2328     1041     2259     3196     466      4406     538      705      2218     3041     1398     4467     2700     
1        630      0        2785     1190     2063     627      3329     1229     345      2815     1575     4054     3585     2357     2335     1630     2308     569      2222     3703     823      2882     4108     1698     1055     2320     3396     3868     1724     474      2026     3282     452      3920     1046     593      1625     2412     801      4021     2672     
2        3168     2785     0        1864     988      2651     1092     2114     2442     181      1359     1304     850      1544     2384     1690     1098     3082     2404     985      3586     243      1432     2715     3076     599      827      1091     1778     2881     1084     2406     3232     1434     3111     3367     2996     2341     2799     1354     1719     
3        1775     1190     1864     0        959      821      2184     313      931      1952     505      3024     2561     2132     2534     445      1143     1697     2461     2663     1996     1888     3031     1077     1212     1588     2316     2945     564      1088     1545     3220     1621     2790     2019     1671     1258     1385     940      2943     2472     
4        2570     2063     988      959      0        1780     1268     1159     1745     1120     488      2066     1606     1880     2557     705      343      2484     2528     1705     2886     956      2074     1727     2141     969      1358     2024     790      2040     1227     2944     2513     1857     2670     2598     2010     1450     1892     1987     2175     
5        1249     627      2651     821      1780     0        2996     718      639      2720     1311     3842     3378     2590     2750     1195     1952     1194     2649     3482     1286     2696     3852     1071     550      2293     3138     3741     1248     286      2120     3611     933      3606     1667     907      1012     1827     224      3765     2926     
6        3835     3329     1092     2184     1268     2996     0        2310     3013     1256     1754     1091     801      2623     3445     1814     1044     3749     3454     796      4152     848      955      2643     3274     1621     444      1381     1808     3271     2089     3490     3778     614      3903     3851     2969     1937     3074     876      2811     
7        1850     1229     2114     313      1159     718      2310     0        1043     2216     767      3216     2762     2444     2824     495      1271     1780     2746     2855     1986     2113     3198     768      983      1882     2491     3179     530      1004     1857     3531     1619     2923     2163     1622     947      1203     764      3112     2784     
8        847      345      2442     931      1745     639      3013     1043     0        2470     1261     3714     3245     2061     2129     1376     2008     767      2023     3365     1153     2542     3774     1640     1168     1976     3064     3523     1490     640      1692     3030     791      3597     1121     936      1636     2247     858      3688     2386     
9        3167     2815     181      1952     1120     2720     1256     2216     2470     0        1452     1343     915      1409     2258     1812     1260     3081     2286     1053     3603     412      1504     2844     3164     540      955      1054     1909     2939     1008     2235     3257     1554     3079     3403     3116     2505     2878     1431     1563     
10       2094     1575     1359     505      488      1311     1754     767      1261     1452     0        2532     2067     1824     2370     467      755      2010     2319     2173     2398     1386     2555     1459     1717     1125     1839     2440     619      1563     1185     2920     2025     2345     2231     2111     1695     1466     1443     2468     2152     
11       4466     4054     1304     3024     2066     3842     1091     3216     3714     1343     2532     0        469      2664     3516     2734     1973     4379     3563     360      4866     1172     301      3663     4200     1881     740      562      2767     4095     2350     3233     4505     714      4414     4622     3979     3019     3959     305      2725     
12       4001     3585     850      2561     1606     3378     801      2762     3245     915      2067     469      0        2293     3148     2285     1539     3914     3185     138      4397     704      589      3239     3745     1441     365      580      2328     3628     1920     2974     4036     733      3961     4153     3550     2650     3498     517      2395     
13       2426     2357     1544     2132     1880     2590     2623     2444     2061     1409     1824     2664     2293     0        854      2290     2195     2354     899      2430     2961     1783     2874     3209     3135     1018     2363     2215     2443     2689     656      1097     2703     2963     2127     2919     3374     3271     2806     2809     341      
14       2176     2335     2384     2534     2557     2750     3445     2824     2129     2258     2370     3516     3148     854      0        2807     2895     2126     126      3285     2727     2619     3729     3581     3294     1824     3209     3053     2966     2761     1375     1038     2562     3812     1733     2805     3676     3831     2974     3664     850      
15       2221     1630     1690     445      705      1195     1814     495      1376     1812     467      2734     2285     2290     2807     0        776      2142     2748     2374     2426     1659     2707     1034     1470     1559     2004     2727     158      1478     1652     3387     2052     2428     2455     2084     1305     1026     1259     2620     2619     
16       2847     2308     1098     1143     343      1952     1044     1271     2008     1260     755      1973     1539     2195     2895     776      0        2763     2868     1616     3127     988      1933     1701     2245     1236     1236     2026     794      2228     1549     3240     2752     1655     2981     2814     2011     1244     2033     1846     2478     
17       87       569      3082     1697     2484     1194     3749     1780     767      3081     2010     4379     3914     2354     2126     2142     2763     0        2002     4040     612      3212     4465     2265     1566     2554     3765     4132     2252     1000     2176     3140     472      4320     536      718      2175     2974     1352     4380     2632     
18       2052     2222     2404     2461     2528     2649     3454     2746     2023     2286     2319     3563     3185     899      126      2748     2868     2002     0        3322     2602     2636     3769     3498     3191     1833     3231     3111     2907     2652     1371     1164     2441     3837     1606     2684     3586     3774     2873     3702     936      
19       4127     3703     985      2663     1705     3482     796      2855     3365     1053     2173     360      138      2430     3285     2374     1616     4040     3322     0        4518     828      451      3310     3839     1578     394      611      2409     3737     2058     3097     4155     627      4093     4268     3625     2692     3598     380      2528     
20       552      823      3586     1996     2886     1286     4152     1986     1153     3603     2398     4866     4397     2961     2727     2426     3127     612      2602     4518     0        3693     4927     2279     1444     3090     4217     4658     2505     1010     2745     3748     375      4743     1040     411      2105     3106     1353     4841     3243     
21       3299     2882     243      1888     956      2696     848      2113     2542     412      1386     1172     704      1783     2619     1659     988      3212     2636     828      3693     0        1259     2663     3090     812      606      1067     1728     2939     1297     2647     3333     1213     3275     3453     2957     2213     2828     1177     1963     
22       4552     4108     1432     3031     2074     3852     955      3198     3774     1504     2555     301      589      2874     3729     2707     1933     4465     3769     451      4927     1259     0        3589     4177     2027     715      856      2723     4115     2509     3498     4560     456      4533     4663     3912     2889     3954     87       2959     
23       2318     1698     2715     1077     1727     1071     2643     768      1640     2844     1459     3663     3239     3209     3581     1034     1701     2265     3498     3310     2279     2663     3589     0        881      2582     2922     3721     938      1294     2610     4298     1965     3243     2731     1870     330      927      934      3505     3549     
24       1598     1055     3076     1212     2141     550      3274     983      1168     3164     1717     4200     3745     3135     3294     1470     2245     1566     3191     3839     1444     3090     4177     881      0        2776     3473     4153     1465     581      2644     4161     1178     3888     2086     1033     663      1788     329      4091     3472     
25       2639     2320     599      1588     969      2293     1621     1882     1976     540      1125     1881     1441     1018     1824     1559     1236     2554     1833     1578     3090     812      2027     2582     2776     0        1417     1578     1688     2488     486      2010     2753     2025     2539     2912     2820     2420     2470     1951     1260     
26       3852     3396     827      2316     1358     3138     444      2491     3064     955      1839     740      365      2363     3209     2004     1236     3765     3231     394      4217     606      715      2922     3473     1417     0        942      2030     3399     1903     3149     3848     608      3859     3948     3239     2298     3243     628      2512     
27       4218     3868     1091     2945     2024     3741     1381     3179     3523     1054     2440     562      580      2215     3053     2727     2026     4132     3111     611      4658     1067     856      3721     4153     1578     942      0        2791     3972     2004     2693     4311     1205     4105     4453     4021     3194     3884     838      2233     
28       2328     1724     1778     564      790      1248     1808     530      1490     1909     619      2767     2328     2443     2966     158      794      2252     2907     2409     2505     1728     2723     938      1465     1688     2030     2791     0        1534     1801     3539     2135     2422     2583     2150     1229     868      1285     2637     2770     
29       1041     474      2881     1088     2040     286      3271     1004     640      2939     1563     4095     3628     2689     2761     1478     2228     1000     2652     3737     1010     2939     4115     1294     581      2488     3399     3972     1534     0        2271     3670     673      3879     1509     623      1176     2096     360      4027     3018     
30       2259     2026     1084     1545     1227     2120     2089     1857     1692     1008     1185     2350     1920     656      1375     1652     1549     2176     1371     2058     2745     1297     2509     2610     2644     486      1903     2004     1801     2271     0        1742     2432     2511     2102     2616     2802     2618     2321     2433     970      
31       3196     3282     2406     3220     2944     3611     3490     3531     3030     2235     2920     3233     2974     1097     1038     3387     3240     3140     1164     3097     3748     2647     3498     4298     4161     2010     3149     2693     3539     3670     1742     0        3557     3701     2769     3793     4450     4360     3833     3452     772      
32       466      452      3232     1621     2513     933      3778     1619     791      3257     2025     4505     4036     2703     2562     2052     2752     472      2441     4155     375      3333     4560     1965     1178     2753     3848     4311     2135     673      2432     3557     0        4371     1003     247      1823     2760     1030     4474     3001     
33       4406     3920     1434     2790     1857     3606     614      2923     3597     1554     2345     714      733      2963     3812     2428     1655     4320     3837     627      4743     1213     456      3243     3888     2025     608      1205     2422     3879     2511     3701     4371     0        4441     4452     3571     2494     3687     413      3096     
34       538      1046     3111     2019     2670     1667     3903     2163     1121     3079     2231     4414     3961     2127     1733     2455     2981     536      1606     4093     1040     3275     4533     2731     2086     2539     3859     4105     2583     1509     2102     2769     1003     4441     0        1244     2672     3367     1848     4452     2359     
35       705      593      3367     1671     2598     907      3851     1622     936      3403     2111     4622     4153     2919     2805     2084     2814     718      2684     4268     411      3453     4663     1870     1033     2912     3948     4453     2150     623      2616     3793     247      4452     1244     0        1694     2711     951      4576     3224     
36       2218     1625     2996     1258     2010     1012     2969     947      1636     3116     1695     3979     3550     3374     3676     1305     2011     2175     3586     3625     2105     2957     3912     330      663      2820     3239     4021     1229     1176     2802     4450     1823     3571     2672     1694     0        1239     824      3828     3716     
37       3041     2412     2341     1385     1450     1827     1937     1203     2247     2505     1466     3019     2650     3271     3831     1026     1244     2974     3774     2692     3106     2213     2889     927      1788     2420     2298     3194     868      2096     2618     4360     2760     2494     3367     2711     1239     0        1761     2813     3588     
38       1398     801      2799     940      1892     224      3074     764      858      2878     1443     3959     3498     2806     2974     1259     2033     1352     2873     3598     1353     2828     3954     934      329      2470     3243     3884     1285     360      2321     3833     1030     3687     1848     951      824      1761     0        3867     3143     
39       4467     4021     1354     2943     1987     3765     876      3112     3688     1431     2468     305      517      2809     3664     2620     1846     4380     3702     380      4841     1177     87       3505     4091     1951     628      838      2637     4027     2433     3452     4474     413      4452     4576     3828     2813     3867     0        2901     
40       2700     2672     1719     2472     2175     2926     2811     2784     2386     1563     2152     2725     2395     341      850      2619     2478     2632     936      2528     3243     1963     2959     3549     3472     1260     2512     2233     2770     3018     970      772      3001     3096     2359     3224     3716     3588     3143     2901     0        
;



Table delta(i,j)                 Distance
         0        1        2        3        4        5        6        7        8        9        10       11       12       13       14       15       16       17       18       19       20       21       22       23       24       25       26       27       28       29       30       31       32       33       34       35       36       37       38       39       40       
0        0        30720    17370    24930    10770    7890     10050    16050    2130     27900    4560     6150     20250    16410    24570    20520    7080     19770    8970     19890    19380    29640    12240    6240     22350    18300    18750    14850    24180    9900     15960    8670     22230    20790    18900    15360    10680    22590    25080    18660    19890    
1        30720    0        997      966      665      1287     1347     850      1095     111      1017     853      731      521      1140     552      896      446      1254     868      999      93       615      821      325      1116     883      770      466      1213     523      1059     385      465      758      1536     710      869      945      1074     764      
2        17370    997      0        274      585      703      676      998      609      886      719      444      291      775      246      450      733      869      859      169      68       1015     579      504      676      119      132      918      1049     427      750      318      926      928      249      882      431      1195     288      79       1072     
3        24930    966      274      0        745      976      951      1180     869      861      959      664      263      893      198      436      949      964      1121     177      208      1007     721      714      680      333      208      1091     1137     700      868      589      1003     1026     269      1155     596      1357     25       284      1228     
4        10770    665      585      745      0        622      688      435      430      574      367      215      507      217      821      426      272      329      604      571      631      629      55       165      403      675      550      345      501      596      195      465      405      378      482      871      155      615      740      658      489      
5        7890     1287     703      976      622      0        108      723      192      1192     324      450      875      805      912      918      454      915      226      829      771      1251     671      468      1003     689      787      708      1052     303      792      387      998      945      825      248      604      933      987      719      867      
6        10050    1347     676      951      688      108      0        826      269      1249     422      496      879      882      867      943      548      995      331      817      743      1317     734      526      1052     645      774      806      1140     253      867      374      1077     1028     828      211      648      1037     964      681      968      
7        16050    850      998      1180     435      723      826      0        576      804      406      561      942      370      1241     840      301      406      562      1004     1051     774      468      497      728      1070     980      96       433      865      384      790      465      386      917      931      584      217      1175     1064     151      
8        2130     1095     609      869      430      192      269      576      0        1002     173      270      729      615      842      748      284      726      251      707      677      1059     480      279      816      627      667      545      870      307      601      301      809      759      682      440      423      793      876      645      711      
9        27900    111      886      861      574      1192     1249     804      1002     0        934      752      622      453      1032     442      817      399      1172     759      889      151      522      725      214      1005     772      718      461      1107     451      952      354      431      647      1441     606      850      841      963      736      
10       4560     1017     719      959      367      324      422      406      173      934      0        300      779      507      962      757      133      611      238      787      784      968      422      269      771      759      751      384      734      476      499      440      693      633      738      555      424      621      963      768      545      
11       6150     853      444      664      215      450      496      561      270      752      300      0        480      432      690      479      289      544      501      489      503      828      249      65       555      509      455      490      714      380      410      252      621      592      437      695      154      768      665      505      654      
12       20250    731      291      263      507      875      879      942      729      622      779      480      0        635      412      181      741      702      975      138      274      761      475      514      426      407      161      849      874      654      610      506      739      764      51       1091     372      1107     249      359      977      
13       16410    521      775      893      217      805      882      370      615      453      507      432      635      0        998      499      379      113      740      729      813      463      200      376      358      875      717      276      284      811      25       682      194      161      624      1050     351      484      883      852      353      
14       24570    1140     246      198      821      912      867      1241     842      1032     962      690      412      998      0        593      979      1083     1087     281      190      1173     808      749      838      223      283      1159     1261     614      972      542      1131     1144     395      1059     665      1434     223      197      1310     
15       20520    552      450      436      426      918      943      840      748      442      757      479      181      499      593      0        690      548      977      317      447      580      380      490      245      570      331      744      712      746      477      589      575      609      206      1152     334      983      419      525      852      
16       7080     896      733      949      272      454      548      301      284      817      133      289      741      379      979      690      0        480      360      772      793      843      326      234      669      791      741      261      601      564      373      494      561      500      706      688      370      518      948      791      428      
17       19770    446      869      964      329      915      995      406      726      399      611      544      702      113      1083     548      480      0        839      808      901      377      306      490      361      973      800      323      180      924      134      793      82       61       698      1159     455      469      952      947      344      
18       8970     1254     859      1121     604      226      331      562      251      1172     238      501      975      740      1087     977      360      839      0        958      927      1203     659      487      1008     868      918      573      947      507      734      545      920      855      929      374      643      756      1128     890      713      
19       19890    868      169      177      571      829      817      1004     707      759      787      489      138      729      281      317      772      808      958      0        138      896      549      537      559      277      42       916      984      576      703      444      853      869      114      1027     420      1185     176      226      1056     
20       19380    999      68       208      631      771      743      1051     677      889      784      503      274      813      190      447      793      901      927      138      0        1023     620      561      684      143      116      969      1081     492      787      386      954      962      241      947      476      1244     224      90       1120     
21       29640    93       1015     1007     629      1251     1317     774      1059     151      968      828      761      463      1173     580      843      377      1203     896      1023     0        583      791      339      1132     907      698      377      1198     469      1048     308      387      783      1499     693      782      987      1093     680      
22       12240    615      579      721      55       671      734      468      480      522      422      249      475      200      808      380      326      306      659      549      620      583      0        207      348      676      532      374      483      628      175      490      378      360      454      920      151      636      714      655      507      
23       6240     821      504      714      165      468      526      497      279      725      269      65       514      376      749      490      234      490      487      537      561      791      207      0        537      573      506      424      656      435      356      315      569      534      475      716      156      702      714      567      589      
24       22350    325      676      680      403      1003     1052     728      816      214      771      555      426      358      838      245      669      361      1008     559      684      339      348      537      0        795      568      633      498      897      344      741      363      416      445      1250     404      827      662      754      699      
25       18300    1116     119      333      675      689      645      1070     627      1005     759      509      407      875      223      570      791      973      868      277      143      1132     676      573      795      0        246      996      1153     392      849      325      1033     1031     367      840      524      1274     353      52       1156     
26       18750    883      132      208      550      787      774      980      667      772      751      455      161      717      283      331      741      800      918      42       116      907      532      506      568      246      0        894      978      533      691      402      848      861      125      984      396      1165     211      198      1038     
27       14850    770      918      1091     345      708      806      96       545      718      384      490      849      276      1159     744      261      323      573      916      969      698      374      424      633      996      894      0        381      818      289      729      390      313      826      931      497      278      1085     986      169      
28       24180    466      1049     1137     501      1052     1140     433      870      461      734      714      874      284      1261     712      601      180      947      984      1081     377      483      656      498      1153     978      381      0        1091     308      966      136      123      873      1290     634      405      1123     1127     314      
29       9900     1213     427      700      596      303      253      865      307      1107     476      380      654      811      614      746      564      924      507      576      492      1198     628      435      897      392      533      818      1091     0        790      158      1002     970      603      454      504      1082     715      428      987      
30       15960    523      750      868      195      792      867      384      601      451      499      410      610      25       972      477      373      134      734      703      787      469      175      356      344      849      691      289      308      790      0        659      212      184      599      1038     326      506      858      826      375      
31       8670     1059     318      589      465      387      374      790      301      952      440      252      506      682      542      589      494      793      545      444      386      1048     490      315      741      325      402      729      966      158      659      0        867      843      455      585      355      1004     600      344      897      
32       22230    385      926      1003     405      998      1077     465      809      354      693      621      739      194      1131     575      561      82       920      853      954      308      378      569      363      1033     848      390      136      1002     212      867      0        79       741      1242     523      496      988      1005     382      
33       20790    465      928      1026     378      945      1028     386      759      431      633      592      764      161      1144     609      500      61       855      869      962      387      360      534      416      1031     861      313      123      970      184      843      79       0        760      1186     510      423      1014     1006     305      
34       18900    758      249      269      482      825      828      917      682      647      738      437      51       624      395      206      706      698      929      114      241      783      454      475      445      367      125      826      873      603      599      455      741      760      0        1040     339      1089     260      321      960      
35       15360    1536     882      1155     871      248      211      931      440      1441     555      695      1091     1050     1059     1152     688      1159     374      1027     947      1499     920      716      1250     840      984      931      1290     454      1038     585      1242     1186     1040     0        849      1130     1170     880      1081     
36       10680    710      431      596      155      604      648      584      423      606      424      154      372      351      665      334      370      455      643      420      476      693      151      156      404      524      396      497      634      504      326      355      523      510      339      849      0        769      592      505      644      
37       22590    869      1195     1357     615      933      1037     217      793      850      621      768      1107     484      1434     983      518      469      756      1185     1244     782      636      702      827      1274     1165     278      405      1082     506      1004     496      423      1089     1130     769      0        1350     1264     131      
38       25080    945      288      25       740      987      964      1175     876      841      963      665      249      883      223      419      948      952      1128     176      224      987      714      714      662      353      211      1085     1123     715      858      600      988      1014     260      1170     592      1350     0        303      1220     
39       18660    1074     79       284      658      719      681      1064     645      963      768      505      359      852      197      525      791      947      890      226      90       1093     655      567      754      52       198      986      1127     428      826      344      1005     1006     321      880      505      1264     303      0        1143     
40       19890    764      1072     1228     489      867      968      151      711      736      545      654      977      353      1310     852      428      344      713      1056     1120     680      507      589      699      1156     1038     169      314      987      375      897      382      305      960      1081     644      131      1220     1143     0        
;

