
sets
i        orders          /0*10/
k        routes          /1*10/
p        positions       /0*10/
;

alias(i,j)
alias(i,h)
alias(i,hh)
alias(i,jj)
alias(k,kk)
                
                    Parameters

rho(i)	Processing time
/
0	0
1	94
2	8
3	2
4	68
5	29
6	16
7	36
8	55
9	54
10	43
/

gamma(i)	Duedate
/
0	0
1	23
2	22
3	72
4	82
5	49
6	76
7	62
8	10
9	3
10	1
/

sigma(i)	Size
/
0	0
1	5
2	8
3	4
4	2
5	2
6	5
7	1
8	9
9	1
10	5
/

epsilon(i)	Priority
/
0	0
1	4
2	1
3	7
4	8
5	6
6	5
7	5
8	8
9	1
10	2
/

psi	Vehicle Capacity
/ 36 /
;

Table kappa(i,j)                 Setup
         0        1        2        3        4        5        6        7        8        9        10       
0        0        161      233      90       70       236      226      91       175      252      63       
1        161      0        100      176      123      232      196      138      109      289      129      
2        233      100      0        207      214      188      145      170      82       259      220      
3        90       176      207      0        145      151      150      38       129      161      141      
4        70       123      214      145      0        272      252      128      181      302      8        
5        236      232      188      151      272      0        42       147      123      75       271      
6        226      196      145      150      252      42       0        135      86       117      252      
7        91       138      170      38       128      147      135      0        96       175      126      
8        175      109      82       129      181      123      86       96       0        187      183      
9        252      289      259      161      302      75       117      175      187      0        300      
10       63       129      220      141      8        271      252      126      183      300      0        
;



Table delta(i,j)                 Distance
         0        1        2        3        4        5        6        7        8        9        10       
0        0        2820     3140     2960     680      3040     3000     1420     340      2260     1600     
1        2820     0        174      91       130      132      39       162      142      200      190      
2        3140     174      0        92       123      48       211      226      173      85       114      
3        2960     91       92       0        119      44       130      202      159      147      155      
4        680      130      123      119      0        118      147      103      50       89       65       
5        3040     132      48       44       118      0        170      215      166      117      135      
6        3000     39       211      130      147      170      0        153      146      227      212      
7        1420     162      226      202      103      215      153      0        54       182      147      
8        340      142      173      159      50       166      146      54       0        130      96       
9        2260     200      85       147      89       117      227      182      130      0        38       
10       1600     190      114      155      65       135      212      147      96       38       0        
;

