

sets
i        orders          /0*10/
k        routes          /1*10/
p        positions       /0*10/
;

alias(i,j)
alias(i,h)
alias(i,hh)
alias(i,jj)
alias(k,kk)
                            Parameters

rho(i)	Processing time
/
0	0
1	30
2	3
3	80
4	36
5	99
6	72
7	41
8	23
9	19
10	90
/

gamma(i)	Duedate
/
0	0
1	95
2	49
3	73
4	11
5	34
6	1
7	26
8	99
9	58
10	66
/

sigma(i)	Size
/
0	0
1	3
2	2
3	4
4	2
5	3
6	9
7	4
8	6
9	7
10	1
/

epsilon(i)	Priority
/
0	0
1	7
2	3
3	4
4	1
5	5
6	4
7	7
8	4
9	5
10	6
/

psi	Vehicle Capacity
/ 13 /
;

Table kappa(i,j)                 Setup
         0        1        2        3        4        5        6        7        8        9        10       
0        0        583      83       383      432      336      407      32       135      72       208      
1        583      0        565      203      192      522      183      615      565      651      435      
2        83       565      0        373      396      255      400      90       52       106      249      
3        383      203      373      0        134      397      27       414      382      452      236      
4        432      192      396      134      0        330      144      460      386      493      340      
5        336      522      255      397      330      0        422      345      207      353      424      
6        407      183      400      27       144      422      0        439      409      477      253      
7        32       615      90       414      460      345      439      0        138      40       238      
8        135      565      52       382      386      207      409      138      0        146      288      
9        72       651      106      452      493      353      477      40       146      0        277      
10       208      435      249      236      340      424      253      238      288      277      0        
;



Table delta(i,j)                 Distance
         0        1        2        3        4        5        6        7        8        9        10       
0        0        410      2500     2400     530      2130     390      1140     580      1390     670      
1        410      0        210      245      17       178      77       104      61       103      26       
2        2500     210      0        318      197      81       279      207      230      118      184      
3        2400     245      318      0        234      237      218      146      185      229      246      
4        530      17       197      234      0        162      84       91       55       87       17       
5        2130     178      81       237      162      0        233      139      177      75       155      
6        390      77       279      218      84       233      0        114      58       164      101      
7        1140     104      207      146      91       139      114      0        57       95       101      
8        580      61       230      185      55       177      58       57       0        112      72       
9        1390     103      118      229      87       75       164      95       112      0        79       
10       670      26       184      246      17       155      101      101      72       79       0        
;

