

sets
i        orders          /0*10/
k        routes          /1*10/
p        positions       /0*10/
;

alias(i,j)
alias(i,h)
alias(i,hh)
alias(i,jj)
alias(k,kk)
                            Parameters

rho(i)	Processing time
/
0	0
1	30
2	7
3	8
4	30
5	57
6	98
7	51
8	64
9	22
10	75
/

gamma(i)	Duedate
/
0	0
1	77
2	52
3	44
4	47
5	17
6	4
7	1
8	74
9	82
10	83
/

sigma(i)	Size
/
0	0
1	6
2	2
3	4
4	6
5	3
6	6
7	7
8	9
9	1
10	9
/

epsilon(i)	Priority
/
0	0
1	8
2	2
3	7
4	2
5	4
6	5
7	9
8	4
9	8
10	1
/

psi	Vehicle Capacity
/ 19 /
;

Table kappa(i,j)                 Setup
         0        1        2        3        4        5        6        7        8        9        10       
0        0        141      337      256      296      503      194      403      541      153      449      
1        141      0        208      234      282      388      54       291      415      125      413      
2        337      208      0        400      446      382      176      317      371      316      538      
3        256      234      400      0        47       325      232      238      386      115      192      
4        296      282      446      47       0        335      280      257      400      161      154      
5        503      388      382      325      335      0        339      99       72       362      297      
6        194      54       176      232      280      339      0        245      363      139      396      
7        403      291      317      238      257      99       245      0        149      263      262      
8        541      415      371      386      400      72       363      149      0        409      370      
9        153      125      316      115      161      362      139      263      409      0        305      
10       449      413      538      192      154      297      396      262      370      305      0        
;



Table delta(i,j)                 Distance
         0        1        2        3        4        5        6        7        8        9        10       
0        0        1410     1920     1080     1840     2000     2210     1080     2660     2370     410      
1        1410     0        300      204      292      327      361      97       404      367      101      
2        1920     300      0        266      8        266      153      211      267      283      214      
3        1080     204      266      0        259      131      228      211      220      171      133      
4        1840     292      8        259      0        261      152      204      265      279      206      
5        2000     327      266      131      261      0        154      308      94       40       238      
6        2210     361      153      228      152      154      0        299      119      154      260      
7        1080     97       211      211      204      308      299      0        367      344      78       
8        2660     404      267      220      265      94       119      367      0        63       307      
9        2370     367      283      171      279      40       154      344      63       0        276      
10       410      101      214      133      206      238      260      78       307      276      0        
;

