
sets
i        orders          /0*20/
k        routes          /1*20/
p        positions       /0*20/
;

alias(i,j)
alias(i,h)
alias(i,hh)
alias(i,jj)
alias(k,kk)
                
                    Parameters

rho(i)	Processing time
/
0	0
1	25
2	48
3	61
4	82
5	18
6	24
7	59
8	71
9	8
10	72
11	6
12	22
13	85
14	88
15	78
16	14
17	58
18	95
19	68
20	53
/

gamma(i)	Duedate
/
0	0
1	40
2	94
3	24
4	96
5	44
6	24
7	21
8	9
9	43
10	84
11	49
12	12
13	50
14	25
15	93
16	16
17	61
18	96
19	32
20	35
/

sigma(i)	Size
/
0	0
1	5
2	5
3	8
4	5
5	4
6	3
7	4
8	5
9	8
10	8
11	6
12	3
13	7
14	6
15	7
16	4
17	2
18	5
19	7
20	4
/

epsilon(i)	Priority
/
0	0
1	9
2	7
3	7
4	2
5	5
6	5
7	1
8	8
9	8
10	5
11	9
12	2
13	9
14	6
15	8
16	8
17	3
18	5
19	5
20	6
/

psi	Vehicle Capacity
/ 23 /
;

Table kappa(i,j)                 Setup
         0        1        2        3        4        5        6        7        8        9        10       11       12       13       14       15       16       17       18       19       20       
0        0        344      317      289      91       220      95       177      247      324      98       213      271      61       356      135      16       110      244      244      175      
1        344      0        211      358      286      284      285      348      393      241      315      295      280      388      96       379      360      249      161      210      174      
2        317      211      0        165      317      128      222      212      222      29       351      141      91       328      130      269      332      284      297      343      234      
3        289      358      165      0        336      90       205      117      74       142      364      87       78       268      292      178      300      317      390      425      305      
4        91       286      317      336      0        252      132      237      310      331      34       249      296      153      321      213      101      38       160      153      112      
5        220      284      128      90       252      0        127      84       109      120      282      13       51       214      233      143      233      230      301      335      215      
6        95       285      222      205      132      127      0        107      179      228      159      121      176      111      277      103      110      120      231      249      143      
7        177      348      212      117      237      84       107      0        73       203      261      70       130      151      310      63       185      227      329      354      240      
8        247      393      222      74       310      109      179      73       0        205      334      98       130      214      340      119      254      299      395      422      306      
9        324      241      29       142      331      120      228      203      205      0        365      133      76       330      158      264      338      300      322      367      256      
10       98       315      351      364      34       282      159      261      334      365      0        279      328      159      353      230      103      70       179      162      143      
11       213      295      141      87       249      13       121      70       98       133      279      0        62       204      246      130      225      229      306      338      219      
12       271      280      91       78       296      51       176      130      130      76       328      62       0        266      214      192      284      270      324      363      245      
13       61       388      328      268      153      214      111      151      214      330      159      204      266      0        388      94       56       169      302      305      227      
14       356      96       130      292      321      233      277      310      340      158      353      246      214      388      0        355      373      283      235      285      212      
15       135      379      269      178      213      143      103      63       119      264      230      130      192      94       355      0        139      213      333      349      246      
16       16       360      332      300      101      233      110      185      254      338      103      225      284      56       373      139      0        123      257      254      190      
17       110      249      284      317      38       230      120      227      299      300      70       229      270      169      283      213      123      0        134      137      75       
18       244      161      297      390      160      301      231      329      395      322      179      306      324      302      235      333      257      134      0        50       89       
19       244      210      343      425      153      335      249      354      422      367      162      338      363      305      285      349      254      137      50       0        119      
20       175      174      234      305      112      215      143      240      306      256      143      219      245      227      212      246      190      75       89       119      0        
;



Table delta(i,j)                 Distance
         0        1        2        3        4        5        6        7        8        9        10       11       12       13       14       15       16       17       18       19       20       
0        0        18510    19860    13170    17460    10860    7170     3000     15030    8040     16620    13320    3240     13800    17460    10020    15600    14850    15660    16620    14400    
1        18510    0        587      764      204      502      377      562      116      538      104      180      575      416      334      284      486      453      131      304      686      
2        19860    587      0        406      384      299      562      699      539      396      489      496      554      233      253      518      150      185      473      284      280      
3        13170    764      406      0        610      263      508      524      665      248      663      598      347      372      518      538      348      359      633      518      125      
4        17460    204      384      610      0        353      366      559      185      419      113      181      508      240      130      273      295      266      113      104      515      
5        10860    502      299      263      353      0        300      404      405      100      400      339      255      130      282      298      161      145      370      272      197      
6        7170     377      562      508      366      300      0        194      262      261      319      208      214      330      403      98       412      377      290      368      487      
7        3000     562      699      524      559      404      194      0        450      322      513      402      177      480      582      292      551      521      484      550      549      
8        15030    116      539      665      185      405      262      450      0        430      81       68       459      338      297      168      418      381      73       260      597      
9        8040     538      396      248      419      100      261      322      430      0        444      362      159      222      368      291      261      244      412      352      233      
10       16620    104      489      663      113      400      319      513      81       444      0        111      498      311      238      221      382      348      33       205      582      
11       13320    180      496      598      181      339      208      402      68       362      111      0        395      283      268      110      366      329      82       230      533      
12       3240     575      554      347      508      255      214      177      459      159      498      395      0        360      491      292      415      392      465      466      375      
13       13800    416      233      372      240      130      330      480      338      222      311      283      360      0        152      286      86       49       286      146      275      
14       17460    334      253      518      130      282      403      582      297      368      238      268      491      152      0        327      178      159      227      38       410      
15       10020    284      518      538      273      298      98       292      168      291      221      110      292      286      327      0        373      336      192      290      495      
16       15600    486      150      348      295      161      412      551      418      261      382      366      415      86       178      373      0        37       360      191      233      
17       14850    453      185      359      266      145      377      521      381      244      348      329      392      49       159      336      37       0        325      165      251      
18       15660    131      473      633      113      370      290      484      73       412      33       82       465      286      227      192      360      325      0        191      555      
19       16620    304      284      518      104      272      368      550      260      352      205      230      466      146      38       290      191      165      191      0        416      
20       14400    686      280      125      515      197      487      549      597      233      582      533      375      275      410      495      233      251      555      416      0        
;

