
sets
i        orders          /0*20/
k        routes          /1*20/
p        positions       /0*20/
;

alias(i,j)
alias(i,h)
alias(i,hh)
alias(i,jj)
alias(k,kk)
                
                    Parameters

rho(i)	Processing time
/
0	0
1	86
2	43
3	12
4	46
5	92
6	98
7	12
8	94
9	31
10	89
11	81
12	35
13	12
14	38
15	59
16	45
17	23
18	66
19	61
20	35
/

gamma(i)	Duedate
/
0	0
1	42
2	38
3	46
4	18
5	36
6	21
7	24
8	43
9	66
10	2
11	33
12	3
13	78
14	75
15	64
16	95
17	24
18	45
19	18
20	16
/

sigma(i)	Size
/
0	0
1	9
2	2
3	7
4	7
5	6
6	6
7	4
8	5
9	2
10	9
11	9
12	5
13	9
14	2
15	6
16	5
17	1
18	7
19	3
20	1
/

epsilon(i)	Priority
/
0	0
1	1
2	8
3	5
4	6
5	9
6	9
7	8
8	4
9	5
10	9
11	5
12	8
13	8
14	1
15	9
16	5
17	3
18	4
19	2
20	8
/

psi	Vehicle Capacity
/ 43 /
;

Table kappa(i,j)                 Setup
         0        1        2        3        4        5        6        7        8        9        10       11       12       13       14       15       16       17       18       19       20       
0        0        367      312      98       189      304      294      222      97       340      237      63       338      128      223      198      297      89       211      264      296      
1        367      0        394      463      297      312      323      192      463      159      201      307      125      492      155      178      94       330      244      199      90       
2        312      394      0        376      447      85       71       402      369      249      426      318      277      344      360      266      302      225      170      196      392      
3        98       463      376      0        244      385      372      304      9        437      315      155      436      67       315      296      396      173      303      359      388      
4        189      297      447      244      0        406      403      104      249      357      98       141      338      302      150      212      276      238      291      313      207      
5        304      312      85       385      406      0        17       345      379      163      368      293      193      366      298      205      223      215      114      118      320      
6        294      323      71       372      403      17       0        346      366      178      370      286      206      352      301      207      232      205      113      126      326      
7        222      192      402      304      104      345      346      0        307      266      23       159      242      350      52       139      178      232      233      236      102      
8        97       463      369      9        249      379      366      307      0        434      318      156      433      59       316      295      394      168      299      356      389      
9        340      159      249      437      357      163      178      266      434      0        286      298      34       444      213      154      92       270      143      82       198      
10       237      201      426      315      98       368      370      23       318      286      0        174      261      364      73       163      197      252      257      259      111      
11       63       307      318      155      141      293      286      159      156      298      174      0        291      192      160      148      244      99       186      230      233      
12       338      125      277      436      338      193      206      242      433      34       261      291      0        448      190      143      64       274      155      95       168      
13       128      492      344      67       302      366      352      350      59       444      364      192      448      0        352      317      416      173      302      363      424      
14       223      155      360      315      150      298      301      52       316      213      73       160      190      352      0        93       127      212      190      186      73       
15       198      178      266      296      212      205      207      139      295      154      163      148      143      317      93       0        99       151      96       101      136      
16       297      94       302      396      276      223      232      178      394      92       197      244      64       416      127      99       0        247      150      106      107      
17       89       330      225      173      238      215      205      232      168      270      252      99       274      173      212      151      247      0        130      189      277      
18       211      244      170      303      291      114      113      233      299      143      257      186      155      302      190      96       150      130      0        61       225      
19       264      199      196      359      313      118      126      236      356      82       259      230      95       363      186      101      106      189      61       0        201      
20       296      90       392      388      207      320      326      102      389      198      111      233      168      424      73       136      107      277      225      201      0        
;



Table delta(i,j)                 Distance
         0        1        2        3        4        5        6        7        8        9        10       11       12       13       14       15       16       17       18       19       20       
0        0        17220    17310    5760     9150     14640    8580     1860     7800     8220     14370    6270     12360    16500    11910    12150    13200    6690     7290     10920    5070     
1        17220    0        2        394      330      648      602      548      314      474      187      443      534      733      242      195      563      590      554      212      419      
2        17310    2        0        397      332      649      603      550      316      476      188      445      536      734      244      198      564      592      556      214      422      
3        5760     394      397      0        212      531      368      155      98       283      339      200      425      609      205      214      459      320      311      182      25       
4        9150     330      332      212      0        365      273      310      131      147      183      119      248      451      289      249      282      261      224      184      225      
5        14640    648      649      531      365      0        206      536      485      247      462      330      118      86       654      614      86       269      245      549      531      
6        8580     602      603      368      273      206      0        338      353      127      435      179      166      263      533      507      181      63       57       444      361      
7        1860     548      550      155      310      536      338      0        239      308      472      233      451      601      354      368      481      277      291      336      130      
8        7800     314      316      98       131      485      353      239      0        244      241      173      371      568      179      160      405      319      296      107      119      
9        8220     474      476      283      147      247      127      308      244      0        310      83       146      327      420      389      178      129      85       324      283      
10       14370    187      188      339      183      462      435      472      241      310      0        302      350      547      292      234      377      436      395      193      360      
11       6270     443      445      200      119      330      179      233      173      83       302      0        228      408      353      329      261      150      123      267      200      
12       12360    534      536      425      248      118      166      451      371      146      350      228      0        204      537      496      34       215      177      431      427      
13       16500    733      734      609      451      86       263      601      568      327      547      408      204      0        739      699      172      326      310      634      607      
14       11910    242      244      205      289      654      533      354      179      420      292      353      537      739      0        59       571      498      476      111      227      
15       12150    195      198      214      249      614      507      368      160      389      234      329      496      699      59       0        529      478      452      65       238      
16       13200    563      564      459      282      86       181      481      405      178      377      261      34       172      571      529      0        236      200      464      461      
17       6690     590      592      320      261      269      63       277      319      129      436      150      215      326      498      478      236      0        45       417      310      
18       7290     554      556      311      224      245      57       291      296      85       395      123      177      310      476      452      200      45       0        389      304      
19       10920    212      214      182      184      549      444      336      107      324      193      267      431      634      111      65       464      417      389      0        207      
20       5070     419      422      25       225      531      361      130      119      283      360      200      427      607      227      238      461      310      304      207      0        
;

