
sets
i        orders          /0*10/
k        routes          /1*10/
p        positions       /0*10/
;

alias(i,j)
alias(i,h)
alias(i,hh)
alias(i,jj)
alias(k,kk)
                
                    Parameters

rho(i)	Processing time
/
0	0
1	51
2	42
3	37
4	10
5	43
6	16
7	14
8	64
9	36
10	37
/

gamma(i)	Duedate
/
0	0
1	90
2	79
3	22
4	60
5	6
6	62
7	35
8	16
9	17
10	50
/

sigma(i)	Size
/
0	0
1	7
2	6
3	4
4	5
5	2
6	4
7	2
8	9
9	8
10	2
/

epsilon(i)	Priority
/
0	0
1	7
2	6
3	1
4	6
5	3
6	7
7	1
8	4
9	5
10	8
/

psi	Vehicle Capacity
/ 23 /
;

Table kappa(i,j)                 Setup
         0        1        2        3        4        5        6        7        8        9        10       
0        0        104      175      69       86       218      181      148      233      305      321      
1        104      0        123      51       188      146      95       199      143      215      239      
2        175      123      0        163      257      51       63       161      91       149      154      
3        69       51       163      0        143      194      145      198      194      266      289      
4        86       188      257      143      0        303      268      182      319      391      407      
5        218      146      51       194      303      0        56       211      49       98       104      
6        181      95       63       145      268      56       0        213      51       123      144      
7        148      199      161      198      182      211      213      0        252      309      308      
8        233      143      91       194      319      49       51       252      0        72       96       
9        305      215      149      266      391      98       123      309      72       0        37       
10       321      239      154      289      407      104      144      308      96       37       0        
;



Table delta(i,j)                 Distance
         0        1        2        3        4        5        6        7        8        9        10       
0        0        2370     780      960      7200     6060     7920     7110     6930     1530     3030     
1        2370     0        103      109      199      152      306      224      164      51       174      
2        780      103      0        25       248      214      245      236      249      76       75       
3        960      109      25       0        270      233      267      261      264      71       86       
4        7200     199      248      270      0        50       271      85       100      246      278      
5        6060     152      214      233      50       0        282      114      67       201      254      
6        7920     306      245      267      271      282      0        190      349      311      192      
7        7110     224      236      261      85       114      190      0        179      259      241      
8        6930     164      249      264      100      67       349      179      0        215      301      
9        1530     51       76       71       246      201      311      259      215      0        152      
10       3030     174      75       86       278      254      192      241      301      152      0        
;

