

sets
i        orders          /0*20/
k        routes          /1*20/
p        positions       /0*20/
;

alias(i,j)
alias(i,h)
alias(i,hh)
alias(i,jj)
alias(k,kk)
                            Parameters

rho(i)	Processing time
/
0	0
1	4
2	29
3	90
4	64
5	27
6	53
7	28
8	31
9	10
10	66
11	72
12	9
13	3
14	72
15	57
16	94
17	49
18	28
19	24
20	27
/

gamma(i)	Duedate
/
0	0
1	39
2	79
3	7
4	26
5	88
6	99
7	23
8	97
9	37
10	7
11	60
12	41
13	12
14	83
15	9
16	47
17	13
18	11
19	38
20	98
/

sigma(i)	Size
/
0	0
1	7
2	1
3	3
4	3
5	9
6	9
7	2
8	7
9	4
10	4
11	3
12	4
13	4
14	8
15	8
16	2
17	8
18	4
19	2
20	3
/

epsilon(i)	Priority
/
0	0
1	7
2	4
3	6
4	9
5	1
6	3
7	1
8	7
9	2
10	7
11	3
12	4
13	7
14	2
15	9
16	2
17	2
18	1
19	9
20	9
/

psi	Vehicle Capacity
/ 103 /
;

Table kappa(i,j)                 Setup
         0        1        2        3        4        5        6        7        8        9        10       11       12       13       14       15       16       17       18       19       20       
0        0        1650     1584     1390     419      417      1147     1175     416      359      598      1552     1497     1518     595      701      1210     1696     117      1348     600      
1        1650     0        843      261      1689     1403     1034     1005     1325     1304     1124     969      414      778      1327     1193     451      299      1635     1756     1471     
2        1584     843      0        778      1407     1192     1578     1565     1169     1242     992      1690     439      87       1033     899      729      1135     1512     1045     1122     
3        1390     261      778      0        1433     1146     878      855      1066     1043     866      916      352      698      1078     948      194      422      1374     1574     1225     
4        419      1689     1407     1433     0        289      1436     1457     380      471      567      1815     1439     1358     385      529      1239     1804     303      955      287      
5        417      1403     1192     1146     289      0        1193     1210     99       231      279      1555     1172     1133     177      294      952      1515     325      978      223      
6        1147     1034     1578     878      1436     1193     0        37       1094     970      1008     412      1209     1491     1257     1209     853      873      1208     2038     1390     
7        1175     1005     1565     855      1457     1210     37       0        1111     990      1019     379      1190     1478     1270     1218     838      838      1234     2044     1405     
8        416      1325     1169     1066     380      99       1094     1111     0        144      205      1455     1114     1105     216      289      874      1426     346      1046     307      
9        359      1304     1242     1043     471      231      970      990      144      0        249      1344     1137     1172     358      405      858      1375     331      1190     450      
10       598      1124     992      866      567      279      1008     1019     205      249      0        1336     910      923      257      209      673      1239     545      1045     403      
11       1552     969      1690     916      1815     1555     412      379      1455     1344     1336     0        1268     1607     1593     1521     978      714      1606     2319     1735     
12       1497     414      439      352      1439     1172     1209     1190     1114     1137     910      1268     0        367      1056     913      371      697      1454     1360     1185     
13       1518     778      87       698      1358     1133     1491     1478     1105     1172     923      1607     367      0        979      841      642      1065     1450     1059     1077     
14       595      1327     1033     1078     385      177      1257     1270     216      358      257      1593     1056     979      0        144      884      1470     500      833      150      
15       701      1193     899      948      529      294      1209     1218     289      405      209      1521     913      841      144      0        755      1349     618      836      278      
16       1210     451      729      194      1239     952      853      838      874      858      673      978      371      642      884      755      0        600      1188     1415     1031     
17       1696     299      1135     422      1804     1515     873      838      1426     1375     1239     714      697      1065     1470     1349     600      0        1701     1996     1620     
18       117      1635     1512     1374     303      325      1208     1234     346      331      545      1606     1454     1450     500      618      1188     1701     0        1233     490      
19       1348     1756     1045     1574     955      978      2038     2044     1046     1190     1045     2319     1360     1059     833      836      1415     1996     1233     0        759      
20       600      1471     1122     1225     287      223      1390     1405     307      450      403      1735     1185     1077     150      278      1031     1620     490      759      0        
;



Table delta(i,j)                 Distance
         0        1        2        3        4        5        6        7        8        9        10       11       12       13       14       15       16       17       18       19       20       
0        0        2430     7830     6300     6000     5370     2040     5220     7470     4560     6210     6630     5460     5160     6630     5940     7800     4260     4080     5040     1860     
1        2430     0        198      130      120      125      24       136      192      75       126      184      133      124      154      161      201      109      56       150      53       
2        7830     198      0        128      121      83       196      104      25       130      134      91       84       94       46       97       12       131      181      141      199      
3        6300     130      128      0        13       116      144      151      139      64       6        178      129      130      88       166      138      150      82       190      165      
4        6000     120      121      13       0        103      133      138      130      52       16       166      116      116      78       153      130      136      77       176      153      
5        5370     125      83       116      103      0        117      35       70       76       119      67       13       15       55       50       82       49       127      77       116      
6        2040     24       196      144      133      117      0        122      186      83       141      170      123      114      154      147      197      92       78       131      28       
7        5220     136      104      151      138      35       122      0        84       104      154      48       25       21       87       25       99       32       151      41       113      
8        7470     192      25       139      130      70       186      84       0        129      145      66       67       78       51       73       15       113      182      119      186      
9        4560     75       130      64       52       76       83       104      129      0        63       144      88       85       84       125      135      94       53       137      101      
10       6210     126      134      6        16       119      141      154      145      63       0        182      132      132      93       169      144      152      77       192      163      
11       6630     184      91       178      166      67       170      48       66       144      182      0        55       61       97       23       80       79       194      62       160      
12       5460     133      84       129      116      13       123      25       67       88       132      55       0        10       62       37       80       46       139      66       120      
13       5160     124      94       130      116      15       114      21       78       85       132      61       10       0        70       40       91       36       134      61       109      
14       6630     154      46       88       78       55       154      87       51       84       93       97       62       70       0        91       53       104      135      129      161      
15       5940     161      97       166      153      50       147      25       73       125      169      23       37       40       91       0        88       56       174      45       137      
16       7800     201      12       138      130      82       197      99       15       135      144      80       80       91       53       88       0        127      187      134      198      
17       4260     109      131      150      136      49       92       32       113      94       152      79       46       36       104      56       127      0        133      44       81       
18       4080     56       181      82       77       127      78       151      182      53       77       194      139      134      135      174      187      133      0        178      105      
19       5040     150      141      190      176      77       131      41       119      137      192      62       66       61       129      45       134      44       178      0        113      
20       1860     53       199      165      153      116      28       113      186      101      163      160      120      109      161      137      198      81       105      113      0        
;

