

sets
i        orders          /0*40/
k        routes          /1*40/
p        positions       /0*40/
;

alias(i,j)
alias(i,h)
alias(i,hh)
alias(i,jj)
alias(k,kk)
                            Parameters

rho(i)	Processing time
/
0	0
1	68
2	20
3	39
4	92
5	1
6	7
7	91
8	72
9	93
10	42
11	29
12	2
13	97
14	54
15	25
16	37
17	71
18	36
19	61
20	2
21	61
22	90
23	75
24	9
25	67
26	32
27	76
28	38
29	7
30	10
31	38
32	62
33	56
34	95
35	53
36	28
37	47
38	35
39	54
40	80
/

gamma(i)	Duedate
/
0	0
1	63
2	13
3	18
4	58
5	75
6	57
7	26
8	87
9	64
10	82
11	74
12	74
13	7
14	27
15	34
16	93
17	59
18	51
19	28
20	46
21	9
22	15
23	50
24	69
25	12
26	34
27	55
28	48
29	42
30	47
31	35
32	50
33	51
34	17
35	99
36	56
37	50
38	12
39	58
40	67
/

sigma(i)	Size
/
0	0
1	6
2	9
3	9
4	7
5	4
6	8
7	5
8	9
9	7
10	5
11	4
12	3
13	2
14	9
15	6
16	5
17	1
18	1
19	4
20	7
21	5
22	5
23	6
24	7
25	7
26	5
27	7
28	5
29	4
30	3
31	4
32	5
33	5
34	3
35	7
36	3
37	6
38	1
39	7
40	7
/

epsilon(i)	Priority
/
0	0
1	9
2	7
3	6
4	8
5	8
6	4
7	7
8	4
9	5
10	3
11	8
12	9
13	1
14	2
15	7
16	3
17	5
18	5
19	9
20	9
21	7
22	3
23	4
24	7
25	1
26	9
27	1
28	5
29	7
30	5
31	4
32	2
33	8
34	4
35	6
36	9
37	4
38	4
39	9
40	4
/

psi	Vehicle Capacity
/ 24 /
;

Table kappa(i,j)                 Setup
         0        1        2        3        4        5        6        7        8        9        10       11       12       13       14       15       16       17       18       19       20       21       22       23       24       25       26       27       28       29       30       31       32       33       34       35       36       37       38       39       40       
0        0        1256     1653     1521     1235     1331     132      1794     1157     1382     86       1137     1416     1115     1321     470      1815     477      1459     2066     1517     1415     1385     2208     1544     814      2054     1173     1513     823      1778     1075     160      381      755      114      1292     1287     824      1365     1423     
1        1256     0        1359     602      436      554      1136     792      1665     525      1334     662      162      642      773      981      605      1033     956      1441     1300     164      383      1350     1633     1471     1112     1169     636      558      574      199      1341     985      717      1370     345      64       1340     1476     1714     
2        1653     1359     0        1961     1766     1898     1631     938      939      1880     1672     734      1370     761      586      1785     1330     1176     407      528      140      1360     1743     871      482      1081     912      488      811      1626     1301     1256     1593     1709     1747     1717     1697     1421     955      481      718      
3        1521     602      1961     0        291      196      1388     1292     2200     138      1607     1258     615      1236     1375     1100     946      1468     1556     2006     1902     625      219      1852     2225     1960     1599     1752     1208     699      937      740      1649     1158     780      1629     287      539      1848     2061     2286     
4        1235     436      1766     291      0        136      1103     1216     1928     155      1321     1040     524      1016     1182     832      948      1180     1372     1877     1693     533      180      1778     1989     1677     1535     1510     1073     411      927      511      1361     881      511      1345     117      389      1570     1819     2032     
5        1331     554      1898     196      136      0        1198     1314     2061     73       1417     1174     619      1150     1312     905      1015     1305     1501     1994     1827     628      215      1878     2126     1805     1631     1647     1189     514      999      645      1463     965      585      1438     210      501      1702     1955     2168     
6        132      1136     1631     1388     1103     1198     0        1706     1212     1250     218      1069     1297     1045     1259     349      1706     464      1408     2020     1498     1297     1254     2140     1561     873      1976     1162     1429     691      1669     961      278      254      623      243      1160     1165     861      1378     1460     
7        1794     792      938      1292     1216     1314     1706     0        1669     1266     1853     696      695      709      578      1670     426      1399     606      754      966      685      1107     563      1380     1633     319      1071     286      1308     408      842      1819     1641     1468     1897     1108     828      1480     1296     1566     
8        1157     1665     939      2200     1928     2061     1212     1669     0        2078     1128     1068     1763     1075     1103     1513     1946     814      1075     1467     818      1756     1994     1787     546      343      1768     598      1423     1606     1907     1480     1025     1413     1650     1161     1914     1726     373      459      319      
9        1382     525      1880     138      155      73       1250     1266     2078     0        1468     1164     573      1140     1293     965      954      1335     1479     1958     1814     583      158      1830     2123     1830     1581     1646     1154     560      940      637      1511     1021     644      1491     183      468      1722     1955     2174     
10       86       1334     1672     1607     1321     1417     218      1853     1128     1468     0        1187     1493     1166     1367     552      1888     503      1497     2099     1535     1493     1470     2255     1538     785      2107     1188     1570     909      1849     1151     103      465      840      45       1376     1367     811      1363     1404     
11       1137     662      734      1258     1040     1174     1069     696      1068     1164     1187     0        720      28       196      1125     885      709      376      980      653      712      1039     1072     971      962      922      516      410      899      845      529      1141     1068     1031     1232     981      727      811      818      1066     
12       1416     162      1370     615      524      619      1297     695      1763     573      1493     720      0        705      794      1142     451      1173     962      1391     1327     10       416      1258     1685     1590     1012     1237     593      713      423      346      1497     1148     871      1529     414      157      1454     1538     1786     
13       1115     642      761      1236     1016     1150     1045     709      1075     1140     1166     28       705      0        223      1098     884      692      405      1008     678      697      1017     1095     991      959      942      531      423      871      845      504      1122     1041     1003     1211     958      707      809      835      1080     
14       1321     773      586      1375     1182     1312     1259     578      1103     1293     1367     196      794      223      0        1321     853      877      193      785      533      784      1157     887      904      1056     758      510      320      1081     817      676      1315     1264     1219     1412     1110     835      903      778      1043     
15       470      981      1785     1100     832      905      349      1670     1513     965      552      1125     1142     1098     1321     0        1583     710      1496     2106     1664     1144     1001     2163     1797     1185     1968     1354     1417     444      1550     846      626      101      321      561      911      992      1146     1611     1732     
16       1815     605      1330     946      948      1015     1706     426      1946     954      1888     885      451      884      853      1583     0        1504     954      1178     1334     446      800      938      1739     1843     684      1362     541      1163     40       748      1877     1581     1322     1927     831      609      1694     1628     1895     
17       477      1033     1176     1468     1180     1305     464      1399     814      1335     503      709      1173     692      877      710      1504     0        996      1596     1041     1170     1283     1762     1101     510      1630     699      1112     814      1464     834      440      612      840      549      1194     1083     441      917      1022     
18       1459     956      407      1556     1372     1501     1408     606      1075     1479     1497     376      962      405      193      1496     954      996      0        614      382      952      1339     780      786      1089     703      482      416      1272     921      867      1436     1434     1407     1543     1297     1017     939      690      960      
19       2066     1441     528      2006     1877     1994     2020     754      1467     1958     2099     980      1391     1008     785      2106     1178     1596     614      0        654      1381     1804     399      987      1590     555      970      805      1850     1162     1408     2032     2046     1995     2145     1784     1493     1454     1009     1236     
20       1517     1300     140      1902     1693     1827     1498     966      818      1814     1535     653      1327     678      533      1664     1334     1041     382      654      0        1317     1683     972      415      943      984      348      799      1527     1302     1181     1454     1585     1642     1579     1631     1364     815      369      625      
21       1415     164      1360     625      533      628      1297     685      1756     583      1493     712      10       697      784      1144     446      1170     952      1381     1317     0        425      1249     1676     1585     1003     1228     583      717      418      344      1495     1150     875      1529     423      162      1448     1529     1778     
22       1385     383      1743     219      180      215      1254     1107     1994     158      1470     1039     416      1017     1157     1001     800      1283     1339     1804     1683     425      0        1671     2006     1764     1422     1535     1001     567      784      523      1502     1044     683      1497     93       322      1647     1843     2071     
23       2208     1350     871      1852     1778     1878     2140     563      1787     1830     2255     1072     1258     1095     887      2163     938      1762     780      399      972      1249     1671     0        1350     1857     255      1233     752      1840     934      1374     2202     2120     1996     2300     1672     1389     1710     1342     1589     
24       1544     1633     482      2225     1989     2126     1561     1380     546      2123     1538     971      1685     991      904      1797     1739     1101     786      987      415      1676     2006     1350     0        804      1391     481      1198     1756     1705     1486     1443     1706     1845     1578     1943     1698     731      186      255      
25       814      1471     1081     1960     1677     1805     873      1633     343      1830     785      962      1590     959      1056     1185     1843     510      1089     1590     943      1585     1764     1857     804      0        1790     626      1361     1323     1803     1275     682      1083     1348     818      1678     1528     153      656      630      
26       2054     1112     912      1599     1535     1631     1976     319      1768     1581     2107     922      1012     942      758      1968     684      1630     703      555      984      1003     1422     255      1391     1790     0        1183     552      1621     679      1154     2063     1932     1780     2152     1426     1148     1639     1347     1610     
27       1173     1169     488      1752     1510     1647     1162     1071     598      1646     1188     516      1237     531      510      1354     1362     699      482      970      348      1228     1535     1233     481      626      1183     0        830      1278     1325     1012     1106     1269     1373     1232     1468     1234     485      309      549      
28       1513     636      811      1208     1073     1189     1429     286      1423     1154     1570     410      593      423      320      1417     541      1112     416      805      799      583      1001     752      1198     1361     552      830      0        1088     506      625      1534     1380     1244     1614     979      688      1208     1087     1355     
29       823      558      1626     699      411      514      691      1308     1606     560      909      899      713      871      1081     444      1163     814      1272     1850     1527     717      567      1840     1756     1323     1621     1278     1088     0        1132     467      950      477      161      934      475      558      1235     1575     1755     
30       1778     574      1301     937      927      999      1669     408      1907     940      1849     845      423      845      817      1550     40       1464     921      1162     1302     418      784      934      1705     1803     679      1325     506      1132     0        712      1838     1546     1292     1889     811      580      1654     1592     1859     
31       1075     199      1256     740      511      645      961      842      1480     637      1151     529      346      504      676      846      748      834      867      1408     1181     344      523      1374     1486     1275     1154     1012     625      467      712      0        1152     835      626      1188     457      252      1147     1321     1547     
32       160      1341     1593     1649     1361     1463     278      1819     1025     1511     103      1141     1497     1122     1315     626      1877     440      1436     2032     1454     1495     1502     2202     1443     682      2063     1106     1534     950      1838     1152     0        532      897      137      1408     1378     713      1270     1304     
33       381      985      1709     1158     881      965      254      1641     1413     1021     465      1068     1148     1041     1264     101      1581     612      1434     2046     1585     1150     1044     2120     1706     1083     1932     1269     1380     477      1546     835      532      0        380      479      952      1003     1046     1520     1635     
34       755      717      1747     780      511      585      623      1468     1650     644      840      1031     871      1003     1219     321      1322     840      1407     1995     1642     875      683      1996     1845     1348     1780     1373     1244     161      1292     626      897      380      0        858      596      715      1276     1661     1824     
35       114      1370     1717     1629     1345     1438     243      1897     1161     1491     45       1232     1529     1211     1412     561      1927     549      1543     2145     1579     1529     1497     2300     1578     818      2152     1232     1614     934      1889     1188     137      479      858      0        1404     1401     850      1405     1441     
36       1292     345      1697     287      117      210      1160     1108     1914     183      1376     981      414      958      1110     911      831      1194     1297     1784     1631     423      93       1672     1943     1678     1426     1468     979      475      811      457      1408     952      596      1404     0        291      1564     1777     2000     
37       1287     64       1421     539      389      501      1165     828      1726     468      1367     727      157      707      835      992      609      1083     1017     1493     1364     162      322      1389     1698     1528     1148     1234     688      558      580      252      1378     1003     715      1401     291      0        1399     1541     1778     
38       824      1340     955      1848     1570     1702     861      1480     373      1722     811      811      1454     809      903      1146     1694     441      939      1454     815      1448     1647     1710     731      153      1639     485      1208     1235     1654     1147     713      1046     1276     850      1564     1399     0        564      600      
39       1365     1476     481      2061     1819     1955     1378     1296     459      1955     1363     818      1538     835      778      1611     1628     917      690      1009     369      1529     1843     1342     186      656      1347     309      1087     1575     1592     1321     1270     1520     1661     1405     1777     1541     564      0        270      
40       1423     1714     718      2286     2032     2168     1460     1566     319      2174     1404     1066     1786     1080     1043     1732     1895     1022     960      1236     625      1778     2071     1589     255      630      1610     549      1355     1755     1859     1547     1304     1635     1824     1441     2000     1778     600      270      0        
;



Table delta(i,j)                 Distance
         0        1        2        3        4        5        6        7        8        9        10       11       12       13       14       15       16       17       18       19       20       21       22       23       24       25       26       27       28       29       30       31       32       33       34       35       36       37       38       39       40       
0        0        750      850      290      1470     1010     890      1370     460      720      1010     1420     510      880      280      560      1210     670      870      750      1580     420      1130     500      920      910      1610     570      560      1040     1260     860      1360     850      520      1210     860      570      690      1390     1080     
1        750      0        156      103      71       128      78       66       115      112      86       128      27       69       61       123      88       109      111      17       85       115      183      92       66       155      86       78       32       30       70       151      61       79       77       46       25       42       63       78       177      
2        850      156      0        55       226      97       168      210      75       126      140      167      129      169      111      33       168      123      149      159      232      42       28       114      174      28       236      131      141      182      189      21       216      163      93       203      159      142      150      204      26       
3        290      103      55       0        175      94       114      162      38       82       111      148      77       114      55       30       136      78       102      104      184      13       84       65       119      66       187      79       85       131      147      59       164      109      59       150      111      86       95       161      80       
4        1470     71       226      175      0        179      124      31       186      175      121      150      97       114      132      193      106      172      168      76       25       186      252      158      107      222      21       141      98       43       68       219      11       128      139      28       67       105      119      59       245      
5        1010     128      97       94       179      0        182      153      132      172      61       71       105      179      124      76       87       168      188      141      175      91       108      151      180      74       181      156      135      140      121      78       172      180      54       165      115      143      162      136      99       
6        890      78       168      114      124      182      0        134      98       61       157      202      84       10       61       143      165      60       46       61       146      126      196      56       17       179      144      37       51       99       148      173      113      5        128      96       103      41       20       153      193      
7        1370     66       210      162      31       153      134      0        180      178      93       119      86       124      127      176      75       175      174      77       22       172      234      158      119      203      28       144      98       37       37       201      32       137      118      42       51       107      125      28       227      
8        460      115      75       38       186      132      98       180      0        51       145      184      94       102      55       63       167      48       74       111      200      44       102      42       109      94       202      61       89       145      172      87       175      93       93       159      130      85       84       185      101      
9        720      112      126      82       175      172      61       178      51       0        169      212      102      69       57       111      185      4        23       101      194      92       153      23       76       145      194      34       80       141      180      137      164      55       124      146      134      71       56       190      152      
10       1010     86       140      111      121      61       157      93       145      169      0        44       73       151      112      110      27       165      178      102      114      116      159      145      149      124      121      143      106      88       59       125      116      157      52       113      65       116      139      74       150      
11       1420     128      167      148      150      71       202      119      184      212      44       0        118      195      156      140      44       208      222      145      136      150      179      189      193      145      144      187      150      124      82       148      147      201      90       148      105      161      183      92       170      
12       510      27       129      77       97       105      84       86       94       102      73       118      0        77       45       96       84       98       107      36       107      88       156      79       77       128      110      72       32       53       79       124      87       83       52       73       35       42       65       91       150      
13       880      69       169      114      114      179      10       124      102      69       151      195      77       0        60       144      157      68       55       52       136      127      198      61       7        180      134      41       45       89       138      173      103      14       124      86       95       36       19       144      195      
14       280      61       111      55       132      124      61       127      55       57       112      156      45       60       0        83       128      53       66       56       146      68       139      34       64       119      148      32       34       91       124      113      120      57       72       104      80       32       41       136      135      
15       560      123      33       30       193      76       143      176      63       111      110      140      96       144      83       0        137      107      132      128      199      19       59       95       148      36       203      109      111      149      156      30       183      139      61       170      126      113      124      171      53       
16       1210     88       168      136      106      87       165      75       167      185      27       44       84       157      128      137      0        181      192      105      94       141      187      162      155      152      101      156      115      80       38       153      103      165      77       103      63       125      148      51       178      
17       670      109      123      78       172      168      60       175      48       4        165      208      98       68       53       107      181      0        26       98       191      88       150      19       75       141      191      31       77       138      176      134      161      55       120      144      130      68       54       186      149      
18       870      111      149      102      168      188      46       174      74       23       178      222      107      55       66       132      192      26       0        97       189      113      176      38       63       167      188      35       79       138      181      159      157      41       137      140      135      69       49       190      175      
19       750      17       159      104      76       141      61       77       111      101      102      145      36       52       56       128      105      98       97       0        93       117      187      82       49       161      93       67       22       40       86       157      64       63       88       48       42       30       48       93       182      
20       1580     85       232      184      25       175      146      22       200      194      114      136      107      136      146      199      94       191      189      93       0        194      257      175      130      225      8        160      115      55       55       223      34       150      141      50       73       123      140      43       250      
21       420      115      42       13       186      91       126      172      44       92       116      150      88       127      68       19       141      88       113      117      194      0        71       76       132      54       198      91       98       142      155      47       175      122      64       161      121      99       108      170      67       
22       1130     183      28       84       252      108      196      234      102      153      159      179      156      198      139      59       187      150      176      187      257      71       0        142      203      34       262      160      170      208      211      34       242      191      116      230      185      171      178      226      9        
23       500      92       114      65       158      151      56       158      42       23       145      189      79       61       34       95       162      19       38       82       175      76       142      0        68       130      176      20       60       121      158      123      146      51       101      130      112      52       44       168      140      
24       920      66       174      119      107      180      17       119      109      76       149      193      77       7        64       148      155      75       63       49       130      132      203      68       0        184      128      48       45       85       134      178      96       21       125      80       91       37       25       139      199      
25       910      155      28       66       222      74       179      203      94       145      124      145      128      180      119      36       152      141      167      161      225      54       34       130      184      0        230      145      146      178      177      8        213      175      84       201      154      149      160      193      26       
26       1610     86       236      187      21       181      144      28       202      194      121      144      110      134      148      203      101      191      188      93       8        198      262      176      128      230      0        160      115      56       63       228      31       148      146      48       77       123      139      51       254      
27       570      78       131      79       141      156      37       144      61       34       143      187      72       41       32       109      156      31       35       67       160      91       160      20       48       145      160      0        46       107      148      138      130      31       104      112      101      37       24       157      157      
28       560      32       141      85       98       135      51       98       89       80       106      150      32       45       34       111      115      77       79       22       115      98       170      60       45       146      115      46       0        61       102      141      87       50       80       70       56       10       33       110      165      
29       1040     30       182      131      43       140      99       37       145      141      88       124      53       89       91       149      80       138      138      40       55       142      208      121      85       178      56       107      61       0        51       175      34       101      96       25       25       70       88       54       201      
30       1260     70       189      147      68       121      148      37       172      180      59       82       79       138      124      156      38       176      181      86       55       155      211      158      134      177      63       148      102      51       0        177      66       149      95       70       46       112      134      15       203      
31       860      151      21       59       219      78       173      201      87       137      125      148      124      173      113      30       153      134      159      157      223      47       34       123      178      8        228      138      141      175      177      0        210      168      82       198      152      143      154      192      26       
32       1360     61       216      164      11       172      113      32       175      164      116      147      87       103      120      183      103      161      157      64       34       175      242      146      96       213      31       130      87       34       66       210      0        117      130      17       59       94       108      60       236      
33       850      79       163      109      128      180      5        137      93       55       157      201      83       14       57       139      165      55       41       63       150      122      191      51       21       175      148      31       50       101      149      168      117      0        126      100      104      40       18       155      188      
34       520      77       93       59       139      54       128      118      93       124      52       90       52       124      72       61       77       120      137      88       141      64       116      101      125      84       146      104      80       96       95       82       130      126      0        120      71       88       107      110      108      
35       1210     46       203      150      28       165      96       42       159      146      113      148      73       86       104      170      103      144      140      48       50       161      230      130      80       201      48       112      70       25       70       198      17       100      120      0        50       77       91       68       223      
36       860      25       159      111      67       115      103      51       130      134      65       105      35       95       80       126      63       130      135      42       73       121      185      112      91       154      77       101      56       25       46       152      59       104      71       50       0        66       88       56       178      
37       570      42       142      86       105      143      41       107      85       71       116      161      42       36       32       113      125      68       69       30       123      99       171      52       37       149      123      37       10       70       112      143      94       40       88       77       66       0        22       121      166      
38       690      63       150      95       119      162      20       125      84       56       139      183      65       19       41       124      148      54       49       48       140      108      178      44       25       160      139      24       33       88       134      154      108      18       107      91       88       22       0        141      175      
39       1390     78       204      161      59       136      153      28       185      190      74       92       91       144      136      171      51       186      190      93       43       170      226      168      139      193      51       157      110      54       15       192      60       155      110      68       56       121      141      0        218      
40       1080     177      26       80       245      99       193      227      101      152      150      170      150      195      135      53       178      149      175      182      250      67       9        140      199      26       254      157      165      201      203      26       236      188      108      223      178      166      175      218      0        
;

