
sets
i        orders          /0*20/
k        routes          /1*20/
p        positions       /0*20/
;

alias(i,j)
alias(i,h)
alias(i,hh)
alias(i,jj)
alias(k,kk)
                
                    Parameters

rho(i)	Processing time
/
0	0
1	67
2	2
3	37
4	66
5	24
6	69
7	14
8	96
9	35
10	83
11	42
12	36
13	48
14	68
15	36
16	10
17	25
18	39
19	47
20	91
/

gamma(i)	Duedate
/
0	0
1	99
2	38
3	68
4	61
5	98
6	45
7	19
8	4
9	81
10	45
11	45
12	73
13	23
14	27
15	78
16	24
17	24
18	17
19	80
20	93
/

sigma(i)	Size
/
0	0
1	7
2	3
3	1
4	3
5	1
6	9
7	2
8	5
9	7
10	1
11	7
12	6
13	8
14	5
15	3
16	6
17	2
18	1
19	3
20	2
/

epsilon(i)	Priority
/
0	0
1	9
2	9
3	9
4	2
5	8
6	2
7	6
8	5
9	1
10	4
11	2
12	2
13	2
14	3
15	3
16	4
17	2
18	8
19	1
20	8
/

psi	Vehicle Capacity
/ 16 /
;

Table kappa(i,j)                 Setup
         0        1        2        3        4        5        6        7        8        9        10       11       12       13       14       15       16       17       18       19       20       
0        0        26       92       92       55       41       43       104      99       83       118      51       132      45       132      46       79       104      84       78       71       
1        26       0        67       66       76       48       65       98       125      57       93       61       157      64       142      48       89       82       59       52       60       
2        92       67       0        31       142      92       131      126      192      27       57       106      217      119      193      85       144      69       39       37       89       
3        92       66       31       0        133      105      122      98       189      10       30       120      223      128      171      100      126      38       11       15       65       
4        55       76       142      133      0        89       11       97       62       126      153      92       117      76       89       97       44       131      122      118      84       
5        41       48       92       105      89       0        79       143      115      95       135      15       127      28       173      9        120      128      100      94       107      
6        43       65       131      122      11       79       0        94       69       115      143      84       120      69       96       87       47       122      112      107      77       
7        104      98       126      98       97       143      94       0        158      99       97       155      215      149      81       145      59       69       88       89       39       
8        99       125      192      189      62       115      69       158      0        181      212      109      64       89       127      124      100      192      180      174      147      
9        83       57       27       10       126      95       115      99       181      0        40       110      214      118      169      90       122      44       12       10       63       
10       118      93       57       30       153      135      143      97       212      40       0        150      250      157      176      130      138      28       34       41       74       
11       51       61       106      120      92       15       84       155      109      110      150      0        114      20       179      21       127      143      115      109      120      
12       132      157      217      223      117      127      120      215      64       214      250      114      0        99       192      135      160      235      216      210      195      
13       45       64       119      128      76       28       69       149      89       118      157      20       99       0        165      37       114      146      122      116      117      
14       132      142      193      171      89       173      96       81       127      169      176      179      192      165      0        179      54       148      160      158      106      
15       46       48       85       100      97       9        87       145      124      90       130      21       135      37       179      0        125      126      97       90       108      
16       79       89       144      126      44       120      47       59       100      122      138      127      160      114      54       125      0        111      115      112      64       
17       104      82       69       38       131      128      122      69       192      44       28       143      235      146      148      126      111      0        33       38       48       
18       84       59       39       11       122      100      112      88       180      12       34       115      216      122      160      97       115      33       0        6        54       
19       78       52       37       15       118      94       107      89       174      10       41       109      210      116      158      90       112      38       6        0        53       
20       71       60       89       65       84       107      77       39       147      63       74       120      195      117      106      108      64       48       54       53       0        
;



Table delta(i,j)                 Distance
         0        1        2        3        4        5        6        7        8        9        10       11       12       13       14       15       16       17       18       19       20       
0        0        1840     3320     5180     5000     2980     7940     2340     5300     2560     5360     1800     1140     5620     3260     1980     1380     3320     7780     5280     7840     
1        1840     0        158      172      162      137      309      159      179      68       189      73       62       195      144      11       41       200      308      222      316      
2        3320     158      0        295      284      289      414      281      307      101      183      220      193      220      299      149      184      330      435      380      449      
3        5180     172      295      0        10       193      138      270      14       196      192      187      209      156      186      171      191      284      140      170      154      
4        5000     162      284      10       0        189      147      263      23       185      184      180      200      150      182      161      182      279      151      172      165      
5        2980     137      289      193      189      0        319      85       190      205      307      68       99       297      14       148      104      90       286      119      280      
6        7940     309      414      138      147      319      0        400      134      322      265      324      347      219      308      306      329      407      73       254      105      
7        2340     159      281      270      263      85       400      0        269      221      348      93       98       348      98       171      117      49       371      197      365      
8        5300     179      307      14       23       190      134      269      0        207      206      189      213      170      182      179      195      280      130      159      142      
9        2560     68       101      196      185      205      322      221      207      0        141      140      123      160      212      57       106      265      337      283      350      
10       5360     189      183      192      184      307      265      348      206      141      0        257      252      46       309      178      231      385      309      344      333      
11       1800     73       220      187      180      68       324      93       189      140      257      0        33       255      79       84       36       128      307      174      307      
12       1140     62       193      209      200      99       347      98       213      123      252      33       0        256      111      73       21       142      334      208      336      
13       5620     195      220      156      150      297      219      348      170      160      46       255      256      0        297      185      234      380      265      318      290      
14       3260     144      299      186      182      14       308      98       182      212      309      79       111      297      0        155      115      98       274      104      267      
15       1980     11       149      171      161      148      306      171      179      57       178      84       73       185      155      0        53       211      309      230      317      
16       1380     41       184      191      182      104      329      117      195      106      231      36       21       234      115      53       0        159      319      205      323      
17       3320     200      330      284      279      90       407      49       280      265      385      128      142      380      98       211      159      0        369      180      359      
18       7780     308      435      140      151      286      73       371      130      337      309      307      334      265      274      309      319      369      0        200      31       
19       5280     222      380      170      172      119      254      197      159      283      344      174      208      318      104      230      205      180      200      0        184      
20       7840     316      449      154      165      280      105      365      142      350      333      307      336      290      267      317      323      359      31       184      0        
;

