
sets
i        orders          /0*10/
k        routes          /1*10/
p        positions       /0*10/
;

alias(i,j)
alias(i,h)
alias(i,hh)
alias(i,jj)
alias(k,kk)
                
                    Parameters

rho(i)	Processing time
/
0	0
1	45
2	21
3	66
4	60
5	29
6	32
7	11
8	53
9	10
10	91
/

gamma(i)	Duedate
/
0	0
1	20
2	95
3	29
4	69
5	3
6	46
7	2
8	24
9	92
10	80
/

sigma(i)	Size
/
0	0
1	4
2	3
3	2
4	1
5	2
6	9
7	4
8	9
9	4
10	8
/

epsilon(i)	Priority
/
0	0
1	8
2	3
3	5
4	6
5	7
6	6
7	6
8	6
9	8
10	8
/

psi	Vehicle Capacity
/ 19 /
;

Table kappa(i,j)                 Setup
         0        1        2        3        4        5        6        7        8        9        10       
0        0        12       65       58       60       19       43       58       45       11       17       
1        12       0        75       48       53       21       55       47       37       22       15       
2        65       75       0        123      124      79       41       122      111      54       82       
3        58       48       123      0        19       49       98       4        15       69       43       
4        60       53       124      19       0        45       93       24       17       70       42       
5        19       21       79       49       45       0        49       50       34       26       7        
6        43       55       41       98       93       49       0        98       83       33       54       
7        58       47       122      4        24       50       98       0        17       69       44       
8        45       37       111      15       17       34       83       17       0        56       29       
9        11       22       54       69       70       26       33       69       56       0        27       
10       17       15       82       43       42       7        54       44       29       27       0        
;



Table delta(i,j)                 Distance
         0        1        2        3        4        5        6        7        8        9        10       
0        0        1500     2620     2860     3140     800      1660     2960     1100     1580     1640     
1        1500     0        101      160      141      82       158      156      73       18       56       
2        2620     101      0        90       42       100      200      78       78       83       51       
3        2860     160      90       0        67       102      176      17       94       145      105      
4        3140     141      42       67       0        121      215      50       102      123      86       
5        800      82       100      102      121      0        99       108      22       78       59       
6        1660     158      200      176      215      99       0        188      122      162      158      
7        2960     156      78       17       50       108      188      0        96       141      100      
8        1100     73       78       94       102      22       122      96       0        63       38       
9        1580     18       83       145      123      78       162      141      63       0        40       
10       1640     56       51       105      86       59       158      100      38       40       0        
;

