
sets
i        orders          /0*10/
k        routes          /1*10/
p        positions       /0*10/
;

alias(i,j)
alias(i,h)
alias(i,hh)
alias(i,jj)
alias(k,kk)
                
                    Parameters

rho(i)	Processing time
/
0	0
1	23
2	5
3	75
4	73
5	8
6	67
7	33
8	83
9	94
10	54
/

gamma(i)	Duedate
/
0	0
1	48
2	14
3	42
4	94
5	37
6	42
7	5
8	90
9	24
10	40
/

sigma(i)	Size
/
0	0
1	2
2	1
3	4
4	5
5	8
6	6
7	5
8	9
9	1
10	4
/

epsilon(i)	Priority
/
0	0
1	7
2	2
3	2
4	7
5	6
6	1
7	4
8	2
9	4
10	4
/

psi	Vehicle Capacity
/ 22 /
;

Table kappa(i,j)                 Setup
         0        1        2        3        4        5        6        7        8        9        10       
0        0        86       68       83       87       41       61       70       73       90       124      
1        86       0        83       39       17       61       58       28       58       6        52       
2        68       83       0        50       70       34       24       55       27       82       89       
3        83       39       50       0        22       44       30       18       22       36       42       
4        87       17       70       22       0        55       47       18       43       13       40       
5        41       61       34       44       55       0        19       37       31       63       87       
6        61       58       24       30       47       19       0        30       12       58       72       
7        70       28       55       18       18       37       30       0        30       27       54       
8        73       58       27       22       43       31       12       30       0        56       62       
9        90       6        82       36       13       63       58       27       56       0        46       
10       124      52       89       42       40       87       72       54       62       46       0        
;



Table delta(i,j)                 Distance
         0        1        2        3        4        5        6        7        8        9        10       
0        0        1540     2560     3600     1840     1820     3820     1420     1900     1540     2800     
1        1540     0        184      163      25       90       120      144      80       58       164      
2        2560     184      0        161      184      116      259      72       132      204      73       
3        3600     163      161      0        142      89       146      191      88       218      89       
4        1840     25       184      142      0        78       99       153      65       83       154      
5        1820     90       116      89       78       0        142      114      16       136      76       
6        3820     120      259      146      99       142      0        246      126      171      206      
7        1420     144      72       191      153      114      246      0        126      146      119      
8        1900     80       132      88       65       16       126      126      0        131      90       
9        1540     58       204      218      83       136      171      146      131      0        204      
10       2800     164      73       89       154      76       206      119      90       204      0        
;

