
sets
i        orders          /0*10/
k        routes          /1*10/
p        positions       /0*10/
;

alias(i,j)
alias(i,h)
alias(i,hh)
alias(i,jj)
alias(k,kk)
                
                    Parameters

rho(i)	Processing time
/
0	0
1	40
2	76
3	94
4	34
5	64
6	55
7	71
8	73
9	50
10	69
/

gamma(i)	Duedate
/
0	0
1	43
2	19
3	85
4	65
5	73
6	54
7	66
8	53
9	11
10	13
/

sigma(i)	Size
/
0	0
1	5
2	7
3	3
4	5
5	6
6	2
7	1
8	3
9	6
10	9
/

epsilon(i)	Priority
/
0	0
1	1
2	3
3	3
4	6
5	4
6	2
7	6
8	4
9	9
10	5
/

psi	Vehicle Capacity
/ 28 /
;

Table kappa(i,j)                 Setup
         0        1        2        3        4        5        6        7        8        9        10       
0        0        47       87       122      80       13       27       85       57       82       68       
1        47       0        41       76       33       46       49       62       60       75       48       
2        87       41       0        34       24       83       80       81       77       76       75       
3        122      76       34       0        51       117      113      104      105      97       102      
4        80       33       24       51       0        79       81       56       86       92       52       
5        13       46       83       117      79       0        13       93       43       69       76       
6        27       49       80       113      81       13       0        102      29       56       86       
7        85       62       81       104      56       93       102      0        121      137      17       
8        57       60       77       105      86       43       29       121      0        27       106      
9        82       75       76       97       92       69       56       137      27       0        123      
10       68       48       75       102      52       76       86       17       106      123      0        
;



Table delta(i,j)                 Distance
         0        1        2        3        4        5        6        7        8        9        10       
0        0        4060     3560     2300     1040     2420     2740     2540     2400     720      1460     
1        4060     0        85       149      195      105      88       145      84       177      185      
2        3560     85       0        82       192      57       125      179      79       165      192      
3        2300     149      82       0        148      46       138      173      85       118      157      
4        1040     195      192      148      0        138      114      85       120      30       22       
5        2420     105      57       46       138      0        97       140      42       109      140      
6        2740     88       125      138      114      97       0        58       54       103      100      
7        2540     145      179      173      85       140      58       0        101      90       63       
8        2400     84       79       85       120      42       54       101      0        97       116      
9        720      177      165      118      30       109      103      90       97       0        43       
10       1460     185      192      157      22       140      100      63       116      43       0        
;

