
sets
i        orders          /0*10/
k        routes          /1*10/
p        positions       /0*10/
;

alias(i,j)
alias(i,h)
alias(i,hh)
alias(i,jj)
alias(k,kk)
                
                    Parameters

rho(i)	Processing time
/
0	0
1	16
2	39
3	78
4	29
5	68
6	52
7	57
8	94
9	91
10	48
/

gamma(i)	Duedate
/
0	0
1	78
2	51
3	16
4	20
5	58
6	7
7	84
8	7
9	64
10	61
/

sigma(i)	Size
/
0	0
1	5
2	3
3	6
4	2
5	9
6	5
7	8
8	6
9	1
10	2
/

epsilon(i)	Priority
/
0	0
1	3
2	8
3	7
4	1
5	6
6	1
7	4
8	5
9	8
10	3
/

psi	Vehicle Capacity
/ 39 /
;

Table kappa(i,j)                 Setup
         0        1        2        3        4        5        6        7        8        9        10       
0        0        64       66       85       94       112      58       25       28       13       79       
1        64       0        27       22       97       82       42       79       60       55       103      
2        66       27       0        45       70       55       18       73       50       62       80       
3        85       22       45       0        116      92       62       102      83       74       124      
4        94       97       70       116      0        50       55       79       65       100      31       
5        112      82       55       92       50       0        54       107      86       112      78       
6        58       42       18       62       55       54       0        59       36       57       62       
7        25       79       73       102      79       107      59       0        23       37       59       
8        28       60       50       83       65       86       36       23       0        35       54       
9        13       55       62       74       100      112      57       37       35       0        88       
10       79       103      80       124      31       78       62       59       54       88       0        
;



Table delta(i,j)                 Distance
         0        1        2        3        4        5        6        7        8        9        10       
0        0        1760     2560     3120     4340     2480     1120     2800     3700     3100     1820     
1        1760     0        66       82       180      90       41       52       156      166      132      
2        2560     66       0        31       115      38       72       73       94       126      123      
3        3120     82       31       0        115      64       99       67       102      150      154      
4        4340     180      115      115      0        95       172      182      33       106      160      
5        2480     90       38       64       95       0        77       110      67       88       93       
6        1120     41       72       99       172      77       0        91       143      136      93       
7        2800     52       73       67       182      110      91       0        166      197      177      
8        3700     156      94       102      33       67       143      166      0        77       127      
9        3100     166      126      150      106      88       136      197      77       0        70       
10       1820     132      123      154      160      93       93       177      127      70       0        
;

