

sets
i        orders          /0*40/
k        routes          /1*40/
p        positions       /0*40/
;

alias(i,j)
alias(i,h)
alias(i,hh)
alias(i,jj)
alias(k,kk)
                            Parameters

rho(i)	Processing time
/
0	0
1	14
2	45
3	32
4	12
5	7
6	90
7	6
8	75
9	67
10	57
11	88
12	61
13	64
14	70
15	87
16	16
17	16
18	1
19	70
20	3
21	12
22	50
23	48
24	41
25	99
26	85
27	72
28	92
29	67
30	13
31	70
32	62
33	84
34	37
35	21
36	19
37	31
38	81
39	20
40	82
/

gamma(i)	Duedate
/
0	0
1	79
2	56
3	65
4	28
5	67
6	1
7	76
8	58
9	46
10	90
11	1
12	63
13	75
14	9
15	78
16	68
17	65
18	62
19	14
20	22
21	54
22	55
23	4
24	96
25	48
26	50
27	33
28	32
29	62
30	80
31	61
32	75
33	66
34	9
35	91
36	13
37	16
38	41
39	82
40	11
/

sigma(i)	Size
/
0	0
1	6
2	6
3	8
4	9
5	9
6	2
7	7
8	9
9	2
10	6
11	1
12	4
13	7
14	2
15	6
16	3
17	6
18	6
19	8
20	4
21	7
22	9
23	5
24	4
25	4
26	6
27	8
28	7
29	4
30	5
31	2
32	7
33	2
34	4
35	9
36	6
37	7
38	1
39	9
40	3
/

epsilon(i)	Priority
/
0	0
1	5
2	8
3	6
4	5
5	6
6	3
7	6
8	6
9	6
10	4
11	7
12	4
13	3
14	6
15	2
16	2
17	2
18	2
19	4
20	4
21	1
22	2
23	1
24	2
25	2
26	3
27	1
28	3
29	5
30	2
31	6
32	6
33	9
34	5
35	2
36	3
37	7
38	9
39	4
40	1
/

psi	Vehicle Capacity
/ 30 /
;

Table kappa(i,j)                 Setup
         0        1        2        3        4        5        6        7        8        9        10       11       12       13       14       15       16       17       18       19       20       21       22       23       24       25       26       27       28       29       30       31       32       33       34       35       36       37       38       39       40       
0        0        660      1775     541      260      1600     1048     1297     1822     823      928      607      1473     473      748      1735     1202     325      1037     1109     971      1634     1297     1582     1279     1563     623      1236     225      824      1457     981      561      1424     1447     777      840      1642     1039     844      946      
1        660      0        1115     696      588      955      454      1213     1217     624      559      436      1004     258      148      1186     553      648      388      1174     464      1122     1370     966      939      1020     659      923      722      970      1025     612      199      1107     803      1033     884      982      480      872      841      
2        1775     1115     0        1662     1676     352      815      1743     570      1360     1156     1359     1033     1332     1043     799      607      1708     749      1886     972      900      2030     532      1278     786      1587     1319     1812     1823     1083     1154     1250     1379     406      1947     1712     135      892      1692     1553     
3        541      696      1662     0        742      1594     848      756      1541     379      563      305      1694     445      672      1389     1204     217      934      580      704      1260     775      1638     1587     1224     1063     1559     354      309      1036     598      754      1750     1273     337      1307     1529     1176     1305     1359     
4        260      588      1676     742      0        1459     1030     1479     1803     948      1003     711      1249     504      714      1754     1077     543      975      1323     995      1671     1517     1416     1034     1583     363      988      477      1044     1528     1060     425      1173     1390     1017     584      1547     864      587      686      
5        1600     955      352      1594     1459     0        801      1828     872      1354     1167     1291     681      1203     928      1057     402      1595     665      1920     969      1125     2086     184      931      996      1312     975      1677     1805     1249     1182     1045     1027     524      1909     1408     317      612      1387     1236     
6        1048     454      815      848      1030     801      0        1044     777      557      366      548      1153     575      316      732      480      914      183      1118     168      675      1287     897      1206     568      1102     1211     1034     1016     625      383      650      1367     426      1134     1313     683      659      1298     1235     
7        1297     1213     1743     756      1479     1828     1044     0        1377     590      698      811      2166     1052     1103     1134     1523     974      1217     293      885      979      316      1940     2149     1028     1761     2136     1104     526      719      665      1360     2317     1347     663      2008     1633     1639     2003     2021     
8        1822     1217     570      1541     1803     872      777      1377     0        1174     978      1273     1522     1349     1090     266      910      1655     842      1585     861      409      1689     1054     1711     352      1828     1739     1788     1606     658      947      1402     1840     463      1754     2008     554      1216     1990     1887     
9        823      624      1360     379      948      1354     557      590      1174     0        206      239      1598     475      523      1011     998      548      696      578      391      881      763      1434     1562     848      1190     1548     695      462      660      227      772      1730     957      592      1436     1232     1067     1429     1436     
10       928      559      1156     563      1003     1167     366      698      978      206      0        323      1468     500      426      833      831      697      524      752      198      715      923      1259     1468     665      1190     1461     839      667      530      56       739      1635     752      799      1428     1029     944      1418     1399     
11       607      436      1359     305      711      1291     548      811      1273     239      323      0        1438     241      378      1151     905      382      630      740      416      1038     937      1342     1369     980      954      1349     519      539      850      374      552      1536     975      621      1201     1225     909      1194     1210     
12       1473     1004     1033     1694     1249     681      1153     2166     1522     1598     1468     1438     0        1249     1076     1664     692      1606     969      2169     1291     1695     2360     504      315      1562     959      374      1631     1974     1746     1505     957      356      1098     2032     938      984      531      917      738      
13       473      258      1332     445      504      1203     575      1052     1349     475      500      241      1249     0        289      1269     802      392      583      966      503      1176     1165     1222     1150     1097     715      1126     481      735      1024     556      320      1315     982      783      961      1196     734      954      970      
14       748      148      1043     672      714      928      316      1103     1090     523      426      378      1076     289      0        1045     532      671      294      1093     316      976      1284     966      1047     877      807      1037     770      915      877      476      346      1214     699      999      1032     907      544      1020     982      
15       1735     1186     799      1389     1754     1057     732      1134     266      1011     833      1151     1664     1269     1045     0        1002     1530     850      1360     765      155      1449     1232     1816     172      1831     1836     1670     1413     417      792      1382     1958     566      1566     2033     752      1288     2017     1934     
16       1202     553      607      1204     1077     402      480      1523     910      998      831      905      692      802      532      1002     0        1194     307      1575     638      1013     1753     438      814      882      983      835      1275     1432     1053     858      655      958      449      1526     1126     487      309      1106     985      
17       325      648      1708     217      543      1595     914      974      1655     548      697      382      1606     392      671      1530     1194     0        960      786      795      1411     976      1614     1464     1360     884      1430     147      503      1206     742      648      1622     1338     478      1122     1572     1111     1122     1194     
18       1037     388      749      934      975      665      183      1217     842      696      524      630      969      583      294      850      307      960      0        1270     331      818      1447     738      1028     699      989      1036     1063     1140     799      551      562      1187     415      1244     1183     613      480      1167     1087     
19       1109     1174     1886     580      1323     1920     1118     293      1585     578      752      740      2169     966      1093     1360     1575     786      1270     0        950      1207     199      2008     2110     1233     1639     2089     898      287      943      740      1286     2277     1480     392      1884     1765     1637     1882     1925     
20       971      464      972      704      995      969      168      885      861      391      198      416      1291     503      316      765      638      795      331      950      0        676      1121     1062     1316     593      1122     1314     926      852      560      220      661      1481     573      975      1349     842      778      1336     1294     
21       1634     1122     900      1260     1671     1125     675      979      409      881      715      1038     1695     1176     976      155      1013     1411     818      1207     676      0        1294     1291     1821     132      1777     1836     1554     1268     263      669      1320     1970     608      1422     1989     835      1281     1974     1904     
22       1297     1370     2030     775      1517     2086     1287     316      1689     763      923      937      2360     1165     1284     1449     1753     976      1447     199      1121     1294     0        2183     2307     1338     1837     2287     1081     473      1033     904      1485     2474     1628     547      2081     1914     1828     2079     2124     
23       1582     966      532      1638     1416     184      897      1940     1054     1434     1259     1342     504      1222     966      1232     438      1614     738      2008     1062     1291     2183     0        774      1160     1228     821      1682     1871     1397     1280     1021     856      683      1964     1296     500      551      1274     1113     
24       1279     939      1278     1587     1034     931      1206     2149     1711     1562     1468     1369     315      1150     1047     1816     814      1464     1028     2110     1316     1821     2307     774      0        1692     704      60       1463     1885     1828     1514     833      167      1259     1920     639      1205     547      618      438      
25       1563     1020     786      1224     1583     996      568      1028     352      848      665      980      1562     1097     877      172      882      1360     699      1233     593      132      1338     1160     1692     0        1670     1708     1499     1264     314      626      1218     1839     477      1414     1877     712      1155     1861     1786     
26       623      659      1587     1063     363      1312     1102     1761     1828     1190     1190     954      959      715      807      1831     983      884      989      1639     1122     1777     1837     1228     704      1670     0        651      837      1372     1682     1246     460      828      1378     1363     247      1470     702      243      323      
27       1236     923      1319     1559     988      975      1211     2136     1739     1548     1461     1349     374      1126     1037     1836     835      1430     1036     2089     1314     1836     2287     821      60       1708     651      0        1424     1860     1835     1508     807      192      1283     1890     579      1242     556      558      378      
28       225      722      1812     354      477      1677     1034     1104     1788     695      839      519      1631     481      770      1670     1275     147      1063     898      926      1554     1081     1682     1463     1499     837      1424     0        610      1352     886      681      1615     1454     552      1062     1677     1159     1065     1156     
29       824      970      1823     309      1044     1805     1016     526      1606     462      667      539      1974     735      915      1413     1432     503      1140     287      852      1268     473      1871     1885     1264     1372     1860     610      0        1015     677      1053     2050     1419     157      1615     1694     1447     1614     1668     
30       1457     1025     1083     1036     1528     1249     625      719      658      660      530      850      1746     1024     877      417      1053     1206     799      943      560      263      1033     1397     1828     314      1682     1835     1352     1015     0        476      1221     1986     726      1170     1909     994      1280     1896     1850     
31       981      612      1154     598      1060     1182     383      665      947      227      56       374      1505     556      476      792      858      742      551      740      220      669      904      1280     1514     626      1246     1508     886      677      476      0        794      1680     748      815      1484     1029     985      1474     1452     
32       561      199      1250     754      425      1045     650      1360     1402     772      739      552      957      320      346      1382     655      648      562      1286     661      1320     1485     1021     833      1218     460      807      681      1053     1221     794      0        997      972      1089     691      1121     481      680      665      
33       1424     1107     1379     1750     1173     1027     1367     2317     1840     1730     1635     1536     356      1315     1214     1958     958      1622     1187     2277     1481     1970     2474     856      167      1839     828      192      1615     2050     1986     1680     997      0        1396     2082     721      1318     707      702      530      
34       1447     803      406      1273     1390     524      426      1347     463      957      752      975      1098     982      699      566      449      1338     415      1480     573      608      1628     683      1259     477      1378     1283     1454     1419     726      748      972      1396     0        1547     1549     286      753      1530     1424     
35       777      1033     1947     337      1017     1909     1134     663      1754     592      799      621      2032     783      999      1566     1526     478      1244     392      975      1422     547      1964     1920     1414     1363     1890     552      157      1170     815      1089     2082     1547     0        1599     1816     1513     1600     1671     
36       840      884      1712     1307     584      1408     1313     2008     2008     1436     1428     1201     938      961      1032     2033     1126     1122     1183     1884     1349     1989     2081     1296     639      1877     247      579      1062     1615     1909     1484     691      721      1549     1599     0        1606     822      21       201      
37       1642     982      135      1529     1547     317      683      1633     554      1232     1029     1225     984      1196     907      752      487      1572     613      1765     842      835      1914     500      1205     712      1470     1242     1677     1694     994      1029     1121     1318     286      1816     1606     0        783      1585     1453     
38       1039     480      892      1176     864      612      659      1639     1216     1067     944      909      531      734      544      1288     309      1111     480      1637     778      1281     1828     551      547      1155     702      556      1159     1447     1280     985      481      707      753      1513     822      783      0        802      676      
39       844      872      1692     1305     587      1387     1298     2003     1990     1429     1418     1194     917      954      1020     2017     1106     1122     1167     1882     1336     1974     2079     1274     618      1861     243      558      1065     1614     1896     1474     680      702      1530     1600     21       1585     802      0        180      
40       946      841      1553     1359     686      1236     1235     2021     1887     1436     1399     1210     738      970      982      1934     985      1194     1087     1925     1294     1904     2124     1113     438      1786     323      378      1156     1668     1850     1452     665      530      1424     1671     201      1453     676      180      0        
;



Table delta(i,j)                 Distance
         0        1        2        3        4        5        6        7        8        9        10       11       12       13       14       15       16       17       18       19       20       21       22       23       24       25       26       27       28       29       30       31       32       33       34       35       36       37       38       39       40       
0        0        660      3570     2580     750      600      930      2400     480      900      2970     1680     2250     3660     3840     3570     2640     2790     2280     3060     1890     840      4710     3120     3390     1020     2850     2520     1200     1980     2880     1320     2910     4650     2700     2430     1140     3030     540      3210     3690     
1        660      0        125      108      47       40       54       102      31       39       78       78       68       112      136      131      97       115      86       85       51       35       168      83       106      18       86       106      36       82       80       50       78       165      80       61       17       82       35       89       138      
2        3570     125      0        136      124      105      122      110      103      147      188      134      192      91       16       34       33       150      44       122      95       91       51       146      70       112      77       153      157      69       111      75       193      48       80       129      123      199      134      205      53       
3        2580     108      136      0        61       71       54       26       82       85       183      32       136      186      135      114      106      14       98       181      138      92       147      188      170      117      159      21       108      69       173      97       179      146      155      164      123      181      78       186      104      
4        750      47       124      61       0        21       7        60       30       30       122      31       84       143      131      118      91       67       80       127      87       44       156      130      131      59       115      58       51       60       120      57       118      153      111      107      63       121      18       127      117      
5        600      40       105      71       21       0        23       62       11       43       119      46       94       123      112      102      72       80       61       110      68       23       140      116      110      45       95       74       58       46       103      36       117      137      90       93       53       121      29       127      104      
6        930      54       122      54       7        23       0        53       33       36       129      25       90       146      128      114      89       61       78       132      91       46       152      135      133      65       118      53       57       57       125      58       125      150      113      112      70       128      25       134      113      
7        2400     102      110      26       60       62       53       0        72       89       180      41       142      166      109      88       81       40       73       166      123      78       121      176      148      107      139      46       111      45       157      80       177      120      136      152      115      181      78       186      78       
8        480      31       103      82       30       11       33       72       0        44       110      57       91       113      112      103      72       91       60       99       58       14       141      105      102      34       85       85       56       51       92       30       109      139      81       82       43       114      32       120      108      
9        900      39       147      85       30       43       36       89       44       0        99       53       54       150      156      145      115      88       104      124      90       58       183      121      142      57       123      76       23       88       120      74       94       180      118      100      56       96       13       101      146      
10       2970     78       188      183      122      119      129      180      110      99       0        151      70       135      202      203      166      187      157      88       93       110      237      64       142      80       122      175      77       159      94       122      11       234      117      65       69       18       105      22       212      
11       1680     78       134      32       31       46       25       41       57       53       151      0        104      168      137      119      101      36       91       157      115      70       156      161      154      90       140      28       76       65       149      79       147      154      136      137      94       149      46       154      114      
12       2250     68       192      136      84       94       90       142      91       54       70       104      0        173      203      195      163      135      151      134      114      101      233      119      171      84       150      122      35       140      134      117      60       230      144      107      75       58       66       61       198      
13       3660     112      91       186      143      123      146      166      113      150      135      168      173      0        107      122      95       198      96       48       60       99       140      75       21       93       28       195      146      121      41       89       144      137      32       70       98       152      141      157      140      
14       3840     136      16       135      131      112      128      109      112      156      202      137      203      107      0        23       40       149      51       138      110      102      35       162      86       125      94       153      167      72       127      86       206      32       96       144      136      212      142      219      42       
15       3570     131      34       114      118      102      114      88       103      145      203      119      195      122      23       0        36       128      45       147      114      96       38       169      101      123      105      134      159      57       136      81       205      35       106      149      134      211      131      218      19       
16       2640     97       33       106      91       72       89       81       72       115      166      101      163      95       40       36       0        120      11       114      78       62       71       134      75       87       73       121      127      37       103      46       170      68       74       113      98       175      102      182      49       
17       2790     115      150      14       67       80       61       40       91       88       187      36       135      198      149      128      120      0        111      191      149      103      161      196      182      125      171      13       111      83       183      109      182      160      167      173      131      184      82       189      118      
18       2280     86       44       98       80       61       78       73       60       104      157      91       151      96       51       45       11       111      0        110      72       51       82       128      77       77       72       112      116      28       99       36       160      79       72       107      88       166      90       172      55       
19       3060     85       122      181      127      110      132      166      99       124      88       157      134      48       138      147      114      191      110      0        42       88       174      27       59       68       44       185      114      127      11       86       98       171      41       27       68       105      119      110      163      
20       1890     51       95       138      87       68       91       123      58       90       93       115      114      60       110      114      78       149      72       42       0        46       146      57       56       32       36       143      86       85       34       44       99       143      30       35       39       105      82       112      127      
21       840      35       91       92       44       23       46       78       14       58       110      70       101      99       102      96       62       103      51       88       46       0        133      97       87       30       71       97       66       49       80       16       111      130      67       73       41       116      46       123      103      
22       4710     168      51       147      156      140      152      121      141      183      237      156      233      140      35       38       71       161      82       174      146      133      0        198      120      158      129      167      197      95       163      118      240      3        132      180      169      246      169      253      43       
23       3120     83       146      188      130      116      135      176      105      121      64       161      119      75       162      169      134      196      128      27       57       97       198      0        87       71       70       188      106      142      37       100      75       195      66       23       66       82       119      86       184      
24       3390     106      70       170      131      110      133      148      102      142      142      154      171      21       86       101      75       182      77       59       56       87       120      87       0        88       20       180      142      103      50       75       150      117      26       76       95       157      132      163      119      
25       1020     18       112      117      59       45       65       107      34       57       80       90       84       93       125      123      87       125      77       68       32       30       158      71       88       0        68       117      54       79       63       41       82       155      62       47       11       88       51       95       132      
26       2850     86       77       159      115      95       118      139      85       123      122      140      150      28       94       105      73       171      72       44       36       71       129      70       20       68       0        167      122      95       34       61       130      126      6        57       75       137      114      143      122      
27       2520     106      153      21       58       74       53       46       85       76       175      28       122      195      153      134      121      13       112      185      143      97       167      188      180      117      167      0        99       84       177      106      170      166      163      165      122      172      72       177      124      
28       1200     36       157      108      51       58       57       111      56       23       77       76       35       146      167      159      127      111      116      114      86       66       197      106      142      54       122      99       0        105      112      82       71       195      116      88       48       73       33       78       163      
29       1980     82       69       69       60       46       57       45       51       88       159      65       140      121      72       57       37       83       28       127      85       49       95       142      103      79       95       84       105      0        117      42       160      93       93       119      90       165      75       171      58       
30       2880     80       111      173      120      103      125      157      92       120      94       149      134      41       127      136      103      183      99       11       34       80       163      37       50       63       34       177      112      117      0        77       103      160      30       29       64       110      114      116      152      
31       1320     50       75       97       57       36       58       80       30       74       122      79       117      89       86       81       46       109      36       86       44       16       118      100      75       41       61       106      82       42       77       0        124      115      58       77       52       129      62       136      90       
32       2910     78       193      179      118      117      125      177      109      94       11       147      60       144      206      205      170      182      160      98       99       111      240      75       150      82       130      170      71       160      103      124      0        238      124      74       71       7        101      13       214      
33       4650     165      48       146      153      137      150      120      139      180      234      154      230      137      32       35       68       160      79       171      143      130      3        195      117      155      126      166      195      93       160      115      238      0        129      177      167      244      167      250      42       
34       2700     80       80       155      111      90       113      136      81       118      117      136      144      32       96       106      74       167      72       41       30       67       132      66       26       62       6        163      116      93       30       58       124      129      0        52       69       131      109      137      123      
35       2430     61       129      164      107      93       112      152      82       100      65       137      107      70       144      149      113      173      107      27       35       73       180      23       76       47       57       165      88       119      29       77       74       177      52       0        44       81       97       86       162      
36       1140     17       123      123      63       53       70       115      43       56       69       94       75       98       136      134      98       131      88       68       39       41       169      66       95       11       75       122      48       90       64       52       71       167      69       44       0        77       52       83       143      
37       3030     82       199      181      121      121      128      181      114      96       18       149      58       152      212      211      175      184      166      105      105      116      246      82       157      88       137      172      73       165      110      129      7        244      131      81       77       0        103      6        220      
38       540      35       134      78       18       29       25       78       32       13       105      46       66       141      142      131      102      82       90       119      82       46       169      119      132      51       114      72       33       75       114      62       101      167      109      97       52       103      0        109      132      
39       3210     89       205      186      127      127      134      186      120      101      22       154      61       157      219      218      182      189      172      110      112      123      253      86       163      95       143      177      78       171      116      136      13       250      137      86       83       6        109      0        226      
40       3690     138      53       104      117      104      113      78       108      146      212      114      198      140      42       19       49       118      55       163      127      103      43       184      119      132      122      124      163      58       152      90       214      42       123      162      143      220      132      226      0        
;

