

sets
i        orders          /0*10/
k        routes          /1*10/
p        positions       /0*10/
;

alias(i,j)
alias(i,h)
alias(i,hh)
alias(i,jj)
alias(k,kk)
                            Parameters

rho(i)	Processing time
/
0	0
1	29
2	38
3	64
4	63
5	94
6	10
7	39
8	87
9	74
10	68
/

gamma(i)	Duedate
/
0	0
1	59
2	66
3	81
4	46
5	28
6	14
7	54
8	63
9	62
10	56
/

sigma(i)	Size
/
0	0
1	8
2	6
3	5
4	4
5	5
6	5
7	3
8	8
9	9
10	6
/

epsilon(i)	Priority
/
0	0
1	1
2	7
3	6
4	2
5	1
6	1
7	2
8	3
9	6
10	7
/

psi	Vehicle Capacity
/ 41 /
;

Table kappa(i,j)                 Setup
         0        1        2        3        4        5        6        7        8        9        10       
0        0        8        89       19       10       86       42       53       69       96       52       
1        8        0        89       17       17       89       50       62       69       97       60       
2        89       89       0        72       96       42       107      107      21       15       93       
3        19       17       72       0        29       75       56       65       53       80       59       
4        10       17       96       29       0        88       33       46       75       101      46       
5        86       89       42       75       88       0        85       80       34       32       65       
6        42       50       107      56       33       85       0        14       85       107      23       
7        53       62       107      65       46       80       14       0        86       105      14       
8        69       69       21       53       75       34       85       86       0        27       73       
9        96       97       15       80       101      32       107      105      27       0        91       
10       52       60       93       59       46       65       23       14       73       91       0        
;



Table delta(i,j)                 Distance
         0        1        2        3        4        5        6        7        8        9        10       
0        0        320      390      200      250      370      170      290      270      210      330      
1        320      0        60       33       34       23       47       51       52       41       34       
2        390      60       0        26       26       46       24       10       12       19       31       
3        200      33       26       0        5        24       20       17       19       8        14       
4        250      34       26       5        0        21       24       19       22       12       9        
5        370      23       46       24       21       0        44       40       43       32       15       
6        170      47       24       20       24       44       0        15       12       13       34       
7        290      51       10       17       19       40       15       0        4        9        26       
8        270      52       12       19       22       43       12       4        0        10       30       
9        210      41       19       8        12       32       13       9        10       0        21       
10       330      34       31       14       9        15       34       26       30       21       0        
;

