

sets
i        orders          /0*10/
k        routes          /1*10/
p        positions       /0*10/
;

alias(i,j)
alias(i,h)
alias(i,hh)
alias(i,jj)
alias(k,kk)
                            Parameters

rho(i)	Processing time
/
0	0
1	14
2	86
3	98
4	95
5	71
6	46
7	66
8	70
9	72
10	98
/

gamma(i)	Duedate
/
0	0
1	27
2	65
3	84
4	64
5	81
6	92
7	78
8	33
9	14
10	78
/

sigma(i)	Size
/
0	0
1	4
2	2
3	4
4	4
5	7
6	5
7	6
8	8
9	6
10	3
/

epsilon(i)	Priority
/
0	0
1	9
2	2
3	2
4	9
5	6
6	9
7	6
8	9
9	1
10	5
/

psi	Vehicle Capacity
/ 36 /
;

Table kappa(i,j)                 Setup
         0        1        2        3        4        5        6        7        8        9        10       
0        0        331      442      525      87       408      46       483      455      506      214      
1        331      0        527      315      249      419      348      404      381      361      138      
2        442      527      0        417      468      126      487      234      227      324      415      
3        525      315      417      0        477      292      563      190      190      99       330      
4        87       249      468      477      0        410      99       466      437      473      149      
5        408      419      126      292      410      0        454      122      107      204      324      
6        46       348      487      563      99       454      0        528      499      548      243      
7        483      404      234      190      466      122      528      0        28       92       347      
8        455      381      227      190      437      107      499      28       0        98       320      
9        506      361      324      99       473      204      548      92       98       0        337      
10       214      138      415      330      149      324      243      347      320      337      0        
;



Table delta(i,j)                 Distance
         0        1        2        3        4        5        6        7        8        9        10       
0        0        1220     1820     1340     920      720      1230     2140     3240     2380     1990     
1        1220     0        175      30       89       144      57       92       296      124      197      
2        1820     175      0        151      235      121      118      229      142      191      22       
3        1340     30       151      0        118      140      34       92       267      104      173      
4        920      89       235      118      0        154      132      161      370      211      256      
5        720      144      121      140      154      0        113      232      261      233      134      
6        1230     57       118      34       132      113      0        124      241      120      140      
7        2140     92       229      92       161      232      124      0        318      74       249      
8        3240     296      142      267      370      261      241      318      0        254      127      
9        2380     124      191      104      211      233      120      74       254      0        209      
10       1990     197      22       173      256      134      140      249      127      209      0        
;

