

sets
i        orders          /0*10/
k        routes          /1*10/
p        positions       /0*10/
;

alias(i,j)
alias(i,h)
alias(i,hh)
alias(i,jj)
alias(k,kk)
                            Parameters

rho(i)	Processing time
/
0	0
1	88
2	91
3	73
4	82
5	46
6	61
7	21
8	71
9	83
10	32
/

gamma(i)	Duedate
/
0	0
1	11
2	98
3	94
4	54
5	21
6	18
7	71
8	37
9	9
10	35
/

sigma(i)	Size
/
0	0
1	9
2	4
3	1
4	9
5	7
6	6
7	1
8	5
9	1
10	4
/

epsilon(i)	Priority
/
0	0
1	6
2	6
3	2
4	7
5	9
6	4
7	9
8	1
9	5
10	8
/

psi	Vehicle Capacity
/ 32 /
;

Table kappa(i,j)                 Setup
         0        1        2        3        4        5        6        7        8        9        10       
0        0        205      403      207      561      91       345      106      304      405      180      
1        205      0        273      183      383      136      223      166      233      286      215      
2        403      273      0        457      519      313      465      302      499      519      261      
3        207      183      457      0        391      217      154      258      97       205      337      
4        561      383      519      391      0        514      239      549      316      212      595      
5        91       136      313      217      514      0        324      41       303      387      120      
6        345      223      465      154      239      324      0        364      80       63       430      
7        106      166      302      258      549      41       364      0        345      427      81       
8        304      233      499      97       316      303      80       345      0        113      419      
9        405      286      519      205      212      387      63       427      113      0        494      
10       180      215      261      337      595      120      430      81       419      494      0        
;



Table delta(i,j)                 Distance
         0        1        2        3        4        5        6        7        8        9        10       
0        0        1000     460      2450     1320     2990     1800     1100     2030     340      530      
1        1000     0        80       187      139      322      235      185      204      122      106      
2        460      80       0        254      162      338      224      156      234      48       91       
3        2450     187      254      0        141      231      238      248      127      279      205      
4        1320     139      162      141      0        183      113      107      72       166      80       
5        2990     322      338      231      183      0        138      211      122      328      247      
6        1800     235      224      238      113      138      0        76       117      202      136      
7        1100     185      156      248      107      211      76       0        152      128      78       
8        2030     204      234      127      72       122      117      152      0        236      150      
9        340      122      48       279      166      328      202      128      236      0        86       
10       530      106      91       205      80       247      136      78       150      86       0        
;

